47.1675593,27.5684313
47.1667155,27.5700342
47.1664914,27.5703818
47.1664943,27.5703844
47.1665642,27.5721726
47.1671854,27.575005
47.1661697,27.5783599
47.1656692,27.5803382
47.1655163,27.5811556
47.1647435,27.583559
47.1642392,27.5852467
47.1638864,27.5871441
47.1640896,27.589722
47.1642414,27.5907625
47.163698,27.592967
47.1619534,27.5949277
47.160848,27.591921
47.1599701,27.5890331
47.1595092,27.5880555
47.1587116,27.586455
47.1571971,27.5849999
47.1548264,27.5863306
47.1531721,27.5879791
47.1527514,27.5882858
47.1518802,27.5877418
47.1512002,27.5885393
47.1509298,27.5894801
47.1492589,27.5945753
47.1488109,27.5970124
47.1482741,27.6007697
47.1477855,27.6043423
47.1472513,27.6081136
47.1470922,27.6091135
47.1460429,27.6166454
47.1457112,27.6187287
47.1453734,27.6211735
47.1445101,27.6273114
47.143643,27.6334238
47.1433422,27.6367419
47.1433684,27.6423157
47.1432123,27.6433942
47.1432136,27.6433943
47.1432133,27.6433933
47.1432777,27.6435618
47.1436526,27.6433297
47.1436484,27.6433274
47.1436462,27.643324
47.1433859,27.6404052
47.1433934,27.6357174
47.1441903,27.6295509
47.1452913,27.6219148
47.1456839,27.6191656
47.1468257,27.6110034
47.1473505,27.6073855
47.1479958,27.6030269
47.148128,27.6020424
47.1484184,27.5998495
47.1491191,27.5951005
47.1491191,27.595102
47.1491225,27.595095
47.1505747,27.5905944
47.1511164,27.5889135
47.1517606,27.5877858
47.1524362,27.5882869
47.1561185,27.5852675
47.1593019,27.5877272
47.1600685,27.5895685
47.1614015,27.5939774
47.1631049,27.5940051
47.1641728,27.5918763
47.1641523,27.5902338
47.1638715,27.5886663
47.1641582,27.5856558
47.1645781,27.5841888
47.1653849,27.5814728
47.1658266,27.5799479
47.1668601,27.5760679
47.1679425,27.572834
47.1691827,27.5693854
47.1684498,27.5686579
47.1684397,27.5686845
47.1680096,27.5682499
47.1707529,27.562032
47.171779,27.559835
47.1730345,27.5540176
47.1734214,27.5523419
47.1734465,27.5521821
47.1735649,27.5507169
47.173467,27.5484584
47.1733139,27.5453057
47.1731445,27.5420155
47.1729431,27.5400743
47.1722504,27.5376139
47.1722523,27.5376205
47.1722538,27.5376228
47.1722561,27.5376255
47.1730034,27.5404109
47.1731932,27.5432541
47.1733226,27.5447865
47.1733209,27.5453098
47.1734838,27.5487678
47.1735234,27.5504273
47.1735626,27.5508955
47.1732696,27.5530255
47.172942,27.5547862
47.1719451,27.5593002
47.1708903,27.5616885
47.1680079,27.5674174
47.1664803,27.5703179
47.1662172,27.5708543
47.16726,27.5738174
47.1661663,27.5783522
47.1655214,27.5810632
47.1649217,27.5830544
47.1645516,27.5842432
47.1641407,27.5856903
47.1638179,27.5877215
47.1642343,27.5907191
47.1642631,27.5916915
47.1622374,27.594726
47.1608435,27.5920356
47.1596903,27.5884785
47.1592563,27.58747
47.1572267,27.5850093
47.1557715,27.5853314
47.1543422,27.5867659
47.1536341,27.5874268
47.1532857,27.5878344
47.1523665,27.588157
47.1520231,27.5879135
47.151879,27.587789
47.151231,27.5883395
47.1509032,27.5894753
47.1495693,27.5935471
47.1495573,27.593828
47.1492534,27.5946134
47.1489764,27.5957243
47.1482875,27.6005303
47.1481154,27.6016959
47.1472874,27.6075243
47.1472558,27.6077777
47.1472399,27.6080593
47.1471649,27.6084438
47.1471032,27.6087158
47.1471056,27.608717
47.1460329,27.6164761
47.1457576,27.6185536
47.1453469,27.6213806
47.1442333,27.6291739
47.1435728,27.6338029
47.1433444,27.639384
47.1433696,27.6423688
47.1431852,27.643364
47.1435951,27.6433682
47.1433651,27.6388465
47.1435872,27.6339424
47.1442639,27.6292488
47.14543,27.6210821
47.1454537,27.6209211
47.1465094,27.6133814
47.1468596,27.6109435
47.1479765,27.6031882
47.1483272,27.6006211
47.1491437,27.5950924
47.1491689,27.5950019
47.1504927,27.5908044
47.1510815,27.5891738
47.1514317,27.5878091
47.1518415,27.5878459
47.1538712,27.5873115
47.1577936,27.5851643
47.1592524,27.5876665
47.1595788,27.588324
47.1603528,27.5904096
47.1617482,27.5948669
47.1636149,27.5931109
47.1641818,27.5902477
47.163863,27.5885707
47.1638546,27.5869963
47.1641303,27.5854747
47.1644132,27.5846212
47.16519,27.5820896
47.1655566,27.5807584
47.1663632,27.5777728
47.1677669,27.5731624
47.1689144,27.5702725
47.1681932,27.5684119
47.1681868,27.5684116
47.167966,27.5675558
47.1710198,27.5614828
47.1719934,27.5591748
47.173356,27.5527799
47.1734181,27.5523197
47.1735526,27.5498806
47.1733921,27.5467393
47.1732888,27.5446992
47.172937,27.5401784
47.1727288,27.5374427
47.1722801,27.5375826
47.1722869,27.5375713
47.1722877,27.5375688
47.1722866,27.537568
47.1728735,27.5388185
47.1730689,27.5414626
47.1732378,27.5447825
47.1734067,27.5477783
47.1735082,27.550135
47.1735734,27.5508822
47.1723901,27.5571707
47.1715156,27.5603246
47.168518,27.5664655
47.1666347,27.5699699
47.1664143,27.5704004
47.166415,27.5703993
47.16644,27.5719541
47.1666377,27.5767001
47.1656695,27.5802247
47.1654013,27.5813189
47.1647046,27.583913
47.1644819,27.5844897
47.1639248,27.5865279
47.1641171,27.5900828
47.1642651,27.5915394
47.162805,27.5942559
47.1610709,27.5927228
47.1607292,27.5916334
47.1593688,27.5877592
47.1583371,27.5858238
47.1557947,27.5853777
47.1527739,27.5882555
47.1523369,27.5881158
47.1512009,27.588378
47.1507138,27.5900212
47.1496823,27.5931453
47.1494754,27.5938572
47.1490893,27.5951761
47.148209,27.6006966
47.1476933,27.604439
47.1470675,27.6086647
47.1464586,27.6133262
47.1456844,27.6187453
47.1452894,27.621534
47.1440924,27.6297569
47.1432915,27.6362484
47.1431492,27.6432273
47.1431854,27.6433908
47.1432852,27.643582
47.1436221,27.6433517
47.1436204,27.6433522
47.1436183,27.6433525
47.1436088,27.6430877
47.1433602,27.638496
47.1437574,27.6328857
47.1448918,27.6248975
47.1454525,27.6210325
47.146691,27.6122965
47.1472133,27.6084016
47.1481392,27.6019575
47.1486831,27.5980223
47.1491264,27.5951149
47.1491251,27.595114
47.1491185,27.5951099
47.1510128,27.5891864
47.1513241,27.5880289
47.1518199,27.5878069
47.1542003,27.5869778
47.1582157,27.5856332
47.1594562,27.587987
47.1603503,27.5904426
47.1615924,27.5944634
47.1635804,27.5930694
47.1641981,27.5903743
47.1638862,27.5886499
47.1638036,27.5881807
47.1641755,27.5854631
47.1648243,27.5832908
47.1655666,27.5807609
47.1656055,27.5806142
47.1665723,27.5770341
47.1688296,27.5704008
47.1682269,27.5684399
47.1682216,27.5684483
47.1678721,27.5679462
47.1709946,27.5613753
47.1711833,27.5609448
47.1732929,27.5529597
47.1734019,27.552293
47.1735322,27.5496068
47.1733364,27.546657
47.1732487,27.5445232
47.1729364,27.5399857
47.172265,27.537506
47.1722816,27.5375009
47.1722861,27.5374993
47.1722892,27.5375005
47.1722911,27.5375009
47.1722929,27.5375005
47.1728268,27.5390717
47.1732524,27.545289
47.1734756,27.5501401
47.1724174,27.5570767
47.1710164,27.5613861
47.1675453,27.5682975
47.1666292,27.5700119
47.1663985,27.5704342
47.1663984,27.570434
47.1665001,27.5720655
47.1669609,27.575538
47.1657257,27.5799563
47.1654747,27.5808497
47.164919,27.583031
47.1644879,27.5843094
47.1641009,27.585684
47.1638231,27.5877132
47.1642451,27.590772
47.1441483,27.6298635
47.1452857,27.6218667
47.1468075,27.6111214
47.1652384,27.572428
