47.1647117,27.5737407
47.1647121,27.5737421
47.1647123,27.5737428
47.1647117,27.573743
47.1647133,27.5737418
47.1647136,27.5737422
47.1647142,27.5737423
47.1647017,27.5737491
47.1647026,27.5737497
47.1647028,27.5737501
47.164704,27.5737508
47.1647024,27.573749
47.1647033,27.5737484
47.1647031,27.5737495
47.1647037,27.5737493
47.1647053,27.5737486
47.1647055,27.5737491
47.1647056,27.5737491
47.1647045,27.57375
47.1647062,27.5737494
47.1647055,27.5737489
47.1647049,27.5737495
47.1647061,27.573749
47.1647066,27.5737484
47.1647068,27.5737491
47.1647073,27.5737494
47.1647076,27.5737504
47.164709,27.5737489
47.1647089,27.5737503
47.1647085,27.57375
47.1647086,27.5737498
47.1647047,27.5737462
47.1647042,27.5737466
47.1647044,27.5737455
47.164704,27.5737456
47.1647049,27.5737452
47.1647049,27.5737454
47.1647054,27.5737459
47.1647058,27.5737471
47.1647056,27.5737472
47.1647052,27.573747
47.1647052,27.5737469
47.1647049,27.5737473
47.1647053,27.5737469
47.1647049,27.5737476
47.1647047,27.573748
47.1647043,27.5737495
47.1647039,27.5737497
47.1647041,27.5737497
47.1647041,27.5737494
47.1647039,27.5737494
47.1647039,27.57375
47.1647037,27.57375
47.164703,27.5737503
47.1647027,27.5737504
47.1647024,27.5737508
47.1647018,27.5737508
47.1647013,27.5737513
47.1647008,27.5737519
47.1647008,27.5737523
47.1647005,27.5737525
47.1647007,27.5737526
47.1647004,27.573753
47.1647004,27.5737535
47.1647005,27.5737535
47.1646977,27.573743
47.164698,27.573743
47.1646984,27.57374
47.164699,27.5737386
47.1646984,27.5737394
47.1646976,27.5737407
47.1646966,27.5737415
47.1646718,27.5737613
47.164686,27.5737577
47.1647225,27.5737655
47.1646995,27.573781
47.1646954,27.5737777
47.1646533,27.5737711
47.1646577,27.5737505
47.1646611,27.5737562
47.1646625,27.573757
47.1646642,27.5737581
47.1646649,27.5737589
47.1646655,27.5737594
47.1646665,27.5737608
47.1647026,27.5737292
47.1647051,27.5737093
47.1647025,27.5737115
47.164711,27.5737593
47.1647376,27.5737505
47.164713,27.573746
47.1647123,27.5737455
47.1647116,27.5737445
47.1647109,27.5737443
47.1647109,27.5737448
47.1647108,27.5737466
47.1647091,27.573746
47.1647096,27.5737413
47.1647151,27.5737608
47.1647185,27.5737771
47.1647093,27.573769
47.1647075,27.5737643
47.1647101,27.5737802
47.1647102,27.573787
47.1647098,27.5737866
47.1647097,27.5737867
47.1647095,27.5737856
47.1647098,27.5737853
47.1647096,27.5737852
47.1647095,27.5737851
47.1647091,27.5737846
47.1647136,27.5738184
47.1647128,27.5738177
47.164712,27.5738168
47.1647116,27.5738174
47.1647118,27.5738174
47.1647031,27.5738398
47.1646809,27.5738862
47.1646803,27.5738858
47.1646806,27.5738848
47.1646801,27.5738836
47.1646799,27.5738822
47.1646804,27.5738817
47.1646885,27.5738718
47.1646884,27.5738715
47.1646882,27.5738712
47.1646882,27.5738691
47.1646886,27.5738685
47.1646887,27.573869
47.164689,27.5738687
47.1646965,27.5738713
47.1646966,27.5738698
47.1646977,27.5738667
47.1646974,27.5738664
47.1647075,27.5738173
47.1647082,27.5738165
47.1647082,27.5738155
47.1646983,27.5738027
47.1646987,27.5737964
47.1646986,27.5737952
47.1646973,27.5737945
47.1646968,27.573793
47.1646975,27.5737877
47.1646981,27.5737825
47.1646991,27.5737798
47.1646987,27.5737792
47.1646989,27.5737701
47.1646888,27.5737711
47.1646938,27.5737285
47.1647063,27.5737155
47.1647064,27.5737157
47.1647064,27.5737156
47.1647114,27.573749
47.1646945,27.5737723
47.1646943,27.5737746
47.1646948,27.5737752
47.1646959,27.5737787
47.1646959,27.573779
47.1646965,27.5737781
47.164699,27.5737697
47.1647004,27.5737642
47.1647009,27.5737618
47.1647011,27.5737594
47.1647012,27.5737595
47.1647014,27.573759
47.1647017,27.5737584
47.1647022,27.5737577
47.1647049,27.5737457
47.1647054,27.5737511
47.1646948,27.5737675
47.1646969,27.5737804
47.1647014,27.5737807
47.164689,27.5737797
47.1646889,27.5737784
47.1647032,27.573758
47.1647026,27.5737444
47.1647114,27.5737487
47.1647114,27.5737468
47.1647165,27.573737
47.1647156,27.5737368
47.1647291,27.5737481
47.164729,27.5737482
47.1647181,27.5737788
47.1647171,27.5737777
47.1647173,27.5737765
47.164717,27.5737765
47.1647174,27.573776
47.1647178,27.5737766
47.1647174,27.5737759
47.1647159,27.5737746
47.1647162,27.5737738
47.1647166,27.5737731
47.1647168,27.573772
47.1647179,27.5737667
47.1647176,27.573766
47.1647181,27.5737655
47.1647184,27.5737643
47.1647181,27.5737633
47.1647181,27.5737627
47.1647184,27.5737624
47.1647189,27.5737627
47.1647198,27.5737617
47.1647189,27.5737609
47.1647187,27.5737606
47.1647189,27.5737608
47.1647179,27.5737607
47.1647179,27.5737603
47.1647191,27.5737587
47.1647184,27.573759
47.1647189,27.5737586
47.1647187,27.573758
47.1647183,27.5737575
47.1647164,27.5737583
47.1647165,27.5737586
47.1647163,27.5737584
47.1647169,27.5737562
47.1647178,27.573754
47.1647188,27.5737512
47.1647189,27.5737501
47.1647185,27.5737495
47.1647171,27.5737489
47.1647168,27.5737486
47.1647165,27.5737479
47.1647165,27.5737473
47.1647159,27.5737472
47.1647159,27.5737478
47.1647157,27.5737471
47.1647154,27.5737461
47.164716,27.573746
47.1647152,27.573745
47.1647152,27.5737448
47.164715,27.5737442
47.164715,27.5737441
47.1647143,27.5737451
47.1647138,27.5737457
47.1647142,27.573745
47.1647147,27.5737447
47.1647145,27.5737456
47.1647148,27.5737455
47.1647145,27.5737461
47.1647142,27.5737466
47.1646788,27.5737457
47.1646742,27.5737587
47.1646743,27.5737597
47.1646794,27.5737804
47.1646799,27.5737795
47.1646804,27.5737793
47.1646629,27.5737815
47.1646643,27.5737824
47.1646645,27.5737827
47.1646664,27.573782
47.1646688,27.573783
47.1646694,27.5737821
47.1646689,27.5737807
47.1646696,27.5737806
47.1646701,27.5737801
47.1646723,27.5737776
47.1646751,27.5737745
47.1646769,27.5737732
47.1646781,27.5737718
47.1646793,27.5737713
47.1646814,27.573771
47.1646827,27.573771
47.1646832,27.573771
47.1646834,27.573771
47.164683,27.5737705
47.1646824,27.5737697
47.1646833,27.5737692
47.1646847,27.5737697
47.1647226,27.5737678
47.1647225,27.5737379
47.164721,27.5737394
47.1646947,27.5737349
47.164695,27.5737324
47.1646955,27.5737333
47.1646953,27.5737347
47.1647091,27.5737243
47.1647171,27.573748
47.1647166,27.5737475
47.1647038,27.5737695
47.1647033,27.5737696
47.164706,27.5737732
47.1647234,27.5737693
47.1647034,27.5737627
47.164703,27.5737622
47.1647023,27.5737619
47.1646792,27.5737272
47.1646907,27.5737596
47.1646941,27.5737713
47.1647233,27.5737229
47.1647397,27.5736774
47.1647398,27.5736766
47.1647393,27.5736771
47.1647383,27.573685
47.1647248,27.5736839
47.1646876,27.5736952
47.1647033,27.5737018
47.1646864,27.5737083
47.1646898,27.5737151
47.1646894,27.5737147
47.1647031,27.5737293
47.1647218,27.5737006
47.164722,27.5736996
47.1647511,27.5736895
47.1647125,27.5736673
47.1647147,27.5736942
47.164714,27.5736939
47.1647095,27.5736771
47.1647093,27.5736771
47.1646865,27.5736867
47.1646845,27.5736787
47.164697,27.5736994
47.1647086,27.5736882
47.1646558,27.5733926
47.1646557,27.5733923
47.1646557,27.5733936
47.164626,27.5734257
47.1907329,27.559298
47.1904726,27.5602419
47.1906201,27.5596233
47.1908165,27.5591943
47.1906971,27.55966
47.1905849,27.5600968
47.1907388,27.5596744
47.1907383,27.5596685
47.1907437,27.5596465
47.1906663,27.5588647
47.1905422,27.5582189
47.1906515,27.5578594
47.1906669,27.5583273
47.1905187,27.5585208
47.1905207,27.5585215
47.1905221,27.5585188
47.1905231,27.5585206
47.1905239,27.5585243
47.1871849,27.56223
47.1845981,27.5643547
47.1813371,27.5674589
47.1795568,27.5693891
47.175462,27.5729681
47.1741711,27.5733516
47.1727407,27.5740633
47.1693309,27.5768962
47.167531,27.5770895
47.1658867,27.576439
47.1659999,27.5779799
47.1647035,27.5816505
47.1647155,27.5816628
47.1647185,27.5816702
47.1647241,27.5816761
47.1647213,27.5816924
47.1647058,27.5817367
47.164144,27.5850857
47.1634408,27.5863179
47.1637893,27.5885426
47.1638706,27.5885394
47.1640563,27.5889372
47.1640551,27.5889369
47.1640586,27.5889642
47.164079,27.589067
47.1643571,27.5917303
47.1623921,27.5946109
47.1617091,27.5945868
47.160873,27.5917439
47.1598183,27.5882211
47.158764,27.5859858
47.1558332,27.5852594
47.1535854,27.5881768
47.1496689,27.5858347
47.14834,27.5847003
47.1455772,27.5823535
47.1427721,27.5803191
47.1398026,27.5789313
47.1390745,27.5782095
47.1378093,27.5766436
47.1331943,27.5718201
47.1296614,27.5693655
47.1292826,27.5690891
47.1239757,27.5672478
47.1232963,27.5678991
47.1234708,27.567458
47.1234869,27.5678265
47.1236597,27.5676022
47.1288005,27.5688833
47.1310878,27.5706472
47.1338773,27.572615
47.134377,27.5724958
47.13856,27.5775824
47.1407695,27.5796801
47.1434834,27.5808476
47.1468063,27.5836405
47.1491968,27.585709
47.1502234,27.586509
47.1506627,27.5868995
47.1513551,27.5877277
47.1546977,27.5864961
47.1583114,27.5855199
47.1580513,27.5855207
47.158055,27.5855218
47.1580574,27.5855225
47.1599907,27.5877656
47.1615107,27.5925868
47.1629373,27.594225
47.1641576,27.5919308
47.1642647,27.5904012
47.1639306,27.5886676
47.1639616,27.586147
47.1643163,27.5850131
47.1639929,27.5844937
47.1648146,27.5828566
47.1655145,27.5809256
47.1656477,27.5797778
47.1676871,27.5768874
47.1689327,27.5765512
47.1716209,27.5747862
47.17398,27.5727126
47.1748652,27.5719121
47.1759502,27.5712937
47.1794658,27.5683237
47.1809328,27.5671072
47.1830588,27.5652015
47.1846668,27.5637947
47.1864834,27.5624222
47.189867,27.5594838
47.1909185,27.5591609
47.1908925,27.5592633
47.1904807,27.5583528
47.1906686,27.5583858
47.1906511,27.558433
47.1905336,27.5584543
47.1905241,27.5584552
47.1906742,27.5584096
47.1906728,27.5584087
47.1880699,27.5609517
47.1863373,27.5622818
47.1847343,27.5637842
47.1822821,27.5658725
47.1805782,27.5673328
47.1793866,27.5683598
47.1765785,27.57066
47.1750864,27.5720454
47.1744117,27.5724953
47.1722194,27.574388
47.1693124,27.5766953
47.1676629,27.576826
47.1660587,27.5779443
47.1650669,27.5803899
47.1653693,27.5816563
47.1647387,27.5841912
47.1643246,27.5854492
47.1640517,27.5874544
47.164283,27.5906148
47.1643924,27.5911674
47.1640423,27.5925927
47.1619618,27.5947478
47.1610888,27.5921004
47.1598036,27.588052
47.1591757,27.5873588
47.1572939,27.5849196
47.1560962,27.5853257
47.1538866,27.5874162
47.1517945,27.5876981
47.1502885,27.5863894
47.1493644,27.5856143
47.1459143,27.5828334
47.1427984,27.5801871
47.141612,27.5798258
47.138893,27.578222
47.1363018,27.5745822
47.1332115,27.5719293
47.1304169,27.5700473
47.1286265,27.5686938
47.1247536,27.5673224
47.1247658,27.5673532
47.1238677,27.5673298
47.1227956,27.5680339
47.1235289,27.5677148
47.1235237,27.5677383
47.1235369,27.5678441
47.1235357,27.567841
47.1235347,27.5678378
47.1234281,27.5676525
47.1234297,27.5676544
47.1234322,27.5676603
47.1234336,27.5676601
47.1287411,27.5687567
47.1293291,27.5692636
47.1342554,27.5725058
47.1361819,27.57453
47.1384047,27.5775573
47.1396449,27.578857
47.143407,27.5807579
47.1477996,27.5843299
47.1493936,27.585671
47.1504639,27.5865577
47.1517657,27.5876657
47.1528062,27.5883518
47.1567631,27.5852525
47.1585529,27.5861485
47.1595039,27.5879063
47.1604108,27.5903004
47.1610636,27.5931776
47.161675,27.5944787
47.1616626,27.5943842
47.1624535,27.5946812
47.1633611,27.5937413
47.1640334,27.5926248
47.1642419,27.5903082
47.1640674,27.5889368
47.1641751,27.5869557
47.1646236,27.584742
47.1652658,27.5821972
47.1658729,27.5811743
47.1663629,27.578191
47.1688532,27.5768659
47.1720578,27.5752587
47.1731237,27.5739957
47.1752006,27.5716576
47.1758109,27.5718763
47.1785274,27.5691518
47.1807605,27.5670861
47.1828989,27.5654358
47.1849083,27.5639319
47.1869071,27.5626007
47.1900486,27.5593187
47.1903189,27.5591609
47.1902548,27.5591802
47.1903392,27.5591249
47.1909034,27.5594336
47.1907963,27.5595304
47.1908266,27.5593553
47.1908051,27.5593858
47.1906698,27.5593332
47.1905428,27.5590419
47.1906425,27.5590679
47.164068,27.5891582
47.1641785,27.5729317
47.1641784,27.5729328
47.1651672,27.5728536
