47.1906703,27.5583403
47.1906364,27.5583828
47.1906924,27.5584141
47.1906425,27.558426
47.1865266,27.5620494
47.1857876,27.5627491
47.1845881,27.5637468
47.1818496,27.5660243
47.1804879,27.5671711
47.1773078,27.5700578
47.1750875,27.572036
47.1744733,27.5723435
47.1712791,27.5750354
47.1691053,27.5766282
47.1666974,27.5773424
47.1657607,27.5798809
47.1655477,27.5812596
47.1647639,27.5834458
47.164209,27.5852375
47.1638192,27.5883162
47.1641469,27.5903971
47.1640496,27.5913901
47.1641467,27.5898824
47.1640832,27.5891558
47.1640355,27.5862344
47.1645724,27.584258
47.1651806,27.5823106
47.1658405,27.5798653
47.1668644,27.5761422
47.1677629,27.5732323
47.1690736,27.5691411
47.1687399,27.5689416
47.1681854,27.5685035
47.1678493,27.5681644
47.1664939,27.5703675
47.1647076,27.571818
47.1644537,27.5719329
47.1643856,27.5720956
47.1642814,27.5730798
47.1643445,27.5730593
47.1642811,27.5731073
47.1642619,27.5731255
47.1642756,27.5731098
47.164299,27.5730421
47.1642977,27.57304
47.1642962,27.5730377
47.16435,27.5730764
47.164337,27.5730906
47.1643348,27.573092
47.1643052,27.5731113
47.164288,27.5731253
47.1642946,27.5731289
47.1642741,27.5731385
47.1642732,27.5731378
47.1642571,27.573128
47.1647125,27.5734317
47.1652682,27.5731084
47.1651846,27.5731645
47.1651848,27.5731643
47.1651838,27.5731641
47.1651857,27.5731724
47.1653179,27.5730799
47.1656367,27.573114
47.1655098,27.5730132
47.1651209,27.5726667
47.1651229,27.5726667
47.1909477,27.55853
47.1909778,27.5584943
47.1909837,27.558541
47.1909349,27.5584495
47.1908771,27.5585185
47.190879,27.5585476
47.1909058,27.5585806
47.1900963,27.5592772
47.1872933,27.5615814
47.1856667,27.5630216
47.1837867,27.5645244
47.1815484,27.5665499
47.1796023,27.5682036
47.1780181,27.5695227
47.1758657,27.571312
47.1738172,27.5729586
47.1735049,27.5731641
47.170877,27.5754223
47.168798,27.5768287
47.1665855,27.5775264
47.1658117,27.5796037
47.1655624,27.5809494
47.1652108,27.5819768
47.1650706,27.5826779
47.1647489,27.5837023
47.1647519,27.5836819
47.1648101,27.5837055
47.1648181,27.5836905
47.1648059,27.5837375
47.1647445,27.5836697
47.1647265,27.5837164
47.1647516,27.5837754
47.1647277,27.5836829
47.1647279,27.5836848
47.1641212,27.5854226
47.1638231,27.5871483
47.1639931,27.5891743
47.1640061,27.5905296
47.1640097,27.5905225
47.1640132,27.590524
47.1640136,27.5905233
47.1639988,27.5905779
47.1637584,27.5908895
47.1642457,27.591214
47.1642224,27.5906764
47.1638265,27.5878205
47.1641081,27.5858866
47.1642574,27.5852444
47.1649226,27.5831414
47.1655323,27.5809952
47.1655791,27.5808799
47.1665197,27.5773556
47.1674608,27.5740327
47.169093,27.5698994
47.1682693,27.5684459
47.1682118,27.5684516
47.1682205,27.5684893
47.1665053,27.5702874
47.164452,27.5720001
47.1640518,27.5723064
47.1641517,27.5728925
47.1641822,27.5728651
47.1642736,27.5729887
47.1643244,27.5730336
47.1644073,27.5731131
47.1646144,27.5733392
47.1648621,27.5734448
47.1648623,27.5734457
47.1652408,27.5731567
47.1650666,27.5732636
47.1647675,27.5730609
47.1647651,27.5730645
47.1647654,27.573064
47.1647661,27.5730629
47.1647655,27.5730628
47.1647563,27.5730615
47.1647558,27.5730609
47.1647558,27.5730591
47.1647564,27.5730576
47.1647559,27.5730609
47.1647557,27.5730631
47.1647892,27.5730171
47.1647707,27.573031
47.1647988,27.5729805
47.1647791,27.5729907
47.1647932,27.5730013
47.164808,27.5730242
47.1648073,27.5730242
47.1648086,27.5730375
47.1648062,27.5730405
47.1647928,27.5730834
47.1647493,27.5730819
47.1647509,27.573056
47.1647513,27.573055
47.1647516,27.5730553
47.1647488,27.5730592
47.1647493,27.5730601
47.1647486,27.5730602
47.1647482,27.5730599
47.1647491,27.5730574
47.1647502,27.5730549
47.1647505,27.5730542
47.1647502,27.5730545
47.1647501,27.5730544
47.1647497,27.5730529
47.1647469,27.5730613
47.1647467,27.5730604
47.1647468,27.5730601
47.1647465,27.5730597
47.1647423,27.5730423
47.1647411,27.5730586
47.1647577,27.5730254
47.1647609,27.5730197
47.1647498,27.5730242
47.1647438,27.5730132
47.1647455,27.5730141
47.1647328,27.5730267
47.1647326,27.5730093
47.1647329,27.5730088
47.1647424,27.5730218
47.1647434,27.5730762
47.164733,27.5730603
47.1647399,27.5730703
47.1647401,27.5730701
47.1647402,27.57307
47.1647403,27.5730699
47.1647402,27.5730699
47.1647403,27.5730693
47.1647405,27.5730688
47.1647597,27.5730349
47.1647532,27.5730221
47.1647562,27.5730258
47.1647488,27.5730379
47.1647482,27.5730382
47.1647403,27.5730294
47.1647288,27.57302
47.1647165,27.5730385
47.1647291,27.5730543
47.1647588,27.5730367
47.1647861,27.5730162
47.1647918,27.5730125
47.1647994,27.5729725
47.1647997,27.572979
47.1647923,27.5730022
47.1647923,27.5730017
47.1647933,27.5730008
47.1647939,27.5730006
47.1647706,27.5730283
47.1647706,27.5730271
47.164779,27.5730139
47.1652035,27.5731714
47.1657961,27.5731129
47.1658058,27.5730855
47.1658034,27.573082
47.1658364,27.5733485
47.1653684,27.5740427
47.1653657,27.57405
47.1653739,27.5740423
47.1653909,27.5740739
47.1653999,27.5740716
47.1653999,27.5740717
47.1653997,27.5740738
47.1654028,27.5741107
47.1654131,27.574123
47.1654125,27.5741219
47.1653919,27.5740877
47.1653747,27.5741011
47.1653711,27.5741106
47.1653676,27.5741048
47.1653526,27.5741344
47.1653515,27.5741312
47.1653509,27.5741283
47.1653505,27.5741279
47.165313,27.5741295
47.1653098,27.5741243
47.1653108,27.5741244
47.165304,27.5741092
47.1653536,27.5741352
47.1653518,27.5741336
47.1653519,27.5741342
47.1653461,27.5741439
47.165349,27.5741475
47.1653328,27.5741292
47.1653533,27.5741416
47.1653584,27.5740938
47.1653164,27.5741114
47.165317,27.5741107
47.1653181,27.5741102
47.1653193,27.5741099
47.1653187,27.5741144
47.165317,27.5741161
47.1653347,27.5741151
47.1653348,27.5741151
47.1653351,27.5741153
47.1653528,27.5741154
47.1653528,27.5741153
47.1653368,27.574082
47.1653592,27.5740531
47.1653576,27.5740524
47.1653589,27.5740918
47.1653582,27.574093
47.1653509,27.5741477
47.16535,27.5741472
47.1653182,27.574125
47.1653153,27.5741199
47.1653109,27.5741116
47.1653067,27.5741015
47.1651415,27.5742473
47.1651364,27.5742992
47.1651351,27.5742976
47.1651344,27.5742966
47.1651328,27.5742958
47.1651306,27.5742963
47.1649815,27.5739558
47.1648951,27.5738413
47.1648953,27.5738375
47.1648943,27.5738378
47.1648935,27.573839
47.1648898,27.5738608
47.1648878,27.5738612
47.1661478,27.5787181
47.1908142,27.5585435
47.190751,27.5584232
47.17199,27.5744712
47.1694477,27.5765473
47.168905,27.5767393
47.1666314,27.577499
47.1654868,27.580975
47.1653628,27.5815124
47.1646483,27.5837097
47.1641454,27.5855485
47.1638191,27.58728
47.1641878,27.5904787
47.1642962,27.5910942
47.1634197,27.593717
47.1632136,27.596494
47.1625869,27.6032827
47.1625859,27.6050251
47.1618911,27.6079321
47.161167,27.6099396
47.1600628,27.6134909
47.160059,27.6135937
47.1592175,27.6187954
47.1582896,27.6210059
47.1563357,27.6237816
47.1550451,27.6252995
47.1526079,27.6216658
47.1522123,27.6216133
47.1515685,27.62135
47.1488747,27.620566
47.1462352,27.6197429
47.1458416,27.61834
47.1467897,27.6115107
47.1468587,27.6110268
47.1473047,27.6079983
47.1479065,27.6038892
47.1480573,27.6027633
47.1483905,27.5998526
47.1490956,27.5952901
47.149105,27.5952303
47.1493903,27.5943527
47.1510331,27.5892993
47.1513397,27.5880479
47.1525591,27.5883207
47.15534,27.5858523
47.1587588,27.5867213
47.159357,27.5880022
47.1606001,27.5914033
47.1613743,27.5939402
47.1627493,27.594415
47.1642992,27.5917119
47.1642108,27.5904254
47.1638545,27.5876964
47.1642127,27.5856452
47.1648651,27.5834063
47.1655459,27.5809099
47.1659235,27.5795123
47.1682854,27.5770022
47.1692399,27.5768691
47.1727464,27.573968
47.1736605,27.5731713
47.175358,27.5717131
47.1787248,27.5690102
47.1808601,27.5672178
47.1823906,27.5659093
47.1839101,27.5646247
47.1856549,27.5631244
47.18839,27.5607936
47.1899953,27.559445
47.1899557,27.5594733
47.1899692,27.5594793
47.1904127,27.5592299
47.190583,27.5592187
47.190654,27.5592729
47.1906705,27.5592318
47.1908422,27.5591321
47.190923,27.5589212
47.1908458,27.558527
47.1908468,27.5585262
47.1908467,27.5585251
47.1908458,27.5585246
47.1908583,27.5585107
47.1908904,27.558507
47.1908911,27.5585003
47.190866,27.5585194
47.1908797,27.5585139
47.1899936,27.5593313
47.1870882,27.5618057
47.185999,27.5627506
47.1845269,27.5639656
47.1817287,27.5664374
47.1805375,27.5672968
47.179097,27.5685269
47.1762711,27.5708182
47.1749786,27.5719648
47.172952,27.5736987
47.170271,27.5757272
47.1688824,27.5767986
47.1666225,27.577523
47.1656114,27.5809285
47.1654974,27.5812143
47.164562,27.5842326
47.164584,27.5842616
47.164158,27.5855537
47.163927,27.5889516
47.1641431,27.5901983
47.1643252,27.5912317
47.1634746,27.5934409
47.1632692,27.5964919
47.1625006,27.6011732
47.1626082,27.6050759
47.1617373,27.6080368
47.160359,27.6119568
47.1600341,27.6134838
47.1597052,27.6158011
47.1591287,27.6188249
47.1576471,27.6219409
47.1562592,27.6237635
47.1543484,27.6253187
47.1523424,27.6215975
47.1520424,27.621499
47.150092,27.6209144
47.1478778,27.6202479
47.146253,27.619695
47.1462512,27.6151945
47.1468036,27.6113027
47.1470685,27.6092093
47.1477951,27.604225
47.1482408,27.6010765
47.1482991,27.6005946
47.1490516,27.5954192
47.1490685,27.5952239
47.1490738,27.59521
47.1504478,27.5909783
47.1509984,27.5892826
47.1513913,27.5878263
47.151707,27.5877274
47.151793,27.5878068
47.1527539,27.5882955
47.156658,27.585062
47.1585945,27.5862974
47.1593786,27.5879624
47.160591,27.5912735
47.1614451,27.5939588
47.1627861,27.5943619
47.1640116,27.5922522
47.1642066,27.5903238
47.1638657,27.5884778
47.1641564,27.5855942
47.1646386,27.5839678
47.1653703,27.5814721
47.165679,27.580321
47.166685,27.5775138
47.168754,27.576841
47.1715729,27.5749162
47.1730307,27.5737453
47.1753914,27.5717838
47.1759963,27.5712885
47.1790469,27.5687645
47.1808437,27.5672359
47.1828225,27.5655477
47.1847803,27.5638623
47.185961,27.5629077
47.1895523,27.5598581
47.1908002,27.5591335
47.1907422,27.5584695
47.1907371,27.5584482
47.1907563,27.5584522
47.1907365,27.5584215
47.1907297,27.5584306
47.1907104,27.5584222
47.1902968,27.559141
47.1873796,27.5615187
47.1861229,27.56241
47.1845075,27.5639051
47.1815966,27.566338
47.1804372,27.5672997
47.1773583,27.5699953
47.1753537,27.5717316
47.1748542,27.5720972
47.173864,27.5729968
47.1706221,27.5756119
47.1688906,27.576806
47.1671723,27.5772034
47.1659714,27.5790956
47.1654334,27.58094
47.1647076,27.5833726
47.1644561,27.5841382
47.1641162,27.5855245
47.1638252,27.5878044
47.1642074,27.5906401
47.1642259,27.5916392
47.1634082,27.5942835
47.1632799,27.5965401
47.1626856,27.6037192
47.1625713,27.6050754
47.1617119,27.6080173
47.1611435,27.6094853
47.1600667,27.6135531
47.1600818,27.6135761
47.1593477,27.6177264
47.1589419,27.6201093
47.1562468,27.6237983
47.1551925,27.6251827
47.1528092,27.621856
47.1522083,27.6215338
47.1518194,27.6213976
47.1499907,27.6208737
47.1477159,27.6201826
47.1462716,27.6197013
47.1463316,27.6147231
47.1468511,27.6110362
47.1471571,27.6088233
47.147967,27.6030056
47.1479605,27.6030346
47.1481224,27.6020969
47.14827,27.6007962
47.1490616,27.5954653
47.1490894,27.5952763
47.1508026,27.5898808
47.1512501,27.588394
47.1517904,27.5878293
47.1528005,27.5882357
47.1568922,27.5850688
47.1592282,27.5875702
47.159978,27.5893785
47.1613223,27.5936641
47.161374,27.59382
47.1629779,27.5941383
47.163903,27.5925389
47.164221,27.5904173
47.1639833,27.5889958
47.1640634,27.5860073
47.1645388,27.5843709
47.165256,27.5821077
47.1655142,27.5811662
47.1661313,27.5787878
47.1685637,27.5768837
47.170011,27.5762869
47.1743114,27.5726479
47.1754151,27.571719
47.1782015,27.5694293
47.180791,27.5672455
47.1824836,27.5658325
47.1847411,27.5639121
47.1859715,27.5628514
47.1886914,27.5605237
47.1903388,27.5592266
47.1905938,27.5592903
47.1905952,27.5592888
47.1905956,27.5592877
47.1905965,27.5592866
47.1906315,27.5592336
47.1906077,27.5592839
47.1908253,27.558636
47.1908375,27.5585366
47.1906999,27.5584656
47.1906351,27.5583628
47.1906041,27.5583876
47.1905924,27.5583944
47.1905198,27.5584945
47.1905539,27.5585432
47.1905455,27.5585353
47.1904987,27.5585352
47.1894819,27.5596975
47.1867884,27.5618981
47.185261,27.563247
47.1834373,27.5648071
47.1807501,27.56711
47.1785489,27.5690601
47.1758502,27.5713427
47.1747228,27.572143
47.1720915,27.5743413
47.1690824,27.5766237
47.1672135,27.5771618
47.1657469,27.5800608
47.1653069,27.5818274
47.1644831,27.5843709
47.1638905,27.5867747
47.1640694,27.5897016
47.1639548,27.5905207
47.1640559,27.5913409
47.1640557,27.5913433
47.164181,27.5913126
47.1640633,27.5890391
47.1640192,27.5862735
47.1646542,27.5839911
47.1653849,27.5814902
47.165578,27.5808963
47.1661587,27.5785661
47.1670756,27.5753991
47.1678562,27.5729405
47.1685572,27.5687815
47.1682014,27.5685699
47.1676774,27.5681928
47.1666147,27.5699773
47.16575,27.5711092
47.1645558,27.5718668
47.1640544,27.5725235
47.1641522,27.5728708
47.1641516,27.5728725
47.1641522,27.5728714
47.1641487,27.5728748
47.1642644,27.5730606
47.1642977,27.5730728
47.1643114,27.5730585
47.164326,27.5730963
47.1643482,27.5730892
47.1651121,27.5732176
47.1647893,27.5732171
47.1644925,27.5728607
47.1644923,27.5728606
47.190893,27.5592023
47.1908732,27.5586232
47.190629,27.5583966
47.1906285,27.5584328
47.1906486,27.5584084
47.190645,27.5584409
47.1906494,27.5584202
47.1906246,27.5584149
47.1897814,27.5595032
47.1868627,27.5619893
47.1852717,27.5633318
47.1822388,27.5659013
47.1806532,27.5672445
47.1787082,27.5688287
47.1749862,27.5719494
47.1742021,27.5726191
47.1706671,27.5755062
47.1689273,27.5767562
47.1663078,27.5777542
47.1656966,27.5813401
47.1651767,27.5822012
47.1645412,27.5843267
47.1641189,27.5855635
47.1637788,27.5875935
47.164123,27.5901818
47.1642815,27.591497
47.1626337,27.5944128
47.1616829,27.594449
47.1604557,27.5906603
47.1593833,27.5877663
47.1588074,27.5866154
47.1561363,27.5851965
47.153691,27.5873926
47.1531469,27.5879728
47.1518293,27.5877423
47.1509198,27.5894044
47.1506547,27.5902701
47.14912,27.5950367
47.1482717,27.6006917
47.1480053,27.60267
47.1470879,27.6091585
47.1467253,27.6116403
47.1458019,27.6180683
47.1479716,27.6203511
47.1502549,27.6210448
47.1528761,27.622077
47.153242,27.6228402
47.1561803,27.6240718
47.156711,27.6233303
47.158838,27.6204163
47.1599233,27.6146179
47.1604143,27.6118528
47.1611959,27.6095628
47.1622642,27.6064971
47.1626526,27.6033488
47.1625796,27.6006682
47.1634786,27.5934568
47.1643468,27.5904972
47.1639707,27.5887645
47.1641271,27.5856027
47.1646272,27.5835748
47.1655732,27.5809278
47.166032,27.5791397
47.1678119,27.5770951
47.1691176,27.5767991
47.1719692,27.5745847
47.1744874,27.5724442
47.1753974,27.5717312
47.1782056,27.5694
47.1792431,27.5685102
47.1820083,27.5662077
47.1838609,27.5645181
47.1856157,27.5630482
47.1883656,27.5607961
47.1905947,27.5592477
47.1906209,27.5592395
47.1908007,27.5591675
47.1908205,27.5592118
47.19081,27.5592378
47.1907588,27.5592475
47.1907546,27.5592359
47.1907411,27.5591983
47.1907663,27.559221
47.1906816,27.5584492
47.1906467,27.5584892
47.1906876,27.5584946
47.1906454,27.5585331
47.1906566,27.5586421
47.1905875,27.5585028
47.1906593,27.5583655
47.1906096,27.55843
47.1906441,27.5584892
47.1905359,27.5584984
47.1879574,27.5610015
47.1863692,27.5622277
47.1845647,27.5638294
47.1814206,27.5665698
47.1803263,27.5674251
47.1768457,27.5704366
47.1749691,27.5719906
47.1736647,27.5730664
47.1706077,27.5756146
47.1688559,27.5767615
47.1666425,27.5774758
47.1661023,27.5787155
47.1656198,27.5806189
47.1655087,27.5809592
47.1647892,27.5834778
47.1643258,27.5849528
47.163897,27.5868957
47.164049,27.5894165
47.1641819,27.5904571
47.1642318,27.5916311
47.1626546,27.5943761
47.1623119,27.5946642
47.1613203,27.5934486
47.1603521,27.5904331
47.159685,27.5881599
47.159344,27.5874346
47.1579505,27.5853215
47.1545378,27.5865127
47.15301,27.5880922
47.1517132,27.5876937
47.1509564,27.5894154
47.1495853,27.5937587
47.1495681,27.5938446
47.1491313,27.5952243
47.1483036,27.6003882
47.148267,27.6008827
47.1474738,27.6065038
47.1471506,27.6087203
47.1463552,27.6142939
47.1457293,27.6186739
47.1473425,27.62015
47.1491781,27.6207363
47.1504557,27.6211076
47.1512415,27.6213124
47.15177,27.6214692
47.1531307,27.6224847
47.1552689,27.6252833
47.1562,27.6240607
47.1587444,27.6205082
47.159512,27.6171966
47.1599489,27.6146442
47.1605824,27.6113753
47.1612166,27.6095182
47.1620173,27.6073603
47.1626183,27.6053067
47.1629813,27.5991855
47.1633515,27.5958894
47.1642306,27.5919874
47.1642129,27.5903444
47.1639496,27.5887832
47.163969,27.5868317
47.1644564,27.5847278
47.1651657,27.5823532
47.1656142,27.5808016
47.1662933,27.5781056
47.1687949,27.5768326
47.170802,27.5756485
47.17352,27.57334
47.1754726,27.5717077
47.1783953,27.5692808
47.1807591,27.5672789
47.1823978,27.5658604
47.1846473,27.5639963
47.1861734,27.5626798
47.1898943,27.5595531
47.1908919,27.5591792
47.1906443,27.5584056
47.1906203,27.5583918
47.1906246,27.5583794
47.1906518,27.5583644
47.1906281,27.5583661
47.190626,27.5583775
47.1906417,27.5583803
47.1906385,27.5583854
47.1906576,27.5583906
47.1889101,27.5602092
47.1864771,27.5623237
47.1847935,27.5637115
47.1814987,27.5665592
47.1804588,27.5673608
47.1773092,27.5701321
47.1750238,27.5720313
47.1736373,27.5731702
47.1710861,27.5752497
47.1689011,27.5767654
47.1666019,27.5774923
47.1656189,27.580696
47.1651791,27.5823441
47.1645207,27.5842716
47.1641902,27.5853661
47.1638238,27.5872807
47.1640868,27.5900824
47.164281,27.5911007
47.1630356,27.5940612
47.161158,27.5930019
47.1593732,27.5878741
47.1588261,27.5865793
47.1573013,27.5850542
47.155869,27.5853687
47.1546396,27.5864871
47.1518773,27.5878447
47.1510651,27.5890241
47.1504364,27.590804
47.1495211,27.5938338
47.1490905,27.5951391
47.1483267,27.6003875
47.148102,27.6019997
47.1472149,27.6080507
47.1468229,27.610861
47.1457297,27.6185726
47.1457188,27.6186132
47.1463581,27.6198358
47.1495826,27.6208384
47.1509878,27.6212773
47.1529184,27.6221182
47.1545189,27.6255303
47.1562659,27.6240494
47.1586998,27.6205922
47.1594894,27.6174362
47.1600121,27.6146851
47.1611393,27.6096725
47.1617065,27.6081439
47.1625087,27.6057826
47.1626551,27.6004911
47.1633171,27.5963498
47.1641144,27.592201
47.1642245,27.5902693
47.1639479,27.5887081
47.163994,27.5864696
47.164587,27.5841905
47.1654879,27.5811487
47.1658572,27.579923
47.1670548,27.5773014
47.1692845,27.5767675
47.172337,27.5743211
47.1753716,27.5717579
47.1773422,27.5701712
47.1790834,27.5687318
47.1808655,27.5672221
47.1832868,27.5652019
47.1856931,27.5631762
47.1876815,27.5614919
47.1900752,27.5594133
47.1907955,27.559189
47.1907818,27.5591997
47.1908095,27.5591936
47.1907577,27.5592231
47.1906422,27.558386
47.1906547,27.5584093
47.1896914,27.5597118
47.1872373,27.5617009
47.1854323,27.5633352
47.1822141,27.565944
47.1803465,27.567518
47.1764712,27.5707379
47.1749512,27.5720511
47.1724272,27.5741197
47.1697991,27.576286
47.1677258,27.5770557
47.165892,27.5793387
47.1654128,27.5811026
47.1647095,27.5836168
47.1642955,27.584821
47.1638836,27.5868006
47.1638605,27.5887534
47.1641178,27.5902623
47.1642447,27.5910744
47.1634368,27.5938072
47.1631788,27.5966545
47.1624901,27.602536
47.1624935,27.6053943
47.1615134,27.608173
47.1605194,27.611477
47.1601091,27.613558
47.1593079,27.6181444
47.1585401,27.6204448
47.1561354,27.6237051
47.1545495,27.6254294
47.1522254,27.6215732
47.1515104,27.6213545
47.1484868,27.6204463
47.1458,27.6185443
47.1468523,27.6110755
47.1474661,27.6067552
47.1478694,27.6038219
47.1480948,27.6022435
47.1488673,27.5967354
47.1491018,27.5952072
47.1501497,27.5919276
47.1511419,27.5888264
47.1514221,27.5877776
47.152609,27.5883088
47.1562992,27.5852498
47.1583455,27.5858214
47.1591991,27.5875638
47.1601753,27.5898969
47.1621342,27.5948554
47.1641588,27.5919644
47.1642375,27.5902633
47.1638865,27.5875502
47.1642768,27.5851421
47.165144,27.5823586
47.1655459,27.5809045
47.1661898,27.5785122
47.1684796,27.5769238
47.1698776,27.5763581
47.1717703,27.5747576
47.1736312,27.5732507
47.1754376,27.5717213
47.1774588,27.5700307
47.1809077,27.5671563
47.1821174,27.5661271
47.1856257,27.5631979
47.1873296,27.5616844
47.1901869,27.5592845
47.190851,27.5591016
47.1908426,27.5591365
47.1908119,27.5592508
47.1906436,27.5584352
47.1906741,27.5584335
47.1904618,27.5584402
47.1874543,27.5614021
47.1859519,27.5626495
47.1835998,27.5648186
47.1804911,27.5673738
47.1794462,27.5682975
47.1763958,27.5708427
47.1747567,27.5722003
47.1724102,27.5742386
47.1689446,27.5767539
47.1668576,27.5773773
47.1657505,27.5800198
47.1653908,27.5813
47.1644713,27.5843257
47.1640135,27.5860487
47.1637231,27.5881451
47.1641548,27.5906353
47.1636999,27.5928449
47.1632444,27.5965786
47.1624725,27.6009234
47.1625381,27.6050631
47.1618344,27.6078169
47.1610449,27.6099367
47.160047,27.6135705
47.1594825,27.6172815
47.1590129,27.6198135
47.1563594,27.6235373
47.1555979,27.6246692
47.153273,27.6226688
47.1521583,27.621581
47.1488608,27.6205181
47.146229,27.6197625
47.1459651,27.619642
47.1466643,27.6121731
47.1468489,27.611023
47.1478239,27.6041474
47.1478572,27.603663
47.1482842,27.6007855
47.1491104,27.5952417
47.1491042,27.5951341
47.1506737,27.5903611
47.1512704,27.5883815
47.1517683,27.5878162
47.1527717,27.5883042
47.155227,27.5859117
47.1578474,27.5852248
47.1593633,27.5879469
47.1595045,27.5882908
47.1602603,27.5902575
47.1615205,27.5942703
47.1626908,27.5944553
47.1643306,27.5915646
47.164213,27.590261
47.1640494,27.5863558
47.1646083,27.5842749
47.1654532,27.5814841
47.1657863,27.5805159
47.1663501,27.5780014
47.1687962,27.5768601
47.1698982,27.5763497
47.1725813,27.5741243
47.1751016,27.5719753
47.1754096,27.57176
47.1781832,27.5694643
47.1799919,27.5679339
47.1814686,27.566663
47.1838972,27.5645992
47.1862036,27.5626613
47.1898159,27.5595983
47.1908833,27.5590937
47.1906557,27.5584136
47.1906892,27.5584155
47.1907539,27.5585091
47.190744,27.5583978
47.1905925,27.5584702
47.1876945,27.5613242
47.1861113,27.5626519
47.1840674,27.5644824
47.1805383,27.5672968
47.1791163,27.5685515
47.17608,27.571049
47.174998,27.5719488
47.1736241,27.5729989
47.172907,27.5736432
47.169164,27.5766469
47.1671666,27.5771712
47.1657285,27.5797044
47.1653821,27.5809288
47.1646343,27.5837456
47.1641028,27.5855296
47.1638193,27.5874253
47.164294,27.5907903
47.1634046,27.5942406
47.1632571,27.5965151
47.1624169,27.6014765
47.1625595,27.6050416
47.161684,27.6080197
47.1609004,27.6099761
47.1600237,27.613298
47.1593784,27.6171174
47.1590509,27.6195411
47.1563868,27.6236562
47.155127,27.6251874
47.152759,27.6217853
47.1504662,27.6210493
47.1484512,27.6204521
47.1461528,27.6196919
47.1461075,27.6196989
47.1461177,27.6162541
47.1468224,27.6110476
47.1476222,27.6054065
47.1478554,27.60366
47.148277,27.6007436
47.1489825,27.5955989
47.1490617,27.5951957
47.1490612,27.595198
47.1503977,27.5911185
47.1509754,27.5894042
47.1516602,27.5877066
47.1533911,27.5877666
47.1566391,27.5850753
47.1584663,27.5860207
47.1593954,27.5879353
47.1603959,27.5904309
47.1623657,27.5946607
47.1641596,27.5920281
47.1642384,27.590334
47.1639644,27.5888015
47.1641639,27.5855445
47.1641946,27.5850932
47.164685,27.5837119
47.1655315,27.5808927
47.1660644,27.5787944
47.1686654,27.5768557
47.1698208,27.5764019
47.1734709,27.573334
47.1748631,27.5721601
47.1767897,27.5705299
47.1788525,27.5688417
47.1809204,27.5670569
47.1835001,27.5648318
47.1857153,27.5630191
47.188747,27.5605049
