47.1724508,27.5377875
47.1724535,27.5377872
47.1724564,27.5377849
47.1724876,27.5377641
47.1731866,27.5411577
47.1734052,27.5443892
47.1735649,27.5480812
47.1736684,27.5510892
47.1717844,27.5600669
47.1710941,27.5614502
47.1681835,27.5672198
47.1674677,27.5687514
47.1664911,27.570298
47.1657072,27.5713099
47.1620985,27.5733707
47.1609662,27.5732992
47.1573321,27.574818
47.1566918,27.5764956
47.1538534,27.5827805
47.1521235,27.5865043
47.1506288,27.5881882
47.1489052,27.5905904
47.1479671,27.5916857
47.1466477,27.5930549
47.1451242,27.5949093
47.1424626,27.598634
47.1405291,27.601616
47.1371836,27.6052611
47.1368515,27.6002868
47.1365236,27.5959748
47.136396,27.594158
47.1354777,27.5871069
47.1346816,27.5813712
47.1340293,27.5757735
47.1338714,27.5763284
47.1337112,27.5755442
47.1337126,27.5755465
47.1337138,27.575547
47.1337141,27.5755476
47.1337134,27.5755467
47.1337116,27.5755451
47.1337122,27.5755471
47.1341167,27.576589
47.1353185,27.5841803
47.1356085,27.5871939
47.136375,27.5940068
47.1367701,27.5995904
47.1371013,27.6034825
47.1372263,27.6050282
47.1375988,27.6059412
47.1412458,27.6004304
47.1421537,27.5991264
47.1436856,27.59672
47.145233,27.594605
47.1456587,27.5941202
47.1472562,27.5921394
47.1499666,27.5886364
47.1507139,27.5876663
47.1523195,27.5873499
47.153424,27.5851074
47.1543625,27.5829033
47.1562523,27.5786828
47.1579498,27.5757003
47.1583418,27.5753782
47.1610633,27.5732268
47.1640093,27.5721805
47.1656822,27.5712615
47.1673273,27.5687494
47.1673122,27.5686185
47.1685564,27.5664226
47.1715468,27.56033
47.1728183,27.5548331
47.173308,27.5527751
47.1734612,27.5519381
47.1734436,27.5482917
47.1733613,27.5467256
47.1731769,27.5435385
47.1728852,27.5398763
47.1722949,27.53754
47.1722866,27.5376049
47.1723183,27.5376949
47.1728657,27.5392392
47.1734263,27.5448327
47.1734151,27.5454312
47.1736549,27.5490046
47.1735808,27.5518265
47.1723603,27.5577327
47.1703233,27.5629481
47.1677359,27.567912
47.1663355,27.570532
47.1660362,27.5710142
47.1635166,27.572634
47.1611892,27.5732949
47.1575154,27.5749043
47.1561169,27.5776962
47.1536702,27.5829166
47.1522756,27.5861027
47.1515957,27.5873381
47.150323,27.5884156
47.1482609,27.591137
47.1480432,27.5913993
47.1476652,27.591762
47.1464081,27.5933646
47.1443111,27.5959912
47.1431194,27.5977355
47.1423732,27.5988007
47.1422144,27.5990074
47.1411194,27.6006376
47.1401126,27.6021287
47.1392174,27.6034199
47.1371765,27.605482
47.1368097,27.6004859
47.1365227,27.5959454
47.136348,27.5935454
47.1355914,27.5881507
47.1352019,27.5837245
47.1340982,27.5769577
47.1341833,27.5763398
47.1335928,27.5754533
47.1335618,27.5754742
47.1335757,27.5754657
47.1335748,27.5754645
47.1335665,27.5754421
47.1338182,27.5747968
47.1336866,27.5799501
47.1353023,27.5855076
47.1356098,27.5869844
47.1363437,27.5930662
47.1366907,27.5978545
47.1369492,27.6009478
47.1371586,27.6034226
47.1371372,27.6042126
47.1372014,27.6053001
47.137248,27.6060677
47.137883,27.605381
47.1411302,27.6004727
47.1419761,27.5991159
47.1439219,27.5962096
47.1455511,27.5940948
47.1474047,27.5917663
47.150289,27.5881903
47.1510298,27.58771
47.1517431,27.5876629
47.1518309,27.5877695
47.1528514,27.5859824
47.1535052,27.5844867
47.1542275,27.5830445
47.1558976,27.5793717
47.1577319,27.5758609
47.1594994,27.5735435
47.1610067,27.5731213
47.1613099,27.5732764
47.1655141,27.571313
47.1657516,27.5712692
47.1660555,27.5710639
47.1672623,27.5687608
47.1673006,27.568599
47.169975,27.5636913
47.1712199,27.5608297
47.1721971,27.5580278
47.1732189,27.5530938
47.1735086,27.5516852
47.1733543,27.5470781
47.1731593,27.5443848
47.1727813,27.5397937
47.1726273,27.5374396
47.1723763,27.5377127
47.1723815,27.5377832
47.1724072,27.5377593
47.1724088,27.537758
47.1730912,27.541604
47.1732943,27.5454188
47.1734322,27.545898
47.1735803,27.5502664
47.172612,27.5565749
47.1708966,27.5617392
47.1682053,27.5671797
47.1679316,27.5677614
47.1674589,27.5687045
47.1663424,27.5704758
47.1657452,27.5713167
47.1628818,27.5729835
47.1601423,27.5731957
47.1573558,27.5748195
47.1564352,27.577034
47.1536547,27.5827856
47.1529218,27.5845893
47.1529193,27.5846254
47.1527018,27.5850379
47.15258,27.5853516
47.1523268,27.5859303
47.152053,27.5864022
47.1511735,27.5869891
47.1505132,27.5883297
47.1483206,27.591015
47.1477956,27.5916218
47.1467178,27.5928291
47.1443643,27.5957482
47.1418179,27.5994618
47.1411544,27.6005914
47.1407302,27.6012093
47.1390284,27.6036366
47.1375364,27.6058468
47.1368534,27.6010617
47.1364243,27.5952305
47.135693,27.588977
47.1353832,27.5869469
47.1353836,27.5869479
47.1342651,27.5807422
47.1339778,27.5758317
47.133644,27.5754623
47.1336232,27.5754383
47.1336178,27.5754358
47.13362,27.5753179
47.1340466,27.5762637
47.1347762,27.5815356
47.1353957,27.5865785
47.1362796,27.592873
47.1365159,27.5949051
47.1367516,27.5979426
47.1371609,27.6031527
47.1373403,27.6060154
47.1410147,27.6006852
47.1423295,27.5986452
47.1452486,27.5946231
47.146746,27.5927576
47.1486147,27.5903874
47.1505888,27.5878518
47.151794,27.587756
47.1519344,27.5878614
47.1532064,27.5854004
47.1536206,27.5844865
47.1545526,27.5823131
47.1571624,27.5766971
47.1585898,27.5754153
47.1604145,27.5731492
47.1636206,27.5724993
47.1655652,27.5712702
47.1663813,27.5706357
47.1673711,27.5687358
47.167501,27.5685009
47.1709545,27.5614243
47.1721023,27.5587532
47.1721401,27.5585242
47.1732834,27.5528232
47.1734996,27.551644
47.1732019,27.5466418
47.1730191,27.5440114
47.1724056,27.5374758
47.1723615,27.5377037
47.1724435,27.5377037
47.1724324,27.5377014
47.172433,27.5377003
47.1724357,27.5376994
47.1724447,27.5376988
47.1730174,27.5403441
47.1733908,27.5446868
47.1734407,27.5460821
47.1736474,27.5505189
47.1722596,27.5579543
47.1707737,27.5618503
47.1678999,27.5675838
47.1671623,27.5689672
47.1663306,27.5705018
47.1656735,27.5713676
47.1615355,27.5732711
47.158802,27.5746379
47.1565563,27.5762939
47.153721,27.5827883
47.1520038,27.5866241
47.1507828,27.5876736
47.1503295,27.5884461
47.1480293,27.5913841
47.1477066,27.5916434
47.1466235,27.5930226
47.1441588,27.5961905
47.1426815,27.598233
47.1406738,27.6013406
47.1380448,27.6051801
47.1368472,27.6017218
47.1365611,27.5971318
47.1361254,27.5921756
47.135406,27.587104
47.1342436,27.5807399
47.1339515,27.5756203
47.1336716,27.5755436
47.1336672,27.5755625
47.1336676,27.5755553
47.1336679,27.5755544
47.133668,27.5755543
47.133668,27.575554
47.1336674,27.5755535
47.1336669,27.5755531
47.1336498,27.5755285
47.1336405,27.5755285
47.1336359,27.5755253
47.1336367,27.5755261
47.1338952,27.5751464
47.1338691,27.5779729
47.1353052,27.5854575
47.1357026,27.5882419
47.1364316,27.5944415
47.1369179,27.6008144
47.1372789,27.6059649
47.1406495,27.6012864
47.1415533,27.599924
47.1435171,27.5969402
47.1439362,27.5963053
47.1460124,27.5937782
47.1472336,27.5922206
47.1503082,27.5883333
47.1516761,27.5875994
47.1518331,27.5878057
47.1526523,27.5867441
47.1536507,27.5843693
47.165396,27.5715526
47.160657,27.5731765
47.1564858,27.5769122
47.1526452,27.6029348
47.1526429,27.6029373
47.1520774,27.6015355
47.1520774,27.6015358
47.1520771,27.6015346
47.1520763,27.601533
47.1520747,27.6015705
47.1520738,27.6015714
47.1520728,27.6015727
47.1520723,27.6015731
47.1520713,27.6015738
47.1520706,27.6015749
47.1520703,27.6015755
47.1520702,27.6015771
47.1520707,27.6015778
47.1520713,27.6015792
47.1520716,27.6015805
47.1520711,27.6015806
47.1520718,27.6015804
47.1520727,27.6015809
47.1520723,27.6015827
47.1520717,27.6015837
47.1520816,27.6015775
47.1520629,27.6016144
47.1520612,27.6016177
47.1520599,27.6016203
47.1520623,27.6016196
47.1520617,27.6016183
47.152063,27.6016178
47.1520625,27.6016188
47.1520631,27.601619
47.152063,27.601619
47.1520626,27.6016194
47.152063,27.6016199
47.1520633,27.601622
47.1520637,27.6016236
47.1520639,27.6016244
47.1520646,27.6016249
47.1520649,27.6016251
47.152065,27.6016251
47.1520653,27.6016259
47.1520656,27.601626
47.1520659,27.6016262
47.1520665,27.601627
47.1520668,27.6016279
47.1520668,27.6016284
47.152067,27.6016281
47.1520672,27.6016282
47.1520673,27.6016287
47.1520674,27.6016288
47.1520677,27.6016289
47.152068,27.6016288
47.1521021,27.6016468
47.1524131,27.6028416
47.1523997,27.6028542
47.1524009,27.6028549
47.1524017,27.6028555
47.1524018,27.6028553
47.1524029,27.6028538
47.1524029,27.6028533
47.1524035,27.6028503
47.1524038,27.6028507
47.1524056,27.6028513
47.1524108,27.6028507
47.1521604,27.6034738
47.149078,27.6026269
47.14791,27.6030487
47.1475032,27.6058703
47.1456553,27.6080935
47.1430359,27.6025188
47.1417622,27.6001034
47.1413988,27.6000993
47.1377902,27.6054872
47.1368454,27.6007638
47.1363692,27.5943623
47.135574,27.5883898
47.1354532,27.5869877
47.1353927,27.5866472
47.1337503,27.5800419
47.134018,27.5757775
47.1341799,27.576241
47.1336048,27.5757312
47.1336046,27.5757307
47.1336054,27.5757285
47.1336075,27.5757551
47.1335809,27.5757388
47.1335793,27.5757389
47.13358,27.5755081
47.133579,27.5755088
47.1335783,27.5755089
47.1339363,27.5753284
47.1340738,27.5805388
47.1353525,27.5855577
47.1357129,27.5877461
47.1364261,27.5939717
47.1367093,27.5967434
47.136959,27.6020506
47.137202,27.6054042
47.1372457,27.605774
47.1401179,27.6020808
47.1422576,27.5987852
47.14446,27.595638
47.1457398,27.5939819
47.1470212,27.5925341
47.1494152,27.5893476
47.1504235,27.5877488
47.1512165,27.5877113
47.1518884,27.587871
47.1518895,27.5878717
47.1529638,27.5859712
47.1540495,27.5835842
47.1548008,27.5817685
47.1573804,27.5763977
47.1590515,27.5752787
47.1613497,27.5732273
47.1639376,27.5723066
47.1655229,27.5713055
47.1658397,27.5713223
47.1674359,27.5686015
47.1674337,27.5685557
47.1703519,27.5629477
47.1721013,27.5587126
47.1732713,27.5529311
47.1734579,27.5521491
47.1733668,27.5466938
47.1731581,27.5428465
47.1729115,27.5413186
47.1725404,27.5374177
47.1723074,27.5377785
47.1723192,27.5377688
47.1723229,27.537769
47.172324,27.5377694
47.1723246,27.5377697
47.1723268,27.5377689
47.1723285,27.537768
47.1723291,27.5377683
47.1723557,27.5377255
47.1723523,27.5377159
47.1723529,27.5377149
47.1731027,27.5418355
47.1733161,27.544312
47.1733798,27.5447474
47.1733732,27.5455017
47.1735851,27.5503206
47.1736067,27.5512498
47.1720334,27.5590471
47.1703724,27.5627925
47.1681618,27.567123
47.1673325,27.5686939
47.1666495,27.5699244
47.1657149,27.571307
47.1628328,27.5729581
47.1612196,27.5733012
47.157676,27.5749666
47.1565707,27.5764249
47.153791,27.5826321
47.1536848,27.5828003
47.1518569,27.586932
47.1509249,27.5873512
47.1503776,27.5884057
47.1485176,27.5907686
47.1466742,27.5929265
47.1458336,27.5938706
47.1427331,27.5982655
47.1412277,27.6005635
47.1383113,27.6048054
47.1371063,27.6044956
47.1368624,27.6002859
47.1366196,27.5969068
47.1364302,27.5940614
47.1354858,27.5874414
47.1352567,27.5835836
47.1339506,27.5778639
47.1339718,27.5753764
47.1336528,27.5757483
47.1336084,27.5756735
47.1335475,27.5756789
47.13352,27.5756765
47.1335159,27.5756696
47.1334937,27.5756503
47.1340611,27.5769203
47.1342405,27.5807245
47.1354675,27.5865339
47.1357554,27.5882831
47.1364029,27.5939947
47.1367008,27.5980162
47.1370396,27.6019658
47.1371773,27.6053311
47.1379866,27.605343
47.1413583,27.6001925
47.1419815,27.59924
47.1428154,27.5979313
47.143933,27.5963679
47.1452667,27.5945992
47.1466884,27.5928971
47.1490891,27.5898823
47.1503567,27.5881836
47.1507918,27.5876442
47.1524104,27.5872726
47.1539872,27.5836673
47.1545082,27.58238
47.1573295,27.5764131
47.1584375,27.5754525
47.160134,27.5731402
47.1614025,27.5731958
47.1648704,27.5717442
47.1657598,27.5713762
47.1662485,27.5708826
47.1673424,27.5689177
47.1677089,27.5682304
47.1706777,27.562174
47.1721691,27.5584079
47.1732479,27.5527946
47.1733597,27.552234
47.1733257,27.5469645
47.1732661,27.5465093
47.1730938,27.5438334
47.1730413,27.5423573
47.1730487,27.5417195
47.1729095,27.5409755
47.1727864,27.5381961
47.1723308,27.5377499
47.1366904,27.5981112
47.1364661,27.5945463
47.1368937,27.6004577
47.1502558,27.5881323
47.1517163,27.587614
47.1517175,27.5875702
47.1528746,27.5862178
47.1544397,27.5825794
47.1565504,27.577942
47.158773,27.5753929
47.1610117,27.5730581
47.162933,27.5728489
47.1645399,27.5718317
47.1655121,27.571275
47.1656796,27.5712787
47.1670377,27.5691921
47.1675041,27.5684392
47.1692014,27.565155
47.1714996,27.5603709
47.1729099,27.5548946
47.1733915,27.5523792
47.1734636,27.5489309
47.1733653,27.5469273
47.17322,27.544424
47.1729191,27.540956
47.1728728,27.5402287
47.1723045,27.5377814
47.1723196,27.5377849
47.1723169,27.537799
47.1731144,27.541828
47.1733462,27.5446872
47.1734907,27.546998
47.1735762,27.551713
47.172913,27.5548869
47.1709705,27.5615758
47.168044,27.567392
47.1677436,27.5680481
47.1663894,27.570451
47.1661421,27.57093
47.1640343,27.5722647
47.1612412,27.5732289
47.1575612,27.574912
47.1557805,27.5784725
47.1537428,27.5827802
47.1511679,27.5870687
47.1494889,27.5896262
47.1480042,27.5914934
47.1466478,27.5931061
47.1455968,27.5942895
47.1423745,27.5988286
47.140077,27.6022451
47.1378516,27.6054284
47.1370967,27.6043531
47.1367803,27.6001467
47.1364825,27.595828
47.1362836,27.5928136
47.135631,27.5881933
47.1355023,27.5869783
47.1340991,27.5804542
47.1339582,27.5758962
47.1336547,27.5756618
47.1336384,27.5756606
47.1336354,27.5756512
47.1336321,27.5756197
47.1336314,27.5756197
47.1336307,27.5756208
47.1336294,27.5756202
47.1336274,27.5756204
47.1336254,27.5756203
47.1336576,27.5755162
47.1336544,27.5755208
47.133927,27.5753004
47.1336118,27.5791999
47.1353384,27.583743
47.1355441,27.5867143
47.1362032,27.5917289
47.1365928,27.5960425
47.1369589,27.6009048
47.1372018,27.605021
47.137289,27.6060185
47.1398476,27.6024665
47.1421142,27.5991816
47.1451652,27.5948247
47.1469211,27.5926558
47.1488933,27.5901437
47.1503818,27.5882761
47.151291,27.5877404
47.1519027,27.5878107
47.153229,27.5854335
47.1536604,27.5844435
47.1550129,27.5814143
47.1573866,27.5764208
47.1597405,27.5733634
47.1619383,27.5733052
47.1642837,27.5720298
47.1654906,27.571352
47.166011,27.5711289
47.1673346,27.5687705
47.1673953,27.5687461
47.170194,27.5633195
47.1718901,27.5595879
47.173317,27.5528513
47.1733428,27.5526804
47.1735357,27.5497787
47.1732725,27.5463097
47.1731946,27.5444159
47.1729221,27.5409759
47.1726584,27.53746
47.1722893,27.5377931
47.1722947,27.5377909
47.1722951,27.5377941
47.1722961,27.537797
47.1722988,27.5377993
47.1723003,27.5378008
47.1723562,27.5377986
47.1723592,27.5378035
47.1723621,27.5378065
47.1723787,27.5378174
47.1723883,27.5378182
47.1724001,27.5378251
47.1729035,27.5391694
47.1734206,27.5453069
47.1735185,27.5459506
47.1736692,27.5501507
47.173038,27.5543393
47.1710152,27.5613957
47.1693806,27.5647726
47.1680449,27.5674343
47.16743,27.5686351
47.1673427,27.5688349
47.1665088,27.570257
47.1655566,27.5714295
47.1616406,27.573312
47.159912,27.5732159
47.1569892,27.5747896
47.1554404,27.5791746
47.1536385,27.5830601
47.1516891,27.5872083
47.1504885,27.5883521
47.148415,27.5908517
47.1478477,27.5915231
47.1473221,27.5921573
47.1460626,27.5936981
47.1442586,27.5959922
47.1415122,27.6000033
47.1404962,27.6014941
47.1381975,27.6049704
47.1371404,27.6044623
47.1368461,27.6004055
47.1366898,27.5967238
47.1365273,27.5955265
47.1363308,27.5931579
47.1357579,27.5888795
47.1354802,27.5869752
47.135475,27.5869078
47.1352785,27.5837438
47.1340949,27.5771412
47.1342848,27.5756124
47.133601,27.5754916
47.1336012,27.5754907
47.1336022,27.5754898
47.1336027,27.5754894
47.1336254,27.5754946
47.133867,27.5748476
47.1336553,27.579597
47.1354325,27.5863339
47.1358438,27.5885755
47.1365604,27.593992
47.1366265,27.5956663
47.1369723,27.6006697
47.1372575,27.6049605
47.1373982,27.6058152
47.1383656,27.604842
47.1415097,27.6000924
47.141673,27.5997468
47.1430453,27.5976476
47.145168,27.5946181
47.1466791,27.5928095
47.1483968,27.5905597
47.1501469,27.5882256
47.1506648,27.587667
47.1520869,27.5878696
47.1535404,27.5845982
47.1539932,27.5835624
47.1545244,27.5825621
47.1573185,27.5764335
47.1580069,27.575613
47.160861,27.5731583
47.1640313,27.5722773
47.1653,27.5711878
47.1657744,27.5709952
47.1673347,27.5686047
47.1674177,27.5685223
47.1703218,27.562839
47.1721416,27.5583709
47.1731914,27.5530532
47.1734262,27.5522777
47.1733977,27.5479836
47.1733264,27.5469428
47.1731584,27.5434337
47.1728243,27.5402398
47.1723255,27.537569
47.1723305,27.5375391
47.1723288,27.5375772
47.1723099,27.53765
47.1723108,27.5376511
47.1726233,27.5379815
47.1730481,27.5412564
47.1732247,27.543729
47.1733714,27.545716
47.1735559,27.5502739
47.1734516,27.5522993
47.1720165,27.5590792
47.1710163,27.5613877
47.1682411,27.566967
47.1665361,27.570069
47.1663774,27.570433
47.1654757,27.5714563
47.1615243,27.5732409
47.1591284,27.5741045
47.1566573,27.57614
47.1550458,27.5799204
47.1535347,27.5832323
47.1515504,27.5872584
47.1506943,27.5879598
47.1495026,27.5894919
47.1479298,27.5914544
47.1465912,27.5930549
47.1443227,27.5959111
47.1420678,27.5990948
47.1418516,27.5994929
47.1411966,27.6005163
47.1405968,27.6014238
47.140579,27.6014375
47.1388808,27.6039159
47.1376022,27.6058107
47.1369907,27.6030725
47.1367691,27.5995189
47.13644,27.5946482
47.1356173,27.5881903
47.1354783,27.5869121
47.1338719,27.5802707
47.1340187,27.5757343
47.1340552,27.5751385
47.1336645,27.575489
47.1336604,27.5755304
47.1336537,27.5754514
47.1336509,27.5754497
47.1339673,27.5752919
47.1339284,27.5803946
47.1354867,27.5867041
47.1358138,27.5891134
47.1364233,27.5940389
47.1368986,27.600022
47.1370788,27.6024144
47.1373298,27.6059592
47.1372478,27.6059415
47.1385522,27.6044249
47.1416782,27.599764
47.1425517,27.5983879
47.1452445,27.5945665
47.1470724,27.5922554
47.1499069,27.5886729
47.150837,27.5876466
47.151718,27.5876664
47.152575,27.5868992
47.1536663,27.5843678
47.1536551,27.5843759
47.1554287,27.580455
47.1581084,27.5756228
47.1612047,27.5731837
47.1644689,27.5719465
47.1665893,27.5700925
47.167454,27.5685686
47.1694362,27.5647645
47.1716019,27.5601371
47.1728733,27.55484
47.1733328,27.5527871
47.1734986,27.5519546
47.1733149,27.5466948
47.1732216,27.5444745
47.1729233,27.5405365
47.1727433,27.5377816
47.1723973,27.537467
47.1724016,27.5374685
47.1724063,27.5374685
47.1723981,27.537468
47.1723985,27.5374677
47.1723984,27.5374681
47.1723989,27.5374677
47.1724013,27.537467
47.1723764,27.537543
47.172382,27.5375367
47.1724222,27.5375475
47.1724295,27.5375565
47.172399,27.5375312
47.1724387,27.5375048
47.1729523,27.5392725
47.173389,27.5448367
47.1734995,27.546774
47.1736524,27.5501474
47.173128,27.5539254
47.1710845,27.5612056
47.168938,27.565609
47.1675787,27.5683136
47.1665166,27.5701327
47.1660157,27.5710382
47.1635063,27.5724995
47.1603438,27.573104
47.1576622,27.5749901
47.1566504,27.5762758
47.1537189,27.5826802
47.1525154,27.5855029
47.1503856,27.5883292
47.1480027,27.5913533
47.1465939,27.5930303
47.1445079,27.5956581
47.141614,27.599787
47.1397249,27.6027086
47.1371462,27.6052453
47.1369338,27.6008621
47.1366941,27.5977157
47.1364241,27.5940017
47.1356335,27.5881223
47.1352572,27.5839346
47.1336311,27.5793063
47.1339764,27.5754511
47.1337219,27.5760223
47.1337186,27.5760214
47.1336627,27.5753966
47.1336748,27.5753952
47.1336818,27.575416
47.1336675,27.5754453
47.1336628,27.5754292
47.1336636,27.5754204
47.1336357,27.5754115
47.1336408,27.5754383
47.1336397,27.5754389
47.1336407,27.5754309
47.1337698,27.5747267
47.1341541,27.5806293
47.1354854,27.5867598
47.1360795,27.5907347
47.1365456,27.5956954
47.1369512,27.6008479
47.1372455,27.6053588
47.1374156,27.6062147
47.1407309,27.6011106
47.1420771,27.5990859
47.1447789,27.595252
47.1464453,27.5931777
47.1471115,27.5923192
47.1490867,27.5897943
47.1506158,27.5877175
47.1517339,27.5876011
47.1532339,27.5853951
47.1551401,27.5808558
47.1576341,27.5760478
47.1606667,27.5731642
47.1638838,27.5723995
47.1663488,27.5706849
47.1674636,27.5683864
47.1689589,27.5655415
47.171146,27.5610015
47.1724839,27.5568802
47.173354,27.5525685
47.173426,27.5522762
47.173361,27.5471016
47.1732049,27.5446939
47.1728535,27.5402299
47.1726345,27.5375716
47.1722718,27.5376549
47.1722655,27.5376652
47.1722667,27.5376629
47.1722687,27.5376592
47.1722702,27.5376538
47.1722715,27.5376494
47.1469066,27.5558774
47.1482942,27.5612579
47.1456192,27.566295
47.1437384,27.5708724
47.142921,27.5726113
47.1408834,27.5767656
47.1397911,27.5782617
47.1422377,27.5801228
47.1445429,27.5815725
47.149846,27.5860826
47.1504014,27.5865122
47.1514782,27.5876373
47.1518965,27.5879017
47.1525762,27.5868244
47.1525755,27.5868222
47.152572,27.5868159
47.1525739,27.5868494
47.1526287,27.5868086
47.1526237,27.5868003
47.1525324,27.5868164
47.1524494,27.586699
47.1524404,27.5866864
47.1536773,27.5843282
47.1533543,27.5836443
47.1516774,27.5873031
47.1494571,27.5859315
47.1471457,27.5839654
47.1425668,27.5804387
47.1402446,27.5794603
47.1394746,27.5784744
47.1408362,27.5765359
47.1430552,27.5721041
47.1444815,27.5686979
47.1479075,27.5619295
47.1480462,27.5588347
47.1466553,27.5545353
47.1455261,27.5477765
47.1450576,27.5390143
47.1462731,27.5318577
47.1465206,27.5310525
47.1453204,27.5261505
47.1453196,27.5261532
47.1453204,27.5261569
47.1453548,27.5262024
47.1453551,27.5262028
47.1453563,27.526203
47.1453555,27.5262039
47.1453545,27.5262031
47.1453539,27.5262027
47.1453529,27.5262039
47.1453523,27.5262073
47.1453519,27.5262079
47.1453429,27.5262238
47.1450216,27.5265106
47.1460724,27.5299119
47.1464759,27.5312568
47.1443185,27.5376831
47.1451831,27.5418353
47.1458688,27.5495886
47.1468151,27.5551736
47.1478588,27.5585845
47.1478764,27.562243
47.144208,27.5696593
47.1429941,27.5723398
47.141369,27.5752039
47.139745,27.578278
47.1418162,27.57999
47.1435912,27.580738
47.1479686,27.5845208
47.1482588,27.5847344
47.1503925,27.5864311
47.1508326,27.5868227
47.152397,27.5871587
47.1525596,27.5867452
47.1525537,27.5867161
47.1525635,27.5868273
47.1525915,27.5868239
47.1526395,27.5867949
47.1526264,27.5867843
47.1526959,27.5865618
47.1534825,27.5836445
47.1519267,27.5868759
47.1500256,27.5864084
47.1489409,27.5855241
47.1442538,27.5815441
47.1424818,27.5804016
47.1401252,27.5793179
47.1397694,27.5780955
47.1420908,27.5736694
47.1444984,27.5687924
47.1466721,27.5641088
47.1484818,27.5605648
47.1468656,27.55592
47.1459604,27.5504601
47.1453206,27.5466467
47.1450385,27.5390412
47.1456497,27.5336654
47.1465082,27.5297078
47.1454209,27.5261232
47.1453098,27.5262894
47.1452891,27.5262433
47.1453207,27.5261967
47.1453147,27.5262025
47.1453561,27.5261766
47.1453131,27.5261718
47.1453444,27.526237
47.1453214,27.5262684
47.1453251,27.5262403
47.1453461,27.5261811
47.1452909,27.5262133
47.1452727,27.5261848
47.1452865,27.5261723
47.1453032,27.5261613
47.144972,27.5265342
47.1458409,27.5293027
47.14612,27.5324268
47.1450085,27.5388481
47.1452048,27.5441754
47.1460074,27.5501583
47.1468851,27.5555037
47.1484322,27.5609037
47.1454329,27.5666101
47.1436272,27.571188
47.1416531,27.5745805
47.1398906,27.5781218
47.1394689,27.5788467
47.1435609,27.580757
47.1481847,27.5846618
47.149681,27.5858876
47.1509413,27.5870385
47.1520963,27.5927363
47.1539245,27.6027423
47.1523156,27.603533
47.152448,27.603074
47.1524495,27.6030734
47.1524508,27.6030732
47.1533685,27.6025556
47.1533458,27.6025451
47.1533698,27.6025813
47.1533698,27.602581
47.1534263,27.6016544
47.1533768,27.6016409
47.1532295,27.6016145
47.1525087,27.6017943
47.1521036,27.6016352
47.1520855,27.6016357
47.1520883,27.6016558
47.1520766,27.6016317
47.1520981,27.6016178
47.1520999,27.6016255
47.1520982,27.6016302
47.1520964,27.6016354
47.1520944,27.601639
47.1520933,27.6016415
47.1520924,27.6016431
47.1520747,27.6016172
47.1520726,27.6016198
47.1520668,27.601587
47.1520652,27.6015908
47.1520644,27.6015935
47.1520642,27.6015967
47.1520641,27.6015988
47.1520648,27.6016006
47.1520646,27.6016032
47.1520832,27.6016059
47.1520845,27.6016099
47.1521085,27.6016277
47.1520937,27.6016411
47.1520877,27.6016448
47.1520862,27.6016452
47.1520925,27.6016696
47.1521212,27.6016622
47.1521167,27.6016537
47.1521156,27.6016553
47.1521306,27.6016992
47.1521292,27.601702
47.1521292,27.6017033
47.1521284,27.601707
47.1521312,27.6017004
47.15215,27.6016891
47.1521487,27.6016879
47.1521477,27.6016911
47.1521457,27.6016942
47.1521516,27.6016838
47.1521505,27.6016909
47.1521497,27.6016953
47.1521475,27.6017006
47.1521462,27.6016988
47.152131,27.6016537
47.1521152,27.6016572
47.1521252,27.6016668
47.1521685,27.6016415
47.1521687,27.6016399
47.1521678,27.601643
47.1521669,27.6016482
47.1521526,27.6016397
47.1521472,27.6016541
47.1521443,27.6016602
47.1521429,27.6016671
47.1521368,27.6016946
47.1521353,27.6016972
47.1521391,27.601618
47.1521388,27.6016216
47.1521356,27.6016317
47.152134,27.6016385
47.1521333,27.6016449
47.1521409,27.6016297
47.1521362,27.6016448
47.152135,27.6016499
47.1521349,27.6016567
47.1521739,27.6015936
47.1521783,27.6016483
47.1521725,27.6016541
47.1521452,27.6016655
47.1521441,27.6016723
47.1521423,27.6016778
47.1521416,27.6016794
47.1521393,27.6016788
47.1521124,27.6016357
47.1521462,27.6016054
47.1521471,27.6016162
47.1521373,27.6016418
47.1521256,27.6016956
47.152122,27.6016953
47.1521378,27.6017149
47.152114,27.6017171
47.1521125,27.6017288
47.1521116,27.6017429
47.1521102,27.6017515
47.1521101,27.601754
47.152111,27.6017565
47.1521463,27.6016866
47.1521459,27.6016884
47.1521457,27.6016917
47.1521197,27.6016776
47.1521205,27.6016815
47.1521208,27.6016849
47.1521392,27.6016902
47.1521529,27.6017156
47.1521543,27.6017182
47.1521403,27.6016131
47.1521378,27.6016298
47.1521293,27.6015902
47.1521243,27.6016277
47.1521278,27.6016834
47.1521114,27.6017229
47.1521403,27.6017305
47.1521444,27.6017373
47.1521464,27.6017357
47.1521478,27.6017369
47.152146,27.6017379
47.1521468,27.601736
47.152145,27.6017349
47.1521421,27.6017315
47.1521402,27.601731
47.1521378,27.6017284
47.1521585,27.6016087
47.1521486,27.6016109
47.1521446,27.6016137
47.1521369,27.6016138
47.1521306,27.6016157
47.152126,27.6016154
47.1521199,27.6016186
47.1521156,27.6016243
47.1521148,27.6016292
47.1521153,27.601631
47.1521165,27.6016317
47.1521117,27.6016348
47.1521098,27.6016355
47.1521079,27.6016354
47.1521054,27.6016358
47.1521028,27.6016347
47.1520999,27.6016349
47.1520998,27.6016358
47.1520989,27.6016369
47.1520981,27.6016371
47.1520992,27.6016355
47.1520995,27.6016353
47.1521005,27.601637
47.1520996,27.6016364
47.1520985,27.6016368
47.152099,27.6016357
47.1520983,27.6016361
47.1520983,27.6016346
47.1520982,27.6016334
47.152099,27.6016332
47.1520997,27.6016313
47.1520987,27.6016313
47.1520977,27.6016343
47.1520961,27.601639
47.1520962,27.6016396
47.1520961,27.6016408
47.1521299,27.6016466
47.1521303,27.6016464
47.1521287,27.6016493
47.1521274,27.6016516
47.1521254,27.6016546
47.1521249,27.6016564
47.1521151,27.6016271
47.1521087,27.6016608
47.1521073,27.6016698
47.1521028,27.6016926
47.1520994,27.6017038
47.1520972,27.601719
47.152094,27.6017366
47.1520921,27.6017534
47.1520939,27.6017521
47.1520926,27.6017595
47.1520923,27.6017648
47.1520926,27.6017655
47.1520912,27.6017752
47.1520908,27.601784
47.1520896,27.6017893
47.1520894,27.6017954
47.1520892,27.6017995
47.1520896,27.6018025
47.1520901,27.6018072
47.152089,27.6018153
47.1520892,27.6018216
47.1520885,27.6018278
47.1520879,27.6018271
47.1520879,27.6018268
47.1520896,27.601825
47.1520881,27.6018301
47.1520896,27.6018312
47.1520896,27.6018345
47.1520901,27.6018348
47.1520902,27.6018363
47.152091,27.6018359
47.1520914,27.601836
47.1520913,27.6018367
47.1520921,27.6018373
47.1520917,27.6018385
47.1520913,27.6018381
47.1520905,27.6018381
47.1520956,27.6018194
47.1520949,27.6018196
47.1520952,27.6018182
47.1520942,27.6018199
47.1520936,27.6018198
47.1520921,27.6018227
47.1520915,27.6018226
47.1520905,27.6018249
47.1520965,27.6017013
47.1520935,27.6017023
47.1520907,27.6017056
47.1520884,27.6017107
47.1520872,27.6017126
47.1520787,27.601674
47.1520581,27.6016435
47.1520583,27.6016447
47.1521048,27.6016221
47.1521048,27.6016294
47.1521018,27.6016322
47.152101,27.6016345
47.1520355,27.6015335
47.15204,27.6015843
47.1520494,27.6016275
47.1521119,27.6016542
47.1520739,27.6016388
47.1520721,27.6016452
47.1521011,27.6017015
47.1521005,27.601705
47.1520846,27.6017032
47.152081,27.6016914
47.1520629,27.6016788
47.1520628,27.6016822
47.1520681,27.6017075
47.1520705,27.6017092
47.15207,27.601714
47.1520713,27.6017171
47.1520704,27.6017193
47.1520705,27.6017203
47.1520692,27.6017234
47.1520678,27.6017262
47.1520669,27.6017277
47.1520672,27.6017276
47.152066,27.6017293
47.1520993,27.6016426
47.152098,27.6016449
47.1520951,27.6016488
47.1520948,27.6016509
47.1520937,27.6016534
47.1520923,27.6016546
47.1520913,27.6016579
47.1520904,27.6016638
47.1520959,27.601667
47.1520978,27.6016744
47.1521071,27.6016536
47.15211,27.6016577
47.1521111,27.6016618
47.1521116,27.6016652
47.1521129,27.6016679
47.1521117,27.6016696
47.1521106,27.6017081
47.152112,27.6017136
47.1521414,27.6016833
47.1521367,27.6017002
47.15215,27.6017045
47.1521492,27.6017069
47.1521559,27.6016916
47.1521533,27.6016997
47.1521528,27.6017015
47.152105,27.6016543
47.1521475,27.6016748
47.1521701,27.601712
47.1521837,27.6017574
47.1521637,27.6017099
47.1521274,27.6017098
47.1521062,27.6017332
47.1521047,27.601734
47.1519932,27.6016484
47.1519806,27.601582
47.1521759,27.60155
47.1521563,27.6016485
47.1521915,27.6016961
47.1521446,27.6017155
47.1521624,27.601696
47.1521643,27.6017082
47.1521672,27.6016998
47.1522896,27.6016411
47.152281,27.6016365
47.1522775,27.6016438
47.1522753,27.6016413
47.1521969,27.6016887
47.1521233,27.6016941
47.1521061,27.6016904
47.1521352,27.6017188
47.1521439,27.6017071
47.1521596,27.6016278
47.1521231,27.6015811
47.1520792,27.6016125
47.1520773,27.6016211
47.1520805,27.6016449
47.1520979,27.6016996
47.1520685,27.6016507
47.1520566,27.6015538
47.1520733,27.601599
47.152073,27.6016015
47.1520923,27.6016251
47.1520919,27.6016478
47.1520828,27.6016755
47.1520922,27.6016753
47.1520405,27.6016903
47.1520375,27.6016911
47.152075,27.6016627
47.1520184,27.6016701
47.1520256,27.6016651
47.1520944,27.6017184
47.1521115,27.6017874
47.1521032,27.6017875
47.1520977,27.6017889
47.1520928,27.6017856
47.152092,27.6017787
47.1520695,27.6017363
47.1517643,27.601733
47.1517128,27.6018151
47.1517651,27.6017207
47.1517937,27.601724
47.1518431,27.6017411
47.1518442,27.6017519
47.1518544,27.6017528
47.1518725,27.6017517
47.1518754,27.601754
47.1518845,27.6017508
47.1518934,27.6017487
