47.152967,27.6034878
47.1529804,27.6034578
47.1529639,27.6035765
47.1529634,27.6037425
47.1530112,27.6035058
47.1530006,27.6034802
47.1530018,27.6036085
47.15297,27.6036541
47.1529952,27.6036267
47.1530195,27.6034783
47.1530402,27.6034757
47.1530641,27.6034976
47.1530643,27.6035021
47.153066,27.6035016
47.1530341,27.6034237
47.1530379,27.6033366
47.153025,27.6033223
47.1530229,27.6033342
47.1529901,27.6034182
47.1530097,27.6034249
47.1530265,27.6033987
47.1529859,27.6034438
47.1529724,27.6035256
47.1529969,27.6034537
47.1530328,27.6033816
47.1530341,27.6033858
47.1530104,27.6034226
47.1530039,27.6034767
47.1530091,27.6034013
47.1530301,27.6034378
47.1530433,27.6034817
47.1530542,27.603457
47.1530399,27.6034456
47.1530231,27.6034136
47.1530251,27.6034488
47.1530282,27.6034865
47.1530292,27.6034926
47.1530311,27.6034939
47.1530283,27.6034497
47.1529752,27.6034411
47.1529524,27.603439
47.1530412,27.6032527
47.1530236,27.6032724
47.1529836,27.6033709
47.1529712,27.6034172
47.1530764,27.6032231
47.1530496,27.6032026
47.1529884,27.603256
47.1528877,27.6032872
47.1528907,27.6032993
47.1528912,27.603372
47.1528973,27.603384
47.1529186,27.6033385
47.1529475,27.603361
47.1529494,27.6033711
47.1529579,27.6034299
47.1529513,27.603519
47.1529728,27.6035746
47.1529694,27.60363
47.1529676,27.6036424
47.152911,27.603707
47.1529107,27.6037205
47.1529099,27.6037259
47.1528792,27.6036476
47.152881,27.6035284
47.1529295,27.6034381
47.1529635,27.6033604
47.1529427,27.603473
47.1530251,27.6034467
47.1530264,27.6034579
47.1529917,27.6034585
47.1529776,27.6034577
47.1529797,27.6034487
47.1530194,27.6033921
47.153035,27.6033801
47.1530295,27.6033837
47.152996,27.6034047
47.1529955,27.6034048
47.1530195,27.6033984
47.1529767,27.6033565
47.1529873,27.6033435
47.1529854,27.6033614
47.1529819,27.6033451
47.1529801,27.6033998
47.1529782,27.6034229
47.1529458,27.6034226
47.1529447,27.6034505
47.152946,27.6035407
47.1529437,27.6035304
47.1529064,27.6034941
47.1529079,27.6034951
47.1529729,27.6034263
47.1529968,27.6034474
47.1530021,27.6033113
47.1529859,27.6033448
47.1529637,27.6033716
47.1529941,27.6033387
47.1529888,27.603355
47.1529869,27.6033686
47.1529464,27.6033454
47.1529371,27.6033501
47.1529445,27.6034707
47.1529472,27.6034812
47.1529748,27.60335
47.1529808,27.6033207
47.1529835,27.6033431
47.1529799,27.6034057
47.152983,27.6034319
47.1529834,27.6034324
47.152964,27.6033294
47.1529587,27.60329
47.1529569,27.6032968
47.1529562,27.6033002
47.1529932,27.6032523
47.1529875,27.6032833
47.1529826,27.603264
47.1529454,27.603322
47.1529443,27.6033431
47.1529448,27.6033493
47.1529366,27.6033241
47.1529398,27.6033342
47.1529734,27.6033698
47.1529725,27.6033766
47.1529381,27.603243
47.1529388,27.6032482
47.1529402,27.603176
47.1529521,27.6032143
47.1529567,27.6032098
47.1529352,27.6032417
47.152946,27.6032624
47.1529416,27.6032905
47.1529529,27.6032667
47.1529796,27.6032755
47.1529827,27.6033037
47.1529785,27.6033347
47.1529799,27.6033668
47.1529765,27.6033703
47.1530034,27.6033758
47.153004,27.6033852
47.1530095,27.6034538
47.1530038,27.6034784
47.1530293,27.6033175
47.1529527,27.6034128
47.1530223,27.6033949
47.1530198,27.6034007
47.1530191,27.6034047
47.1530188,27.6034394
47.1530229,27.603444
47.1530268,27.6034529
47.1530285,27.6034551
47.1530444,27.6034319
47.1530439,27.6034362
47.153067,27.6033866
47.1530236,27.6033173
47.1530356,27.6032211
47.153038,27.6032524
47.1530197,27.6032875
47.1529875,27.6032943
47.1528902,27.603332
47.1528991,27.6033197
47.1529026,27.6032943
47.1528952,27.6032145
47.1529324,27.6032908
47.1529569,27.6033361
47.1529588,27.6033433
47.1529447,27.603315
47.1529412,27.6033215
47.1528577,27.6032999
47.152865,27.6033055
47.1528603,27.603395
47.1529672,27.6033549
47.1529822,27.6032924
47.1529881,27.6032886
47.1529881,27.6032938
47.1530133,27.603349
47.1530124,27.6033497
47.1530119,27.6033516
47.1530423,27.6033267
47.1530394,27.603332
47.1529273,27.6033814
47.1529289,27.6033862
47.1529296,27.6033898
47.1529332,27.6033785
47.1530642,27.6031941
47.1529803,27.6034522
47.1529619,27.6034675
47.1529627,27.6034676
47.1529645,27.6034634
47.1529639,27.6034564
47.1530769,27.6032385
47.1530407,27.6033102
47.1530032,27.6032142
47.1529972,27.6032406
47.152993,27.6032487
47.1529844,27.6032703
47.152959,27.6034112
47.1528851,27.6034421
47.152883,27.6034536
47.1529177,27.6033942
47.1528878,27.6034142
47.1529033,27.603119
47.1529173,27.6030227
47.1529184,27.603162
47.1529655,27.6032217
47.1529492,27.6032985
47.1528904,27.6033397
47.1528823,27.6033384
47.1529058,27.6033904
47.1529662,27.6033022
47.1529778,27.6032807
47.1529714,27.6032939
47.1529125,27.6033094
47.1528268,27.6034138
47.1528863,27.6033268
47.1528937,27.6033322
47.1528927,27.6034184
47.1530469,27.6033942
47.1530021,27.6034949
47.1529837,27.6034794
47.1530155,27.6033606
47.1530319,27.6034339
47.1529924,27.6034971
47.1529985,27.6034979
47.1529975,27.6034939
47.1529972,27.6034894
47.1529596,27.6035276
47.152951,27.6033597
47.1529493,27.6034021
47.1529311,27.6034325
47.1529513,27.6034786
47.1531831,27.603661
47.1529429,27.6036525
47.1529545,27.6033759
47.1529452,27.60328
47.1529386,27.6032991
47.1529357,27.6033286
47.152936,27.6033418
47.1529147,27.6033033
47.1529182,27.6033092
47.1528969,27.6032512
47.1528982,27.6032726
47.1528966,27.6032923
47.1529107,27.6033014
47.1528801,27.603355
47.1528822,27.6033568
47.1529193,27.6034144
47.1529618,27.6034318
47.1529804,27.6033526
47.1529347,27.6033901
47.152936,27.6034296
47.1529687,27.6034442
47.1529598,27.6034573
47.1529592,27.6034607
47.1529583,27.6034617
47.1529469,27.6033226
47.1529864,27.6032603
47.1529612,27.6035038
47.1529587,27.6033307
47.1529547,27.6033524
47.1529519,27.6033568
47.1529395,27.6033849
47.1528344,27.6030905
47.1528942,27.6032383
47.1529049,27.6032704
47.1529073,27.6032822
47.1529208,27.6032926
47.1529218,27.6032892
47.1529051,27.6032523
47.1529348,27.6033217
47.1528681,27.6033652
47.1529168,27.6034045
47.1529395,27.6033356
47.1529859,27.6031903
47.1529964,27.6031906
47.1529698,27.603342
47.1529605,27.6033303
47.152961,27.6033344
47.1529477,27.6033761
47.1529876,27.6033761
47.1529978,27.6033395
47.1529829,27.6033714
47.1530291,27.6032952
47.1530274,27.6032938
47.1530405,27.6033173
47.1530265,27.6033441
47.1530483,27.6032987
47.1530477,27.603253
47.1530211,27.6032366
47.1530056,27.6032366
47.1530032,27.6032435
47.1530222,27.6033991
47.1529617,27.603383
47.1529669,27.6033198
47.1529876,27.6033577
47.1529796,27.6033537
47.1529788,27.6033584
47.152991,27.6033457
47.1529758,27.6033094
47.1529746,27.603313
47.1529464,27.6033857
47.1529462,27.6033936
47.1528682,27.6033336
47.1528665,27.6033361
47.152847,27.6033576
47.1528485,27.6033814
47.1528735,27.6033665
47.1528777,27.6033406
47.1528514,27.6033192
47.1527849,27.6033265
47.152841,27.6033071
47.1528541,27.6033208
47.1528564,27.6033447
47.1528612,27.6033643
47.1528604,27.6033916
47.1528996,27.6033294
47.153059,27.6032031
47.1530588,27.603214
47.1530552,27.6032439
47.1529573,27.6032662
47.1529251,27.6032162
47.153019,27.6035902
47.1530306,27.6035152
47.1530087,27.6034019
47.1529933,27.6034436
47.1529927,27.6034466
47.1530065,27.603449
47.1530046,27.6033995
47.152951,27.6033457
47.1529683,27.6033348
47.1529712,27.6033238
47.1529572,27.6032229
47.1529196,27.6033527
47.1529642,27.6034318
47.1529438,27.6033773
47.1529348,27.6034066
47.1529346,27.6034102
47.152916,27.6034682
47.1529163,27.6034792
47.1529237,27.6033827
47.1529283,27.6033456
47.1529663,27.6033103
47.1529667,27.6033197
47.1529692,27.6033149
47.152993,27.6033548
47.152971,27.6034352
47.1529544,27.6034563
47.1529441,27.6034113
47.1529697,27.6033861
47.1530117,27.6033774
47.1530192,27.6033781
47.1530146,27.6033519
47.1529525,27.6034529
47.1529077,27.6033406
47.1529083,27.6033446
47.1529314,27.6034169
47.1529294,27.6034317
47.1529337,27.6034358
47.1529851,27.6033711
47.1529919,27.6033877
47.1530188,27.6033687
47.1529834,27.6033159
47.1529843,27.6033213
47.1529939,27.6032066
47.1529333,27.6032703
47.1529223,27.6035411
47.1529052,27.6035143
47.152905,27.603516
47.1529631,27.603334
47.1529651,27.6033384
47.1529696,27.6033438
47.1529757,27.6033187
47.15302,27.6033411
47.1530505,27.6033536
47.1530661,27.6034163
47.1530365,27.6033751
47.1530081,27.6033674
47.152964,27.6033776
47.1529661,27.6033912
47.1529854,27.6034426
47.1529633,27.6034334
47.1529213,27.6035143
47.1529211,27.603516
47.1529173,27.6035263
47.1529163,27.6035309
47.1529148,27.6035386
47.1529394,27.6035114
47.1529716,27.6034785
47.1529554,27.603448
47.1529245,27.6033664
47.1529602,27.6037262
47.153009,27.6034661
47.1530044,27.6034643
47.1530051,27.6034674
47.1530027,27.6034718
47.1530006,27.6034743
47.1530016,27.6034716
47.1529949,27.6034735
47.1529939,27.6034618
47.152997,27.6034707
47.1530021,27.6034071
47.1529145,27.6034301
47.1528908,27.6034894
47.1528758,27.6036175
47.1528756,27.6036183
47.1528909,27.6036064
47.152935,27.6035753
47.152934,27.6035912
47.1529328,27.6036003
47.1529177,27.6036177
47.1529286,27.603511
47.1529489,27.6034405
47.1529465,27.603459
47.1529246,27.603483
47.1529137,27.6034966
47.1529019,27.6035264
47.152887,27.6033097
47.1529101,27.603246
47.1528954,27.6033149
47.1529451,27.603377
47.152927,27.6032831
47.1529245,27.603279
47.1529099,27.6032354
47.1529102,27.6031849
47.1529322,27.6031997
47.1529325,27.6031949
47.1529329,27.6032056
47.1529328,27.6032123
47.1529329,27.6032181
47.152933,27.6032192
47.1529095,27.6033307
47.1529982,27.6032394
47.1529801,27.6032347
47.1530151,27.6032588
47.1530263,27.6032479
47.1529801,27.6032945
47.1529454,27.6032574
47.1529445,27.6032678
47.1529469,27.6034
47.1530074,27.603241
47.153006,27.6032413
47.1530042,27.6032481
47.1530027,27.6032512
47.1530006,27.6032561
47.1529901,27.6032384
47.1529959,27.6032811
47.1529794,27.6032666
47.1529784,27.6032681
47.1529801,27.6032825
47.1529872,27.6032878
47.1529645,27.6033415
47.1529263,27.6033007
47.1529257,27.603338
47.1529113,27.6033422
47.1529177,27.6033576
47.1529183,27.6033601
47.1529185,27.603361
47.1529078,27.603363
47.1529106,27.6033623
47.1529113,27.6033738
47.1529045,27.6033799
47.1529578,27.603454
47.1529599,27.6034614
47.1529623,27.6034637
47.1529632,27.6034697
47.1529629,27.6034738
47.152964,27.6036256
47.1529532,27.6035687
47.1529575,27.603573
47.1529597,27.6035677
47.1529601,27.6035695
47.1529776,27.6035159
47.1530045,27.6035307
47.1530003,27.6035266
47.152964,27.603294
47.1529853,27.6034362
47.152887,27.6033672
47.1528694,27.6033029
47.1529223,27.6032876
47.1529904,27.603359
47.1529925,27.6033567
47.1530223,27.6032555
47.1530403,27.6032816
47.1530354,27.6032845
47.1529901,27.6034824
47.1530077,27.6034156
47.1529968,27.603202
47.1530315,27.6031225
47.1530001,27.6032863
47.1529939,27.6033072
47.1529917,27.6033588
47.1529934,27.6034784
47.1529654,27.6035142
47.1529698,27.6034798
47.1529744,27.6034684
47.152973,27.6034627
47.1530097,27.6033498
47.1529289,27.6035479
47.1528518,27.6036636
47.1528662,27.60337
47.1528645,27.6032975
47.1528669,27.6032983
47.1529958,27.6034692
47.1530112,27.6034324
47.1530577,27.6033226
47.1530595,27.6033211
47.1530618,27.6033225
47.153045,27.6033817
47.1530018,27.6034497
47.1529991,27.6034504
47.153001,27.6034806
47.1530038,27.60349
47.1530044,27.6034909
47.1529991,27.6034354
47.1529993,27.6034357
47.1529966,27.6034415
47.1529954,27.6034428
47.152998,27.6034115
47.1529977,27.6034144
47.1530009,27.6034082
47.1530228,27.6033386
47.1529796,27.6033181
47.1529794,27.6033203
47.1529812,27.6033216
47.1529935,27.6033232
47.1529934,27.6033286
47.1529515,27.6034489
47.1531297,27.6033528
47.1531288,27.6033505
47.1531256,27.6033489
47.1530429,27.6034399
47.1530336,27.6034493
47.1530377,27.6034092
47.1530392,27.6034085
47.1531771,27.603167
47.1531025,27.6032856
47.1531027,27.6032912
47.1531015,27.6032923
47.1531018,27.6032972
47.1530715,27.6032666
47.1530597,27.6033416
47.1529452,27.6032851
47.1529243,27.603414
47.1529628,27.6034082
47.1529667,27.6034069
47.1529743,27.6034341
47.1530329,27.6034339
47.1530341,27.6034363
47.153073,27.6034213
47.1530726,27.6034185
47.1530663,27.6033584
47.1530345,27.6033226
47.1530343,27.6033232
47.1530327,27.6033308
47.1530594,27.6033811
47.1530395,27.6033845
47.1530376,27.6033896
47.1530215,27.6033077
47.1530263,27.6033611
47.1530249,27.6033626
47.1530248,27.6033668
47.1530282,27.6033439
47.1530273,27.603347
47.1530298,27.6033905
47.1530276,27.6033953
47.1530257,27.6033972
47.1530248,27.6034007
47.1529791,27.6033352
47.1529954,27.6033581
47.1529917,27.603362
47.1530061,27.6033086
47.1530049,27.603308
47.1530048,27.60331
47.1529902,27.603361
47.1529925,27.6033674
47.1529922,27.6033666
47.1529956,27.6032452
47.1530037,27.6032505
47.1530202,27.6032606
47.1530198,27.6032634
47.1530195,27.6032663
47.1530152,27.6033314
47.152983,27.6033424
47.1529832,27.6033447
47.1529835,27.6033469
47.1529855,27.6033519
47.1529857,27.6033517
47.1529891,27.6033554
47.1523118,27.6029105
47.152865,27.6012565
47.152819,27.6016757
47.1528217,27.6017155
47.1529763,27.6016741
47.1529687,27.6016807
47.1529691,27.6016814
47.1529695,27.6016813
47.1529691,27.6016818
47.1529714,27.601683
47.1530684,27.6017761
47.1532821,27.6017746
47.1529871,27.6033909
47.1524981,27.6032277
47.152437,27.6027901
47.1524539,27.6027978
47.1524533,27.6027972
47.1524523,27.6027972
47.1524509,27.6027965
47.1524489,27.6027938
47.1524458,27.6027907
47.1524414,27.6027861
47.1524384,27.602783
47.1524334,27.6027792
47.1524322,27.6027778
47.1524312,27.6027779
47.1524302,27.6027767
47.1524281,27.6027746
47.1524045,27.6027581
47.1524064,27.6027596
47.1524064,27.6027591
47.1524073,27.6027598
47.1524079,27.6027605
47.1524087,27.6027609
47.1524091,27.6027602
47.1524101,27.6027602
47.1524106,27.6027591
47.1524114,27.60276
47.152412,27.60276
47.1524123,27.6027603
47.1524132,27.602761
47.1524128,27.6027617
47.1524125,27.602762
47.1524003,27.6028164
47.1524081,27.6027717
47.1524228,27.6027529
47.1524216,27.6027518
47.1524207,27.6027522
47.1524195,27.6027521
47.1524186,27.6027521
47.1524182,27.6027509
47.1524181,27.6027506
47.1524279,27.6027428
47.1524289,27.6027439
47.1524325,27.602743
47.152433,27.6027437
47.1524354,27.6027413
47.1524214,27.602738
47.1524298,27.6027483
47.1524368,27.602759
47.1524374,27.6027585
47.1524374,27.6027591
47.1524376,27.6027596
47.1524372,27.6027601
47.1524369,27.6027599
47.1524377,27.6027597
47.1524384,27.6027591
47.1524377,27.6027575
47.1524371,27.6027567
47.1524358,27.6027561
47.1524343,27.6027578
47.1524332,27.6027588
47.152435,27.6027602
47.1524331,27.6027625
47.1524334,27.6027618
47.1524339,27.602761
47.1524337,27.6027615
47.1524328,27.6027612
47.1524322,27.602762
47.1524314,27.6027615
47.1524307,27.6027606
47.1524303,27.6027601
47.1524299,27.6027601
47.1524303,27.6027604
47.1524299,27.6027599
47.1524289,27.6027602
47.1524286,27.6027604
47.1524284,27.6027605
47.152428,27.6027598
47.1524276,27.6027594
47.1524276,27.6027589
47.1524271,27.6027585
47.1524266,27.6027587
47.152426,27.6027585
47.1524254,27.6027588
47.152425,27.6027587
47.1524241,27.6027586
47.1524237,27.6027588
47.152423,27.6027593
47.1524225,27.6027594
47.1524214,27.6027597
47.152421,27.60276
47.1524205,27.6027607
47.1524203,27.6027603
47.1524199,27.6027603
47.152419,27.6027601
47.1524181,27.6027602
47.1524171,27.6027606
47.1524166,27.6027608
47.1524159,27.6027613
47.152415,27.6027617
47.1524149,27.6027616
47.1524149,27.6027621
47.152415,27.6027628
47.1524151,27.6027629
47.152415,27.6027631
47.152415,27.6027632
47.1524149,27.6027631
47.1524148,27.6027633
47.1524351,27.602802
47.1524384,27.6028045
47.1524391,27.6028049
47.1524355,27.6028043
47.1524324,27.6028033
47.1524293,27.6028027
47.1524263,27.6028013
47.1524273,27.6028028
47.1524282,27.6028029
47.1524227,27.6027787
47.1524237,27.602782
47.1524235,27.6027818
47.1524222,27.6027841
47.1524206,27.6027857
47.1524215,27.6027893
47.1524205,27.6027916
47.152423,27.6027947
47.152422,27.6027963
47.1524222,27.6027939
47.1524137,27.602778
47.1524048,27.6027641
47.1524046,27.6027637
47.1524041,27.6027642
47.1524045,27.6027632
47.1523713,27.6027979
47.1523733,27.6028077
47.1523772,27.6028242
47.1523829,27.6028265
47.1523911,27.6027819
47.1523882,27.6027819
47.15239,27.6027816
47.152388,27.6027804
47.1523893,27.6027776
47.1524022,27.6027845
47.1524013,27.602785
47.1524023,27.6027859
47.1524025,27.6027855
47.1524024,27.6027847
47.1524017,27.6027832
47.1524013,27.6027805
47.1524011,27.6027802
47.1524016,27.6027794
47.1524019,27.6027774
47.1524018,27.6027754
47.1524023,27.6027733
47.1524031,27.602773
47.1524037,27.6027733
47.1524043,27.6027726
47.1524043,27.6027712
47.1524044,27.6027705
47.1524038,27.6027698
47.1524034,27.6027693
47.1524029,27.6027684
47.1524021,27.6027672
47.1524024,27.6027669
47.1524024,27.6027667
47.1524025,27.6027676
47.1524024,27.6027676
47.1524022,27.6027676
47.1524012,27.6027692
47.1524,27.6027688
47.1523993,27.6027676
47.1523988,27.6027669
47.1523983,27.6027662
47.1523984,27.6027655
47.1523983,27.602765
47.1523989,27.6027663
47.1523996,27.6027671
47.1523998,27.6027673
47.1524006,27.6027679
47.1524014,27.6027692
47.1524018,27.6027686
47.1524021,27.6027687
47.1524027,27.6027695
47.1524022,27.6027685
47.1524026,27.6027685
47.1524028,27.6027677
47.1524028,27.6027679
47.1524033,27.6027687
47.1524036,27.6027689
47.1524035,27.6027689
47.1524034,27.6027684
47.152403,27.6027685
47.152403,27.6027689
47.1524033,27.60277
47.1524041,27.6027705
47.1524044,27.6027704
47.1524042,27.6027701
47.1524048,27.6027704
47.152405,27.6027704
47.1524054,27.6027706
47.1524057,27.6027709
47.1524053,27.6027707
47.1524049,27.6027704
47.1524046,27.60277
47.152404,27.6027694
47.1524041,27.6027698
47.1524035,27.6027697
47.152403,27.6027693
47.1524027,27.6027688
47.1524022,27.6027686
47.1524016,27.6027681
47.1524011,27.6027679
47.1524006,27.6027675
47.1524001,27.6027668
47.1524001,27.6027667
47.1524003,27.6027671
47.1523995,27.6027664
47.1524,27.6027673
47.1523995,27.6027667
47.1523878,27.6027814
47.1523756,27.6027954
47.152376,27.6027934
47.1523767,27.6027933
47.1523774,27.6027929
47.1523774,27.6027927
47.1523783,27.6027928
47.152377,27.6027935
47.1523771,27.6027929
47.1523763,27.6027936
47.1523768,27.6027934
47.1523772,27.6027931
47.1523778,27.6027909
47.1523798,27.6027895
47.1523809,27.6027887
47.1523818,27.6027874
47.1523827,27.6027862
47.1523833,27.6027859
47.152384,27.6027854
47.1523841,27.6027848
47.1523844,27.6027846
47.1523849,27.6027842
47.1523859,27.6027839
47.1523864,27.6027841
47.1523871,27.6027831
47.1523875,27.6027822
47.1523879,27.6027818
47.1523881,27.6027814
47.1523884,27.6027813
47.152388,27.6027815
47.152387,27.6027817
47.1523863,27.6027821
47.1523859,27.6027824
47.1523848,27.6027817
47.152385,27.6027809
47.1523845,27.6027805
47.152384,27.6027796
47.1523847,27.6027791
47.1523847,27.6027785
47.1523849,27.6027783
47.1523849,27.6027782
47.1523849,27.6027779
47.1523852,27.6027783
47.1523856,27.6027781
47.1523859,27.6027777
47.1523862,27.6027769
47.152387,27.6027758
47.1523907,27.6027245
47.1523906,27.6027224
47.1523907,27.6027216
47.1523905,27.6027215
47.152391,27.6027229
47.1523907,27.6027232
47.1523901,27.6027234
47.1523902,27.6027234
47.1523908,27.602724
47.1523922,27.602725
47.152393,27.6027256
47.1523941,27.6027261
47.1523947,27.6027271
47.1523941,27.6027279
47.1523958,27.6027284
47.1523971,27.6027285
47.1523979,27.6027289
47.1523976,27.6027284
47.1523985,27.6027275
47.1523986,27.6027274
47.1523994,27.6027262
47.1524005,27.6027254
47.1524018,27.6027249
47.1524027,27.6027242
47.1524045,27.6027231
47.1524053,27.6027233
47.1524055,27.6027239
47.1524069,27.6027246
47.1524071,27.6027243
47.1524072,27.602724
47.1524076,27.6027238
47.1524075,27.6027234
47.1524074,27.6027235
47.1524084,27.602723
47.1524087,27.6027227
47.1524098,27.6027219
47.15241,27.6027222
47.1524107,27.6027226
47.1524121,27.6027233
47.1524124,27.6027239
47.1524121,27.6027229
47.1524124,27.6027214
47.1524126,27.6027205
47.1524125,27.6027203
47.1524125,27.6027205
47.1524125,27.602721
47.1524133,27.6027205
47.1524136,27.60272
47.1524139,27.6027204
47.1524137,27.6027212
47.1524592,27.6027445
47.1524589,27.6027444
47.1524545,27.6027346
47.1536228,27.5874612
47.1529721,27.588187
47.1505788,27.5868642
47.1488,27.58539
47.1444966,27.5810722
47.1455269,27.5819496
47.1481678,27.5780643
47.1500794,27.5744447
47.151867,27.5724317
47.1533123,27.5707698
47.1534002,27.5706824
47.1556764,27.5702753
47.157073,27.5702288
47.1600318,27.5701725
47.1614659,27.5712009
47.161795,27.5694609
47.1616488,27.5684609
47.1634268,27.5643273
47.1655137,27.5598335
47.166384,27.557848
47.1667501,27.5564988
47.1667335,27.5544647
47.1667404,27.5515021
47.1667136,27.5495902
47.1667035,27.5442267
47.1685881,27.5411441
47.1693249,27.5401593
47.1693257,27.5401591
47.1693116,27.5402206
47.1693111,27.540221
47.1693104,27.540222
47.1692747,27.5402586
47.1691992,27.5402378
47.1684935,27.5411778
47.1667199,27.5446631
47.1668189,27.5501342
47.1669282,27.5513119
47.1668774,27.5557832
47.1670505,27.5564143
47.1670134,27.5565877
47.1653925,27.5603931
47.1637494,27.5638472
47.1631949,27.5646023
47.1611037,27.569066
47.1599266,27.570445
47.158662,27.5705253
47.1576046,27.5704501
47.1557861,27.5706024
47.1556845,27.5705965
47.1550356,27.5705377
47.153924,27.5704819
47.1529831,27.571314
47.1516646,27.572742
47.1495849,27.5750924
47.1476143,27.5791177
47.1470151,27.579957
47.1445793,27.5822272
47.1464326,27.5832067
47.1503948,27.5864689
47.1503817,27.5864291
47.1513148,27.5878235
47.1534735,27.587763
47.1544904,27.586614
47.1584423,27.5852606
47.1594356,27.5873925
47.1604547,27.5906125
47.1615249,27.5941984
47.1633269,27.593443
47.1649811,27.5908609
47.164955,27.5907772
47.1659594,27.5890532
47.1675677,27.5821802
47.1676422,27.581615
47.1686053,27.579402
47.1705768,27.5757478
47.1754528,27.5716017
47.1766963,27.5706127
47.1792576,27.568387
47.181138,27.5669016
47.1813847,27.5666944
47.1793244,27.5685082
47.1754366,27.5717115
47.1735438,27.5733017
47.1702579,27.5759861
47.1684396,27.5795104
47.1676451,27.5818842
47.1668941,27.5851348
47.1653928,27.590499
47.1642473,27.5918362
47.1615193,27.5941791
47.1607692,27.5920403
47.1597904,27.5887108
47.1595192,27.5883404
47.1564637,27.5849865
47.1552217,27.5860301
47.153733,27.5874826
47.1523722,27.5881509
47.1511988,27.5870519
47.1494384,27.5858614
47.1456064,27.5825109
47.1450161,27.5815842
47.1477214,27.5787427
47.1492291,27.5754874
47.1516453,27.5726794
47.1530296,27.5712056
47.1541026,27.5699782
47.1560387,27.570087
47.1600984,27.5703417
47.1614906,27.5711101
47.1616331,27.5693604
47.161832,27.5679304
47.1630277,27.5649979
47.1638609,27.5633109
47.1666258,27.5572633
47.1667897,27.553259
47.1667729,27.5490698
47.1667449,27.5436641
47.1689718,27.5406456
47.1692983,27.5402501
47.169297,27.540252
47.1692959,27.5402526
47.1692954,27.5402531
47.1690647,27.5404321
47.1667069,27.5447137
47.1668142,27.551407
47.1668188,27.5558582
47.166095,27.5588799
47.1633182,27.5644563
47.1620351,27.5671106
47.1603008,27.570096
47.1579806,27.5704394
47.1554572,27.570474
47.1547091,27.5704844
47.1539353,27.5705554
47.1523026,27.5721594
47.1501015,27.5745721
47.1498667,27.5748681
47.1493994,27.5754977
47.1487958,27.5761826
47.1468567,27.5801834
47.1445746,27.5822212
47.1476574,27.5842361
47.1497333,27.5859395
47.1510786,27.5878205
47.1539853,27.5872102
47.1582057,27.5850858
47.1592671,27.5869193
47.1603059,27.5902249
47.1616557,27.5944554
47.1626847,27.5944022
47.1646453,27.5909552
47.1658013,27.5892634
47.1665692,27.5862251
47.1676908,27.581934
47.1685817,27.5793671
47.1699462,27.5766068
47.1751516,27.5719836
47.1755508,27.5714889
47.1788901,27.5687637
47.1809649,27.5669637
47.1807045,27.5672787
47.1792404,27.5686043
47.1763896,27.5709489
47.1748693,27.5721474
47.1744695,27.5725648
47.1694551,27.5766022
47.1677896,27.5811294
47.1668182,27.5856433
47.1645602,27.5910248
47.1628986,27.5941969
47.1613843,27.5934976
47.1603449,27.5904428
47.1557629,27.5854665
47.1557154,27.5855121
47.153307,27.5879934
47.1505846,27.5867795
47.148105,27.5847468
47.1447479,27.5812507
47.146711,27.5802953
47.1479277,27.5783463
47.1501063,27.5744128
47.1519208,27.572319
47.1533065,27.5708921
47.1560904,27.5702029
47.1585896,27.5703783
47.1602209,27.5704963
47.1620669,27.5697905
47.1619827,27.5673116
47.1638069,27.563378
47.1668092,27.5569945
47.1667395,27.553223
47.166723,27.548826
47.1671658,27.5427969
47.1685316,27.5412446
47.1685257,27.541254
47.1692739,27.5403163
47.169283,27.5403124
47.1693125,27.5403605
47.1692783,27.5403596
47.1692781,27.5403577
47.1692778,27.5403568
47.1692773,27.5403552
47.1692772,27.5403521
47.1673802,27.5425643
47.1667628,27.5466773
47.1669085,27.5513882
47.1667794,27.5555652
47.1667594,27.5574855
47.1635452,27.5641861
47.162576,27.5660251
47.1607322,27.5695365
47.1597454,27.5706841
47.1557959,27.570546
47.1557258,27.5705294
47.1550252,27.570516
47.1540816,27.5704779
47.1539293,27.5705527
47.1518201,27.5726744
47.1497138,27.5750043
47.148358,27.5779323
47.1458464,27.5816939
47.144136,27.5817062
47.1479403,27.584534
47.1500717,27.5862569
47.1506664,27.5868311
47.1532818,27.5879616
47.1550721,27.5860134
47.1586306,27.585415
47.1597889,27.5882955
47.1604038,27.5904381
47.1616398,27.5944084
47.1632218,27.5937284
47.1651331,27.5907218
47.1656332,27.5902507
47.1658934,27.5889269
47.1675275,27.5821339
47.167667,27.581549
47.1686147,27.5792914
47.1711305,27.5752375
47.1744202,27.5725226
47.1763168,27.5709573
47.1788126,27.568852
47.1810096,27.5670267
47.1815949,27.5669067
47.181594,27.5669045
47.1815973,27.5669123
47.1815713,27.5668534
47.1804139,27.5675544
47.1770929,27.57033
47.1748494,27.5721739
47.1740509,27.572877
47.1734164,27.5733898
47.1694709,27.5765181
47.167849,27.5809947
47.1669196,27.5854928
47.1649661,27.59086
47.1630744,27.5939976
47.160895,27.5921913
47.1595569,27.5883036
47.1595358,27.5878939
47.1571591,27.5850391
47.155448,27.5858976
47.153701,27.5875539
47.1506747,27.5869301
47.1487486,27.5852738
47.1444645,27.5815785
47.1455314,27.5819575
47.1482306,27.5778574
47.1501046,27.5743571
47.1522784,27.5719946
47.1545534,27.5703586
47.157318,27.5702965
47.1603898,27.5708285
47.1617694,27.5694984
47.1628952,27.5648307
47.1643642,27.5619289
47.1667696,27.5569598
47.1668072,27.5545523
47.1667793,27.5497508
47.1667424,27.5439272
47.1690443,27.5406587
47.1691446,27.540527
47.1691445,27.5405275
47.1691441,27.5405267
47.1691439,27.5405261
47.1691376,27.5405428
47.1691381,27.5405439
47.1691375,27.5405442
47.1691372,27.5405442
47.1691355,27.5405422
47.1691352,27.540542
47.1691345,27.5405417
47.1691338,27.5405413
47.169134,27.5405414
47.1691334,27.5405397
47.1691346,27.540541
47.1691343,27.5405413
47.1691342,27.5405411
47.1684897,27.5412225
47.1667631,27.5436534
47.1667955,27.5491561
47.1669394,27.5520413
47.1668891,27.5557773
47.1651866,27.5606819
47.1632531,27.5645993
47.1621351,27.5667783
47.1603306,27.5701405
47.1582705,27.5704447
47.1554276,27.5705242
47.1546883,27.570591
47.1538783,27.5704902
47.1517346,27.5726564
47.149624,27.5751029
47.1476401,27.5790396
47.1454134,27.5822223
47.1442061,27.5816566
47.1498542,27.5860263
47.1501207,27.5861259
47.1513238,27.5878309
47.153983,27.5872012
47.1557593,27.5853963
47.1584287,27.5852316
47.1593416,27.5872137
47.1595322,27.587674
47.1615049,27.5940864
47.1637803,27.5926294
47.1657469,27.589798
47.1660738,27.588465
47.1677728,27.5814582
47.1678789,27.5810555
47.1688775,27.5786799
47.1726802,27.5738524
47.1754848,27.571522
47.1792494,27.5683533
47.1809298,27.5670353
47.1815926,27.566904
47.1815619,27.5668836
47.1814887,27.5666817
47.1814883,27.5666794
47.1815282,27.5667397
47.1807466,27.5671718
47.1792653,27.5685977
47.1756486,27.571493
47.1745678,27.5724448
47.1734871,27.573381
47.1694222,27.5765856
47.1678068,27.5812183
47.167246,27.5835976
47.1648374,27.590816
47.1633801,27.5935158
47.1610945,27.5928153
47.1598461,27.5886831
47.1574482,27.5850608
47.1537592,27.587352
47.1527069,27.5883583
47.1494606,27.585853
47.148554,27.5851421
47.1447317,27.5817962
47.1457161,27.5818117
47.1484562,27.5773865
47.151862,27.5725236
47.1531925,27.5709689
47.156087,27.5702243
47.1598716,27.5703793
47.1621988,27.5700183
47.1625767,27.5659282
47.1634095,27.5642714
47.1657932,27.5592864
47.166765,27.5556907
47.166719,27.5516434
47.166729,27.548144
47.1667209,27.5439012
47.1692667,27.5402961
47.1692836,27.540294
47.1692757,27.5402943
47.1692935,27.5403017
47.1692871,27.540287
47.1692983,27.5402647
47.1693015,27.5402711
47.1692945,27.5402515
47.1692877,27.540242
47.1692823,27.5402447
47.1693828,27.5401206
47.1684994,27.5411548
47.1667625,27.5442408
47.1668684,27.5471767
47.1669371,27.551417
47.1668774,27.5558346
47.1666774,27.5577203
47.1634567,27.5643698
47.1619969,27.5671888
47.1603087,27.5702192
47.1582345,27.5704297
47.1551923,27.5704794
47.153856,27.5705966
47.1517753,27.5726352
47.1501301,27.5744994
47.1487504,27.5761056
47.1470121,27.5799533
47.1448163,27.5823115
47.1446044,27.5817347
47.1502511,27.5862984
47.1509516,27.5872912
47.1540042,27.587136
47.1558261,27.5853903
47.1593601,27.5873242
47.1604226,27.5905352
47.1614577,27.5942115
47.1640846,27.5921445
47.1648949,27.5907777
47.1659612,27.58894
47.1675561,27.5818995
47.167673,27.5813894
47.1686194,27.57936
47.1728176,27.5737249
47.1755624,27.5714877
47.1785494,27.5689818
47.1808922,27.5670997
47.1815936,27.5668396
47.1815806,27.5667716
47.1815306,27.5667281
47.1815264,27.5667239
47.1814799,27.5667633
47.1814358,27.5666326
47.1793904,27.5683971
47.1761238,27.5710928
47.1748069,27.5721776
47.1743051,27.572682
47.1735878,27.5732765
47.1699871,27.5761728
47.167971,27.58065
47.1669243,27.5848482
47.1659471,27.5889237
47.1647383,27.5909663
47.1618272,27.5946892
47.1599451,27.5890085
47.1596486,27.5880614
47.1557749,27.5854553
47.1543755,27.5868198
47.1535473,27.5876053
47.1506053,27.5868093
47.1495199,27.5860385
47.1486473,27.5851853
47.1477753,27.5844121
47.1445,27.5810491
47.1450472,27.5815393
47.1450465,27.5815358
47.1450448,27.5815358
47.1450215,27.5815551
47.1452021,27.5816679
47.1484968,27.57668
47.1515478,27.5727903
47.1528262,27.5713437
47.154576,27.5702362
47.1574261,27.5702222
47.1601623,27.5704018
47.1606956,27.5712493
47.1617838,27.5694536
47.1626076,27.5657629
47.1649167,27.5610223
47.166784,27.5556634
47.1668141,27.5497061
47.1667241,27.5437248
47.1690977,27.5404966
47.1690981,27.540496
47.1691045,27.5405148
