47.1531068,27.6030093
47.1531067,27.6030096
47.1530658,27.6029966
47.1530751,27.6029959
47.1530735,27.6029996
47.1531595,27.6029388
47.1530828,27.6030178
47.1530804,27.6030293
47.1530351,27.6031696
47.1531242,27.6030319
47.1531514,27.6030263
47.1531462,27.6030321
47.1531244,27.6030081
47.1530731,27.6030778
47.1530792,27.6030646
47.1530949,27.6030228
47.1530786,27.6030037
47.1530827,27.6030015
47.1530882,27.602961
47.1531004,27.6028879
47.153073,27.602902
47.1530646,27.6029177
47.1530822,27.6029479
47.1530288,27.6031102
47.1530322,27.6031122
47.1530325,27.6031112
47.1530346,27.6031132
47.1530362,27.6031142
47.1530369,27.6031155
47.1530366,27.6031156
47.1530355,27.6031174
47.1530338,27.6031286
47.1530239,27.6031456
47.1530459,27.6031195
47.1530963,27.6030644
47.1530965,27.6030664
47.1530955,27.6030679
47.1530282,27.6032087
47.1530251,27.603215
47.1530252,27.6032149
47.1530293,27.6031378
47.1530146,27.6031164
47.1530161,27.6031132
47.1529785,27.6031191
47.152977,27.6031199
47.1529765,27.6031237
47.1529221,27.603136
47.1529885,27.60306
47.1530086,27.6030329
47.1530286,27.6030537
47.1530321,27.603021
47.1530324,27.6030201
47.1530221,27.6030546
47.1530182,27.6030685
47.1530163,27.603076
47.1530104,27.603099
47.1530036,27.6031244
47.1530146,27.6030471
47.1530588,27.6030452
47.1530983,27.6029884
47.1530193,27.6030206
47.1530339,27.6029488
47.1530196,27.6029786
47.1530138,27.6030246
47.1530095,27.6029911
47.1530063,27.6029999
47.1530058,27.6030016
47.1529914,27.6031416
47.1529887,27.6031785
47.1530514,27.6030552
47.1530625,27.6030569
47.1531111,27.6030114
47.1531094,27.6029785
47.1531028,27.6030148
47.1531341,27.6029685
47.1530962,27.6030009
47.1530958,27.6030032
47.1530939,27.603006
47.1530912,27.6030095
47.1531288,27.6030369
47.1531266,27.6030863
47.1531193,27.6030231
47.1531207,27.6029228
47.1531153,27.6029369
47.1530616,27.6029864
47.1530615,27.602987
47.1530914,27.6030199
47.153093,27.6030263
47.1530686,27.603059
47.1530694,27.6030605
47.1530668,27.6030727
47.1530537,27.6031235
47.1530493,27.6031142
47.1530473,27.6030975
47.1530417,27.6031055
47.1530333,27.6031165
47.1530254,27.6031277
47.1530426,27.6031211
47.1530929,27.6029532
47.1530916,27.6029559
47.1530906,27.6029579
47.1530865,27.6029645
47.1530851,27.6029658
47.1530613,27.6030336
47.1530607,27.6030355
47.1530102,27.6030678
47.1530032,27.6030836
47.1530054,27.6030904
47.153009,27.6030879
47.1530139,27.6030913
47.1529926,27.6031831
47.1530928,27.603113
47.1530896,27.603104
47.153065,27.6030977
47.1530626,27.6031097
47.1530712,27.6030944
47.1530718,27.6030919
47.1530719,27.6030921
47.1530909,27.6030259
47.1530328,27.6029598
47.1530274,27.6029688
47.1530293,27.6029755
47.1530262,27.6029864
47.1530264,27.603004
47.1530551,27.6030241
47.1530875,27.6029977
47.1530939,27.6030296
47.1530471,27.6030827
47.1530424,27.6030919
47.1530423,27.6030962
47.1530358,27.6030818
47.1530305,27.6030602
47.153064,27.6030154
47.1530066,27.603043
47.1530058,27.6030438
47.1530059,27.6030442
47.1530124,27.6030402
47.1530073,27.6030449
47.1530061,27.6030475
47.1529941,27.6030018
47.153031,27.6029834
47.1530308,27.6030076
47.1530287,27.6030119
47.153027,27.6030133
47.1529968,27.603057
47.1530001,27.603059
47.1530004,27.6030628
47.1530295,27.6029945
47.1529816,27.6029841
47.1529831,27.6029975
47.1530131,27.6030372
47.1530173,27.6030223
47.1530105,27.6030308
47.1530072,27.6030345
47.1530013,27.6029878
47.1529886,27.6029816
47.1529714,27.6029427
47.1529747,27.6029435
47.1529693,27.6029522
47.1530047,27.6030054
47.1530053,27.6030184
47.1530051,27.6030185
47.1530074,27.6030151
47.1530231,27.6030235
47.1530201,27.6030285
47.1530372,27.6030366
47.1530685,27.602966
47.153059,27.602978
47.1530572,27.6029766
47.1530547,27.6029762
47.153073,27.6029023
47.1530993,27.6028968
47.1530953,27.6029028
47.1531157,27.6028778
47.1530571,27.6029145
47.1530529,27.6029213
47.1530508,27.6029184
47.153064,27.60293
47.1530635,27.6029359
47.1530626,27.6029434
47.1530625,27.6029452
47.1530629,27.6029477
47.1530177,27.6030248
47.1529946,27.6030734
47.153143,27.6029602
47.1530906,27.602923
47.1530906,27.6029278
47.1529995,27.6030597
47.1529917,27.6030664
47.1530387,27.6030155
47.15304,27.6030192
47.1530753,27.6028687
47.1530699,27.6028883
47.1530628,27.6029121
47.1530598,27.6029192
47.1530582,27.6029264
47.1530573,27.6029309
47.1530546,27.6029413
47.1530523,27.6029468
47.153017,27.6030437
47.1529892,27.6031169
47.1529625,27.6031063
47.1529459,27.6031215
47.1529335,27.6031255
47.1529587,27.6031731
47.1529525,27.6031813
47.152878,27.6029679
47.1528764,27.6029795
47.1528787,27.6029825
47.1528832,27.6030137
47.1529037,27.6031038
47.1528919,27.6031661
47.1528861,27.6031718
47.1528847,27.6031693
47.152971,27.6030129
47.1529693,27.6030376
47.1529914,27.6030135
47.152991,27.6030132
47.1529922,27.6030436
47.1530282,27.6030938
47.1530237,27.6030941
47.153018,27.6030832
47.153018,27.6030804
47.1530181,27.6030765
47.1530069,27.6030624
47.1530096,27.6030644
47.152996,27.6030593
47.1529433,27.603032
47.1529432,27.6030384
47.1529429,27.6030429
47.1529433,27.6030415
47.1529661,27.6030204
47.1529952,27.6031106
47.1529895,27.6031106
47.1529846,27.6031095
47.1529811,27.6031091
47.1529906,27.6031075
47.152989,27.60311
47.1529843,27.6031196
47.1530513,27.6030494
47.1530261,27.6030121
47.1530247,27.6030124
47.1530672,27.6029716
47.1530234,27.6029645
47.1529724,27.6030179
47.1529733,27.6030212
47.1529744,27.6030284
47.1529866,27.602983
47.1529785,27.6030198
47.1529646,27.6030525
47.1529686,27.6030618
47.1529704,27.6030613
47.1529737,27.6030659
47.1529756,27.603067
47.1529775,27.6030728
47.1529732,27.603077
47.152972,27.6030829
47.1529727,27.6030814
47.1529697,27.6030802
47.1529761,27.6030308
47.1530136,27.602986
47.153056,27.6029121
47.153054,27.6029276
47.1530617,27.6030161
47.1530591,27.6030185
47.1530578,27.6030204
47.1530661,27.6030156
47.1530611,27.6030983
47.1530582,27.6030974
47.1530148,27.6031337
47.153008,27.6030619
47.1530098,27.6030583
47.1530516,27.6030588
47.1530773,27.6030026
47.1530762,27.6030059
47.1530725,27.6030088
47.1530754,27.6030204
47.1530976,27.6029101
47.1530885,27.6029265
47.1530977,27.6030038
47.1530851,27.6029335
47.1530666,27.6029111
47.153062,27.602916
47.1530497,27.6029666
47.1530411,27.6029912
47.1530724,27.602946
47.153069,27.6029447
47.153038,27.6030455
47.1530204,27.6030421
47.1530101,27.603096
47.1530085,27.6030984
47.1530082,27.6031045
47.1530058,27.6031137
47.1529646,27.603164
47.1529696,27.6031611
47.1529351,27.6031572
47.152875,27.6031098
47.1529059,27.6031197
47.1529121,27.60314
47.1529237,27.6031537
47.1529691,27.6031109
47.152995,27.6031045
47.1529946,27.6031068
47.1530423,27.6031369
47.1530442,27.6031376
47.1530505,27.6031273
47.1530115,27.6030533
47.1530013,27.6030627
47.1530067,27.6031057
47.1529843,27.6030698
47.152982,27.603083
47.1529938,27.6031011
47.1529975,27.6030863
47.1529964,27.6030826
47.153036,27.6031105
47.152987,27.6030858
47.1530233,27.6031676
47.1529425,27.6032985
47.1525398,27.6029764
47.1525399,27.6029769
47.1471049,27.5837227
47.1450118,27.5816774
47.1455236,27.5821343
47.1480896,27.5784117
47.1501454,27.574467
47.1519908,27.5724199
47.1521264,27.572276
47.1530589,27.5713145
47.1543932,27.5704017
47.1561233,27.5703652
47.156674,27.5703798
47.1585488,27.5704398
47.15951,27.5705437
47.1602727,27.5707956
47.1608806,27.5714719
47.1622529,27.5701085
47.1615032,27.5691524
47.1620524,27.5671626
47.1636415,27.5638534
47.1666493,27.5580025
47.1667595,27.5566256
47.1667925,27.5544329
47.1667852,27.5510743
47.1667381,27.5475625
47.1673738,27.5425582
47.1689734,27.5407647
47.1690684,27.5406018
47.1690716,27.5406005
47.1690636,27.5405935
47.1690659,27.5405734
47.1690654,27.5405732
47.1690537,27.5405876
47.1690561,27.5405879
47.1690569,27.5405873
47.1690576,27.5405877
47.1690603,27.5405891
47.1690601,27.5405901
47.169039,27.5406212
47.1690397,27.5406195
47.1690416,27.54062
47.1691026,27.5405231
47.1691061,27.5405205
47.1691079,27.5405194
47.169108,27.5405197
47.1691239,27.5405393
47.1689438,27.5405851
47.167507,27.5423238
47.1666694,27.5457098
47.1667916,27.5510773
47.1667327,27.5556067
47.1666227,27.5576116
47.1640281,27.5627403
47.1628301,27.5651882
47.1612421,27.5684499
47.1598259,27.5705299
47.1582826,27.5703673
47.1566779,27.5703427
47.1558036,27.5703612
47.155689,27.5704324
47.1549313,27.5703679
47.153828,27.5703691
47.153256,27.5710236
47.1517843,27.5724879
47.1509136,27.5733946
47.149262,27.5754286
47.1482216,27.5779918
47.1446417,27.5821223
47.1445996,27.5820436
47.1440541,27.5818246
47.1476466,27.584319
47.1502626,27.5864997
47.1509964,27.5878117
47.1540425,27.587183
47.1548318,27.5862538
47.1593201,27.5874284
47.1594512,27.5877079
47.1614071,27.5942169
47.1630085,27.5940992
47.1635383,27.5932853
47.1640718,27.592075
47.1651794,27.5907405
47.1658679,27.5893065
47.1661898,27.5878035
47.1675487,27.5823091
47.1686433,27.5793756
47.1694701,27.5772355
47.1732429,27.5736076
47.1755532,27.5716641
47.1788066,27.5688633
47.1797966,27.5680342
47.1810941,27.5670318
47.181511,27.5669882
47.1815127,27.5669977
47.1815995,27.5666546
47.1805909,27.5672756
47.1796598,27.5680054
47.1769249,27.5703288
47.1757876,27.5713234
47.1750566,27.5718956
47.1747157,27.5720431
47.1716109,27.5747488
47.1684353,27.5793182
47.1676846,27.5813872
47.1666848,27.5853942
47.1663526,27.5867912
47.1645702,27.5909474
47.1640705,27.5918398
47.1622896,27.5945246
47.1613203,27.5933097
47.1599842,27.5885865
47.1596058,27.5879415
47.1593846,27.5870401
47.1555307,27.5854871
47.1536872,27.5873034
47.1508913,27.5869477
47.1492338,27.585602
47.1443617,27.5813999
47.1453443,27.5819121
47.1480882,27.5783326
47.1501443,27.5744765
47.1519544,27.5724437
47.152994,27.5713472
47.1531872,27.5709714
47.1561014,27.5703798
47.1579047,27.5704261
47.160224,27.5707175
47.1619317,27.5705815
47.1618469,27.5695072
47.1618941,27.5676996
47.1631806,27.5647118
47.1636556,27.5638256
47.1665084,27.5578817
47.1669003,27.5570083
47.1668476,27.5545446
47.1667804,27.5512549
47.1667851,27.5490226
47.1668055,27.543871
47.1685726,27.5411678
47.1693733,27.5402629
47.169377,27.5402606
47.1693756,27.5402583
47.1693754,27.5402575
47.1693801,27.5402598
47.1693855,27.5402576
47.1693904,27.5402568
47.1693924,27.5402566
47.169394,27.5402564
47.1693969,27.5402566
47.1685514,27.5410411
47.1669166,27.5430825
47.1666763,27.5455046
47.1667131,27.5504068
47.1667457,27.5520818
47.1666392,27.5559809
47.1666956,27.5569506
47.1650518,27.5606741
47.1631219,27.5645906
47.1621222,27.566611
47.1617673,27.5675744
47.1599165,27.5704219
47.1587643,27.5703941
47.1567801,27.5704093
47.1561141,27.5704741
47.155451,27.5704507
47.1543166,27.5704
47.1538112,27.5705303
47.1518846,27.5724479
47.1508826,27.5735404
47.1494568,27.575223
47.1470847,27.5797234
47.1448252,27.5823344
47.1445944,27.5817836
47.1482271,27.5848328
47.1503606,27.5865956
47.1508926,27.5871609
47.1517564,27.5879185
47.1540927,27.5872552
47.1586821,27.585542
47.159371,27.5874684
47.1601718,27.5899075
47.1612304,27.5936913
47.161504,27.5945339
47.161692,27.5948729
47.1624281,27.5946272
47.1629162,27.5942904
47.1636391,27.5931731
47.1644147,27.5913781
47.1648617,27.5909713
47.1659485,27.5891417
47.1669219,27.5850878
47.1677489,27.5815144
47.1684615,27.5797003
47.1690679,27.5781756
47.171789,27.5748218
47.1748652,27.5721854
47.1754572,27.5717385
47.1782878,27.5693725
47.1805903,27.5673818
47.1812379,27.5669339
47.1815827,27.5670747
47.1816143,27.5670504
47.1816169,27.5670488
47.1816172,27.5670491
47.1803501,27.5674963
47.1794428,27.5682322
47.1779265,27.569562
47.1769756,27.5703664
47.1753532,27.5717252
47.1740589,27.5727752
47.1723896,27.5742564
47.1689042,27.5781079
47.1677725,27.5810432
47.1668778,27.5848912
47.1654972,27.590248
47.1641964,27.5916407
47.1622937,27.5945427
47.1613794,27.5933094
47.1599051,27.5885351
47.1597801,27.5880161
47.1584307,27.585149
47.1690564,27.5406507
47.1666363,27.5515522
47.1667114,27.555503
47.1517145,27.5726138
47.1496231,27.575038
47.1477905,27.5787893
47.1452842,27.5823092
47.1441453,27.581617
47.1482762,27.5848549
47.1503371,27.5865952
47.1505165,27.5868088
47.1528775,27.5883569
47.1549795,27.5862145
47.1564115,27.5851537
47.1586677,27.5855604
47.1596219,27.5880697
47.1605055,27.5910617
47.161612,27.5946422
47.1615934,27.5947391
47.1642398,27.5920698
47.1656405,27.5902822
47.1661042,27.5887107
47.1675697,27.5824862
47.1676012,27.5821849
47.1686944,27.5794114
47.1700022,27.5765901
47.1738231,27.5730623
47.1756869,27.5715702
47.1789809,27.5687097
47.1813536,27.5669148
47.1816159,27.5669815
47.1816188,27.5669816
47.1817068,27.5669427
47.181249,27.5667993
47.1789978,27.5686855
47.1765223,27.5707525
47.1757137,27.5713982
47.174823,27.5721007
47.1718622,27.5746501
47.1684516,27.5793957
47.1677741,27.5814129
47.1668497,27.5849213
47.1653248,27.5904992
47.164168,27.5917081
47.1615146,27.5939326
47.1606017,27.5909998
47.1593333,27.586828
47.1566536,27.5849305
47.1545141,27.5866053
47.152128,27.5878424
47.1493418,27.5857136
47.1484868,27.5849666
47.1455551,27.5825112
47.1450083,27.5817221
47.1477809,27.5787576
47.1493404,27.5754608
47.1514629,27.5729654
47.1526177,27.5718223
47.1533906,27.5708495
47.1536011,27.5706397
47.156303,27.5704723
47.159773,27.5705018
47.1605815,27.571228
47.1621499,27.569897
47.1615373,27.569026
47.1634725,27.5644233
47.1645851,27.5620786
47.1666047,27.5579345
47.1668751,27.555553
47.1668312,27.5542352
47.16685,27.5495731
47.1668259,27.5439309
47.1684297,27.5414095
47.1691544,27.5405094
47.1691555,27.5405089
47.1691563,27.5405086
47.169159,27.5405086
47.1691609,27.5405081
47.1691634,27.5405067
47.1691651,27.5405051
47.1691669,27.5405047
47.1691594,27.5405022
47.1691648,27.5405035
47.1691682,27.5405038
47.1691756,27.5405023
47.169098,27.540334
47.1691128,27.5403237
47.1691116,27.5403281
47.1691085,27.5403293
47.169108,27.5403291
47.1684829,27.5411047
47.1666942,27.5438198
47.1666918,27.5482098
47.1667572,27.552838
47.1666263,27.5559887
47.1650927,27.5607544
47.1644095,27.5621636
47.1628099,27.5653328
47.1610883,27.5687993
47.1599581,27.5703924
47.1563874,27.5704233
47.1548381,27.5704208
47.1546084,27.5703582
47.1538349,27.5703968
47.1516532,27.5725591
47.1515893,27.572707
47.1484976,27.5767833
47.1469666,27.5799515
47.1445702,27.5821381
47.1442549,27.5816613
47.1475323,27.5842046
47.1499551,27.5861847
47.1504156,27.5865647
47.1509448,27.5871279
47.1513496,27.5878143
47.1536782,27.5876463
47.1556121,27.5856792
47.1583453,27.5852229
47.1593471,27.587478
47.1599454,27.589263
47.1615851,27.5946024
47.1617902,27.5949833
47.1642382,27.5921026
47.1658113,27.5897572
47.1662214,27.5880589
47.1676475,27.5820279
47.168459,27.5798183
47.1691783,27.5778439
47.1700472,27.5764267
47.1724729,27.5742658
47.1756306,27.5716011
47.1795978,27.5682821
47.1815682,27.567035
47.1807395,27.5671256
47.1791324,27.5685603
47.1763273,27.5708286
47.1748337,27.5719914
47.1739424,27.5728063
47.1735485,27.5731418
47.1701231,27.5759645
47.1678886,27.5806921
47.1668998,27.5848064
47.1661641,27.587867
47.1645067,27.5908935
47.1641038,27.5917555
47.1618561,27.594686
47.1608125,27.5916037
47.1598814,27.5885443
47.1596372,27.5880353
47.1586803,27.5853315
47.155431,27.5857848
47.1535326,27.5875338
47.1522133,27.5879401
47.1497754,27.5861443
47.1494009,27.585709
47.145376,27.5823227
47.1448743,27.5815932
47.1450933,27.5817972
47.1466954,27.5804281
47.1484585,27.5777964
47.1502132,27.5744527
47.152023,27.5724025
47.1526787,27.5716052
47.153248,27.5710592
47.1534774,27.5708012
47.1563357,27.5704224
47.1600707,27.5705046
47.1614795,27.5712835
47.1616757,27.569267
47.1621086,27.5671123
47.1635414,27.5642307
47.1658959,27.5590558
47.1668883,27.55581
47.1668217,27.5545624
47.1668307,27.549598
47.1667835,27.5440858
47.1684687,27.5414231
47.1693788,27.5402879
47.1693819,27.5402865
47.169387,27.5402837
47.1693876,27.5402827
47.1693908,27.5402791
47.1693921,27.5402749
47.1694005,27.5402618
47.1684209,27.5411917
47.1666788,27.5447293
47.1666729,27.5513044
47.1667187,27.5552732
47.1667029,27.5570789
47.1640604,27.5628093
47.1631338,27.5645744
47.1621239,27.5666813
47.1614434,27.5680693
47.1598916,27.5704745
47.1578605,27.5703654
47.155952,27.5703994
47.1552537,27.5704384
47.15458,27.5704265
47.154235,27.5704229
47.1518035,27.5725896
47.1513735,27.5730594
47.1493245,27.5754163
47.1469107,27.5800274
47.1447297,27.5822523
47.1443061,27.5816151
47.1497257,27.586099
47.1508589,27.5870665
47.1515899,27.5877507
47.1533932,27.5879613
47.1540726,27.587198
47.1571278,27.5850848
47.1593405,27.5875672
47.1614175,27.5942309
47.1627703,27.5944594
47.164511,27.591278
47.165199,27.5907801
47.1658801,27.5893013
47.1663099,27.5875682
47.1677376,27.5816891
47.1678114,27.5814374
47.1686318,27.579299
47.1721034,27.5744371
47.1755428,27.5716894
47.1762715,27.5710501
47.1808711,27.5672389
47.1814196,27.5666904
47.1778472,27.5696363
47.1754652,27.5716069
47.1735635,27.5732858
47.1720107,27.5744913
47.1677963,27.5809495
47.1673607,27.5828697
47.1660102,27.5882537
47.1656787,27.5894781
47.1641061,27.5918038
47.1614053,27.5934966
47.1599118,27.5887193
47.159604,27.5876904
47.1592529,27.5865348
47.1549096,27.5861097
47.1535989,27.5874641
47.1494713,27.5858028
47.1483158,27.5848418
47.1448161,27.5818359
47.1449842,27.5816612
47.146946,27.580028
47.1486197,27.5763162
47.1509443,27.5734441
47.152876,27.5714714
47.153427,27.5708765
47.1540651,27.5703905
47.1563254,27.5704882
47.1596203,27.5705547
47.1611421,27.5714565
47.1616364,27.5692435
47.1621654,27.5669886
47.163554,27.5643587
47.1666136,27.5580505
47.166838,27.5555611
47.1667697,27.5513722
47.1667825,27.5472881
47.1669986,27.5429932
47.1695654,27.5401802
47.1689754,27.5404745
47.1689721,27.5404746
47.1689683,27.5404828
47.1689646,27.5404888
47.168937,27.5404782
47.1689352,27.5404838
47.1689446,27.5404396
47.1689437,27.5404456
47.1689414,27.5404526
47.1689402,27.5404548
47.1689402,27.540457
47.1689391,27.5404593
47.168938,27.5404625
47.168939,27.5404651
47.1689398,27.5404672
47.1689395,27.5404694
47.1689393,27.5404718
47.1689392,27.5404746
47.1689388,27.5404786
47.1689379,27.5404817
47.1684128,27.5411575
47.1666682,27.5446785
47.1667262,27.5484037
47.1667421,27.5520043
47.1667789,27.5566757
47.1650908,27.5607191
47.1630968,27.5645966
47.1629224,27.5650365
47.1613585,27.5682487
47.1594018,27.5704645
47.1560276,27.5704261
47.1550492,27.5703729
47.1543957,27.5703436
