47.1523139,27.6024376
47.1523197,27.6024156
47.1523146,27.6023927
47.1523146,27.6023928
47.1523126,27.6023928
47.1523112,27.6023932
47.15231,27.6023933
47.1523084,27.6023934
47.1523065,27.6023932
47.1523056,27.602393
47.1523055,27.6023932
47.1523045,27.6023933
47.152303,27.6023932
47.1523027,27.6023929
47.152302,27.6023928
47.1523006,27.6023934
47.1522993,27.6023934
47.1522987,27.6023931
47.1522982,27.6023928
47.1522985,27.6023926
47.1522986,27.6023922
47.1522984,27.6023918
47.1522984,27.6023917
47.1522982,27.6023918
47.1522981,27.6023918
47.1523047,27.6023995
47.1523046,27.6023984
47.1523055,27.6023987
47.1523044,27.6023988
47.1523048,27.6023983
47.1523049,27.6023983
47.1523056,27.6023984
47.1523065,27.6023975
47.1523072,27.6023964
47.1523073,27.6023963
47.1523108,27.6024061
47.1523116,27.6024082
47.152312,27.6024082
47.1523129,27.6024079
47.1523128,27.6024081
47.1523135,27.6024079
47.1523136,27.6024078
47.1523134,27.6024078
47.152313,27.602408
47.1523133,27.6024085
47.1523138,27.6024085
47.1523139,27.6024086
47.1523142,27.602409
47.1523145,27.6024086
47.1523177,27.602404
47.1523178,27.6024033
47.1523177,27.6024027
47.152318,27.6024022
47.1523378,27.6023978
47.152338,27.6023975
47.152338,27.602396
47.1523379,27.6023954
47.1523367,27.6023934
47.152336,27.6023928
47.1523364,27.6023921
47.1523367,27.6023908
47.1523361,27.6023889
47.152336,27.6023869
47.1523364,27.6023863
47.1523367,27.6023853
47.152336,27.6023845
47.1523357,27.6023844
47.1523328,27.6023835
47.1523328,27.6023833
47.1523329,27.6023832
47.152333,27.602383
47.1523329,27.6023828
47.152333,27.6023827
47.152333,27.6023824
47.1523324,27.6023827
47.152332,27.6023826
47.152332,27.6023828
47.1523323,27.6023816
47.1523321,27.6023808
47.152332,27.60238
47.1523304,27.6023778
47.1523297,27.6023777
47.1523291,27.6023778
47.1523286,27.6023774
47.1523285,27.6023778
47.1523283,27.6023775
47.1523283,27.6023778
47.1523281,27.602378
47.1523284,27.6023783
47.1523278,27.6023785
47.1523274,27.6023782
47.152328,27.6023782
47.1523283,27.6023785
47.1523285,27.6023786
47.1523284,27.6023788
47.1523275,27.6023789
47.1523266,27.6023789
47.1523261,27.6023788
47.1523257,27.6023791
47.1523264,27.6023789
47.1523259,27.6023793
47.1523254,27.6023795
47.1523248,27.6023789
47.1523238,27.6023788
47.1523235,27.6023789
47.1523224,27.6023784
47.1523211,27.6023784
47.1523204,27.6023782
47.1523197,27.6023777
47.152319,27.6023777
47.1523181,27.6023775
47.1523175,27.6023774
47.1523172,27.6023773
47.152317,27.6023776
47.1523165,27.6023776
47.1523159,27.6023774
47.1523155,27.6023767
47.152315,27.6023758
47.1523144,27.6023751
47.1523143,27.6023748
47.152314,27.6023747
47.1523142,27.6023748
47.1523142,27.6023749
47.1523146,27.6023752
47.1523151,27.6023757
47.1523154,27.6023759
47.1523158,27.6023765
47.152316,27.602377
47.1523163,27.6023771
47.1523167,27.6023777
47.152317,27.6023775
47.152317,27.6023769
47.1523167,27.6023767
47.1523163,27.6023766
47.152316,27.6023762
47.152316,27.6023765
47.1523162,27.602377
47.1523162,27.6023774
47.1523166,27.6023772
47.1523166,27.6023773
47.1523161,27.6023762
47.152316,27.602376
47.1523158,27.6023757
47.1523156,27.6023756
47.1523156,27.6023753
47.1523154,27.6023747
47.1523148,27.6023742
47.1523144,27.6023734
47.1523141,27.6023729
47.1523139,27.6023729
47.1523139,27.6023728
47.1523135,27.6023727
47.1523131,27.6023724
47.1523127,27.6023723
47.1523124,27.6023725
47.152312,27.6023723
47.1523122,27.6023722
47.1523124,27.6023723
47.1523121,27.6023721
47.1523121,27.602372
47.1523121,27.6023718
47.1523117,27.6023715
47.1523114,27.6023713
47.1523117,27.6023714
47.1523116,27.6023706
47.1523115,27.6023702
47.1523114,27.60237
47.1523115,27.6023697
47.1523114,27.6023696
47.1523114,27.6023693
47.1523115,27.6023695
47.1523116,27.6023695
47.1523118,27.6023696
47.1523119,27.6023697
47.1523123,27.60237
47.1523126,27.60237
47.1523126,27.6023699
47.1523126,27.6023695
47.1523122,27.602369
47.1523119,27.6023688
47.1523118,27.6023687
47.1523117,27.602369
47.1523116,27.6023694
47.1523114,27.6023694
47.1523112,27.602369
47.1523112,27.6023689
47.1523111,27.6023688
47.1523111,27.602369
47.152311,27.6023689
47.1523108,27.6023687
47.1523106,27.6023686
47.1523106,27.6023688
47.1523106,27.602369
47.1523107,27.6023692
47.152311,27.6023692
47.1523112,27.6023694
47.1523109,27.6023693
47.1523101,27.602369
47.1523099,27.6023688
47.1523098,27.6023683
47.1523097,27.6023682
47.1523098,27.6023681
47.15231,27.6023684
47.1523099,27.6023684
47.15231,27.6023689
47.1523098,27.6023688
47.1523099,27.6023687
47.15231,27.6023686
47.1523099,27.6023686
47.1523098,27.6023685
47.1523096,27.6023688
47.1523096,27.6023687
47.1523094,27.6023689
47.1523095,27.6023693
47.1523091,27.6023693
47.1523093,27.6023696
47.1523092,27.6023698
47.1523089,27.6023698
47.1523085,27.6023697
47.1523084,27.6023699
47.1523083,27.6023692
47.1523078,27.6023685
47.1523077,27.6023682
47.152308,27.6023678
47.1523081,27.6023671
47.1523081,27.6023672
47.152308,27.6023673
47.1523078,27.6023675
47.1523077,27.6023673
47.1523075,27.6023673
47.1523073,27.6023672
47.1523068,27.602367
47.1523068,27.6023669
47.152315,27.6023329
47.1523163,27.6023316
47.1523163,27.6023308
47.1523162,27.6023304
47.1523164,27.6023303
47.1523158,27.6023313
47.1523148,27.6023325
47.1523141,27.6023339
47.1523144,27.6023346
47.1523128,27.6023347
47.1523118,27.6023349
47.1523105,27.6023357
47.1523105,27.6023361
47.1523109,27.6023359
47.1523118,27.6023356
47.1523118,27.602336
47.1523119,27.6023362
47.1523123,27.6023361
47.1523122,27.6023366
47.1523121,27.6023371
47.1523115,27.6023373
47.1523118,27.6023367
47.152312,27.6023365
47.1523112,27.6023382
47.1523112,27.6023385
47.1523109,27.6023392
47.1523111,27.6023391
47.1523108,27.6023391
47.1523111,27.6023387
47.1523114,27.6023382
47.1523117,27.6023376
47.1523118,27.6023372
47.1523122,27.6023368
47.152312,27.6023373
47.1523121,27.6023378
47.1523114,27.6023387
47.1523108,27.6023396
47.15231,27.6023403
47.1523091,27.6023412
47.1523089,27.6023415
47.1523088,27.6023421
47.1523086,27.6023419
47.1523082,27.6023421
47.1523082,27.6023426
47.1523075,27.6023424
47.1523069,27.6023423
47.1523067,27.6023426
47.1523069,27.6023428
47.152306,27.6023439
47.1523059,27.6023444
47.1523057,27.6023447
47.152305,27.6023452
47.1523046,27.6023459
47.1523041,27.6023465
47.1523038,27.6023471
47.1523033,27.6023475
47.1523028,27.6023469
47.1523027,27.6023469
47.1523022,27.6023475
47.1523018,27.6023484
47.1523013,27.6023487
47.1523011,27.6023497
47.1523012,27.6023503
47.1523009,27.6023509
47.152301,27.6023516
47.152301,27.6023518
47.1523006,27.6023525
47.1523008,27.6023525
47.1523008,27.6023518
47.1523007,27.6023517
47.1523006,27.6023518
47.1523006,27.6023516
47.1523006,27.6023517
47.1523005,27.602351
47.1523005,27.6023506
47.1523002,27.6023504
47.1523001,27.6023502
47.1522999,27.6023502
47.1522981,27.6023546
47.1522979,27.6023546
47.1522974,27.6023548
47.1523203,27.6023661
47.1523186,27.6023671
47.1691132,27.5402856
47.1684208,27.5412579
47.1667272,27.5447131
47.1667731,27.5496878
47.1668262,27.5512221
47.1668481,27.5550034
47.1668567,27.5563569
47.1666538,27.5574885
47.1650455,27.561215
47.1633197,27.5644115
47.1623603,27.5665221
47.1608609,27.5709118
47.160661,27.5740282
47.1599038,27.5749011
47.1605677,27.5731895
47.1618419,27.573369
47.1656385,27.5715067
47.1662966,27.5714854
47.167255,27.5737826
47.1658699,27.5796399
47.1655507,27.5813464
47.1675949,27.5821584
47.1678682,27.5810488
47.1690432,27.5780859
47.1716069,27.5749518
47.1754215,27.571717
47.1767515,27.5706502
47.1809346,27.5670899
47.1836228,27.5647628
47.1858184,27.5629035
47.189264,27.560097
47.1908499,27.5589458
47.1937716,27.556217
47.1970563,27.5521572
47.1978994,27.5475052
47.1991865,27.5424325
47.2005416,27.5390264
47.2021347,27.5353896
47.2087236,27.5315323
47.2096767,27.5316242
47.2096754,27.5316238
47.2096753,27.5316223
47.2096746,27.531622
47.209674,27.5316207
47.2096738,27.53162
47.2096734,27.5316186
47.2096734,27.5316175
47.2096734,27.5316174
47.2078643,27.531141
47.2026389,27.5347777
47.2008187,27.5379884
47.1996811,27.541837
47.1983549,27.5448078
47.1973539,27.5507805
47.1919594,27.5576561
47.1905754,27.558579
47.1865756,27.5622696
47.1841821,27.5642972
47.1808044,27.5672035
47.1802374,27.5676764
47.1759299,27.5712219
47.1751985,27.5719023
47.1748345,27.5721431
47.1712836,27.5751306
47.1687179,27.5767922
47.1669198,27.5773564
47.1670972,27.5751488
47.1665399,27.5721261
47.1664492,27.5717757
47.1659929,27.571019
47.1639057,27.5723785
47.1612447,27.573229
47.1589215,27.574359
47.1609148,27.5733196
47.1620739,27.5670366
47.1634566,27.5642507
47.1659393,27.5587354
47.1668007,27.5572358
47.1667427,27.5552646
47.1667613,27.5506885
47.1667078,27.5460685
47.1679384,27.5418247
47.1690705,27.5405214
47.1690712,27.5405225
47.1690723,27.5405234
47.1690777,27.5405199
47.1690986,27.5405216
47.1691325,27.5404559
47.1684324,27.5411546
47.1667067,27.544682
47.1667618,27.5495597
47.1667354,27.5513416
47.1667981,27.5551867
47.1668372,27.5565164
47.1666687,27.5575762
47.1645286,27.5618656
47.1631582,27.5645875
47.1622819,27.5665889
47.1621933,27.5667466
47.1608527,27.5731219
47.15988,27.5732788
47.1622188,27.5732371
47.1647576,27.5718688
47.1656215,27.5714238
47.1664673,27.5719595
47.167419,27.5743838
47.1655457,27.5811141
47.1659709,27.5822291
47.1670259,27.5828983
47.1670174,27.5828898
47.167551,27.582418
47.1675909,27.5820207
47.1686131,27.5792674
47.1697224,27.5770451
47.1729103,27.5737763
47.1753765,27.5716913
47.1769656,27.5703798
47.1792098,27.5684716
47.1809783,27.5670361
47.1832316,27.5650996
47.1848244,27.5637177
47.1870206,27.5619114
47.1904691,27.5592366
47.1930241,27.5567591
47.1960917,27.5537451
47.1975898,27.5492205
47.198443,27.5441849
47.2001057,27.541238
47.2008885,27.5377589
47.2027204,27.5346253
47.2063101,27.5306391
47.2096718,27.5315405
47.2096793,27.5314924
47.209684,27.5314902
47.2092998,27.5314872
47.2039128,27.5332521
47.2014483,27.5364968
47.2006441,27.5382641
47.1996827,27.5419205
47.198351,27.5447861
47.1973892,27.5506279
47.1952665,27.554891
47.1914685,27.5581227
47.1904026,27.5587705
47.1864118,27.5624846
47.1859475,27.562956
47.1842218,27.5642671
47.180405,27.5674913
47.1794943,27.5683306
47.1768198,27.5705745
47.175507,27.5716915
47.1748048,27.5721966
47.1730263,27.5737056
47.1698247,27.5762914
47.1687266,27.5767903
47.166578,27.5769111
47.1663967,27.5718953
47.1661334,27.5712344
47.1647017,27.5719232
47.1613675,27.573158
47.159555,27.5734668
47.1601862,27.5748165
47.1619782,27.5674583
47.1632697,27.5645932
47.1640907,27.5627656
47.166475,27.5576834
47.1667498,27.5549876
47.1667533,27.5497617
47.166732,27.5450895
47.1682326,27.5415354
47.1691088,27.5404967
47.1691075,27.5404964
47.1691082,27.5404978
47.169108,27.540498
47.1693725,27.5401557
47.1683024,27.5413613
47.1666621,27.5447826
47.1667719,27.5513432
47.1667961,27.5558549
47.166691,27.5574328
47.1644966,27.5620203
47.1631713,27.5645272
47.1621817,27.5667271
47.1613243,27.5691855
47.1597188,27.5734904
47.1612799,27.5733162
47.1614966,27.5733438
47.1651523,27.5716568
47.165596,27.5714804
47.1665759,27.5722339
47.1672967,27.5744055
47.1657411,27.5803828
47.1656251,27.5809998
47.16698,27.5829547
47.1672327,27.5830929
47.167421,27.5828012
47.1678107,27.5812675
47.1685273,27.5795007
47.1687061,27.5789
47.1705072,27.5757495
47.1737488,27.573087
47.1745703,27.572198
47.1755503,27.5714797
47.1788192,27.5687187
47.1809186,27.567011
47.1823881,27.5657822
47.1846993,27.5639017
47.1872352,27.5616981
47.1904761,27.5592397
47.1931443,27.5566231
47.1961345,27.553639
47.1975497,27.549548
47.1984287,27.5445118
47.1999144,27.5415364
47.2008733,27.5377739
47.2027653,27.534655
47.20772,27.5310848
47.2096548,27.5315421
47.2060839,27.5307065
47.2025916,27.5349752
47.1667114,27.5517541
47.1692409,27.5402209
47.1684526,27.5411771
47.1637198,27.5724439
47.1643255,27.5720848
47.1656336,27.5713087
47.1668998,27.5730696
47.166947,27.5756605
47.165732,27.5802034
47.1656569,27.5807535
47.16549,27.5815529
47.1673813,27.5830571
47.1677709,27.5815022
47.16777,27.5814941
47.1686351,27.5793559
47.1691984,27.5775802
47.1714204,27.575024
47.1743289,27.5725598
47.1754811,27.5716722
47.1788741,27.5688027
47.1809897,27.5670396
47.1825568,27.5657337
47.1857692,27.563026
47.1878731,27.5613059
47.1904218,27.5592305
47.1926756,27.5570589
47.1962486,27.5536035
47.1978202,27.548131
47.1990019,27.5427499
47.2006374,27.5386128
47.2024055,27.5350215
47.2056536,27.5309838
47.2096464,27.5315722
47.2096475,27.5315737
47.2096453,27.5316049
47.2096565,27.5315637
47.2053305,27.5314569
47.2022498,27.5353954
47.200543,27.5389092
47.1983921,27.5448602
47.1977046,27.5487097
47.1966898,27.55284
47.1936069,27.5563751
47.1905482,27.5585642
47.1894457,27.5598859
47.1869157,27.5620477
47.1861359,27.5627669
47.1841711,27.5643535
47.1812651,27.5668444
47.1803926,27.5675381
47.1792822,27.568542
47.1764888,27.5708033
47.1758474,27.5713935
47.1748364,27.5722054
47.1739389,27.5729855
47.1710927,27.5752827
47.1687803,27.5767388
47.1668642,27.5773681
47.1669055,27.5730804
47.166299,27.5716341
47.1662986,27.5716188
47.1656827,27.5712554
47.1630507,27.5727406
47.1609517,27.5731794
47.1585881,27.5752824
47.1610876,27.5702724
47.1619113,27.56764
47.1634262,27.5642567
47.1645258,27.5618655
47.1667165,27.5574409
47.1667596,27.5555927
47.1667884,27.5516597
47.1667834,27.5497013
47.1667529,27.5450897
47.1680156,27.5418237
47.1690064,27.5406158
47.1689998,27.5406655
47.1690121,27.5407129
47.1689932,27.5406881
47.1689761,27.5405828
47.168971,27.5405978
47.1694222,27.5401157
47.167964,27.5418738
47.1666826,27.5447706
47.166776,27.5503399
47.1668266,27.5529232
47.1668603,27.5565996
47.1662639,27.5584981
47.1633155,27.5644915
47.1622659,27.5666992
47.161395,27.5691894
47.1597794,27.5750089
47.1611575,27.5732789
47.1636941,27.5725516
47.1644995,27.5720558
47.1657435,27.5714044
47.1668348,27.5761859
47.1656053,27.5807337
47.1655986,27.5819781
47.1671018,27.5830419
47.1673726,27.5830365
47.1686215,27.579289
47.1692204,27.57758
47.1721944,27.5743863
47.1751267,27.5719669
47.1755205,27.571642
47.1792878,27.5684324
47.1810147,27.5670639
47.1832395,27.5651007
47.1853359,27.5632753
47.1872577,27.561662
47.1903827,27.5591766
47.1918569,27.5577894
47.1960729,27.5539124
47.1974361,27.5504016
47.1984478,27.5445703
47.2001536,27.5413179
47.2009521,27.5376782
47.2028253,27.5346019
47.2076219,27.5310028
47.209689,27.5314865
47.2046718,27.5323083
47.2021673,27.535498
47.2005573,27.5395464
47.1985964,27.5437758
47.197612,27.5494516
47.1968801,27.5525922
47.1927222,27.557046
47.1905779,27.5585696
47.1899419,27.5593919
47.1863052,27.5625078
47.184479,27.5640427
47.1809151,27.5670852
47.1794686,27.5683726
47.1778773,27.5697139
47.1761755,27.571052
47.1747549,27.5721676
47.1737138,27.5730754
47.1732552,27.5734767
47.1695512,27.5763686
47.1669503,27.5773171
47.1671469,27.5739016
47.1656785,27.5712125
47.1627095,27.5729384
47.1607032,27.5730444
47.1585284,27.5750979
47.1609377,27.5709974
47.1622729,27.5665562
47.1635563,27.5639558
47.16474,27.5613396
47.1668567,27.5571493
47.1668224,27.5556525
47.1667939,27.5516818
47.1667843,27.5492128
47.1667367,27.5440978
47.1684413,27.5412948
47.1693206,27.5402028
47.1693226,27.5401968
47.1693218,27.5401974
47.1693207,27.5401976
47.1693206,27.5401981
47.1693207,27.5401984
47.1693439,27.5402109
47.1693009,27.540064
47.1679666,27.5417955
47.1667797,27.5449421
47.1668717,27.5510315
47.1668855,27.553135
47.1668927,27.5561818
47.1667996,27.5574056
47.1646555,27.561625
47.1631509,27.5645219
47.1621942,27.566792
47.1608442,27.5732409
47.1604397,27.5731987
47.1612967,27.5733575
47.1645664,27.5719969
47.1651349,27.5716833
47.1657153,27.5712519
47.167416,27.5744239
47.1656589,27.5803421
47.1653392,27.5816851
47.1670629,27.5829521
47.1675095,27.5826394
47.1684773,27.5795682
47.1694618,27.5770654
47.1715803,27.5749395
47.1730587,27.5736779
47.175495,27.5716036
47.178388,27.5691375
47.180962,27.5670248
47.1835078,27.5647875
47.1846749,27.5638293
47.1859504,27.5627491
47.1901753,27.5591499
47.1919338,27.5576851
47.1960208,27.5538834
47.1974419,27.5503752
47.1984212,27.5445487
47.1998809,27.5415732
47.2009105,27.537689
47.202723,27.5345837
47.2082012,27.53128
47.2095873,27.5315886
47.2095918,27.5315888
47.2095911,27.5315877
47.2096023,27.5315473
47.2081153,27.5312911
47.2027848,27.5345755
47.2007311,27.5380785
47.1996393,27.5418905
47.1982979,27.5454812
47.1972866,27.5511822
47.1952097,27.554931
47.191457,27.5580774
47.1903994,27.5588383
47.1870761,27.5618784
47.1863618,27.5624643
47.1844719,27.5641434
47.1809704,27.5669912
47.179905,27.5678994
47.1763415,27.5708688
47.1747684,27.5721152
47.1745576,27.5723446
47.1720973,27.5744504
47.1687711,27.5767491
47.1668726,27.577389
47.1672701,27.5740558
47.1658502,27.5710829
47.1635724,27.5724498
47.1609826,27.5731779
47.1587986,27.5746111
47.1609368,27.5722176
47.161966,27.5674463
47.1634161,27.5643409
47.165381,27.5602337
47.1668176,27.5570376
47.1667606,27.554589
47.1667518,27.551012
47.1667208,27.5473883
47.1668004,27.5433258
47.1689044,27.540692
47.169304,27.5402682
47.1693048,27.5402678
47.1693056,27.5402673
47.1693062,27.5402672
47.1693068,27.5402667
47.1693405,27.5402237
47.1681026,27.5415393
47.1667255,27.5448388
47.1667459,27.550673
47.1667908,27.5540769
47.1667387,27.5571861
47.1649666,27.5611147
47.1634707,27.5641838
47.1631946,27.5645986
47.1620369,27.5672348
47.1597041,27.5750222
47.160399,27.5731524
47.1630414,27.5728839
47.1656303,27.5714031
47.1669867,27.5755119
47.165617,27.5807411
47.1664232,27.5825119
47.1670889,27.5830165
47.1679836,27.5808699
47.1693213,27.5773602
47.1714345,27.5750123
47.175324,27.5716963
47.1783884,27.5691769
47.1798559,27.5679459
47.181801,27.5663275
47.1842118,27.5642216
47.1857943,27.5628732
47.1897741,27.5595545
47.1909221,27.5586089
47.1957461,27.554389
47.1971911,27.5516518
47.198146,27.5461007
47.1998122,27.5416647
47.2009041,27.5377492
47.2015061,27.5363057
47.2041167,27.5329171
47.2094999,27.5316879
47.2096901,27.5314978
47.2096897,27.5314977
47.2096891,27.5314972
47.2093759,27.5314791
47.2043677,27.5326133
47.201736,27.5359175
47.200512,27.5393801
47.1986152,27.5435299
47.1977906,27.5484493
47.1968803,27.552473
47.1942027,27.5557891
47.1905345,27.5585839
47.1892657,27.5599844
