47.1164808,27.6321292
47.1164863,27.6321157
47.1164858,27.6321109
47.1164861,27.6321103
47.1164854,27.6321119
47.1164841,27.6321119
47.1164646,27.6320995
47.1164518,27.6320729
47.1164742,27.6321732
47.1166634,27.6321195
47.1166632,27.632119
47.1166625,27.6321187
47.1166623,27.6321189
47.1166629,27.6321181
47.116663,27.6321163
47.1166624,27.6321162
47.116662,27.6321161
47.116662,27.6321156
47.1166614,27.6321163
47.1194508,27.629
47.1217926,27.6247338
47.1254168,27.6194475
47.1290016,27.6151658
47.1306697,27.6138304
47.1348978,27.6098468
47.1363178,27.607766
47.1367095,27.6072031
47.1411149,27.6006482
47.1431239,27.5975441
47.1439548,27.5963686
47.1453468,27.5946042
47.14685,27.5926759
47.1471918,27.592298
47.1472735,27.5921367
47.1470299,27.5914304
47.1460795,27.5881502
47.146102,27.5850926
47.1474381,27.5818184
47.1491627,27.5792615
47.1499326,27.5780012
47.1562329,27.5742004
47.1566954,27.5744296
47.160419,27.5731464
47.1639848,27.5723503
47.1655764,27.5713465
47.1662972,27.5708157
47.1674469,27.5687643
47.1675842,27.5684648
47.1710767,27.5614744
47.1715819,27.5603794
47.1727395,27.5557603
47.1731992,27.5533728
47.1734423,27.552207
47.1734534,27.5481711
47.1732656,27.5444004
47.1729598,27.5403446
47.172248,27.5358151
47.1726047,27.525617
47.172514,27.5191532
47.1728591,27.513804
47.1713916,27.509185
47.1678562,27.5124378
47.1675514,27.5141755
47.1675569,27.5141779
47.1693294,27.5140267
47.1694887,27.5120901
47.17224,27.5096637
47.1726505,27.51214
47.1725296,27.5163326
47.1725157,27.5223768
47.1722562,27.5354601
47.1729362,27.5388714
47.1731695,27.5428888
47.1732934,27.5448576
47.1735978,27.55011
47.1736206,27.550427
47.1718913,27.5594268
47.1693015,27.5648803
47.1673855,27.5686596
47.1666858,27.569816
47.1658468,27.5711783
47.1644509,27.5720524
47.161312,27.5732103
47.1574497,27.574763
47.1563535,27.5740977
47.1541345,27.5736167
47.1514197,27.5757185
47.1498137,27.5778584
47.1477953,27.5811042
47.146942,27.5823886
47.1460732,27.5874612
47.1462994,27.5901073
47.1472325,27.591727
47.1468142,27.5928132
47.1451293,27.5948197
47.1444859,27.5956505
47.143297,27.5972804
47.142763,27.5980563
47.1423642,27.5986871
47.1419439,27.5993478
47.1408085,27.6010997
47.139516,27.6029678
47.1376884,27.605701
47.137459,27.606029
47.1344606,27.6104713
47.1310078,27.6135733
47.1276298,27.6163682
47.1244342,27.6210545
47.1223188,27.6241217
47.119583,27.6287195
47.1167778,27.6320464
47.1164614,27.6320401
47.1165546,27.6321663
47.1165964,27.6320921
47.116577,27.6320897
47.1165747,27.6320929
47.1165727,27.6320948
47.1165712,27.6320892
47.1165709,27.6320865
47.1165704,27.6320875
47.116567,27.6320837
47.116564,27.6320836
47.1165636,27.6320831
47.1165629,27.6320828
47.1165638,27.6320838
47.119213,27.6295711
47.1216283,27.6248447
47.1246859,27.6205567
47.1279371,27.6160972
47.1306986,27.6138428
47.1322655,27.6129566
47.1327531,27.6127324
47.1329467,27.6125939
47.1333326,27.6121155
47.1333732,27.6120057
47.1334555,27.6119074
47.1338807,27.61124
47.1342287,27.6107028
47.1348324,27.6099182
47.1359079,27.6083041
47.1366551,27.6071991
47.1411064,27.6005652
47.1420864,27.5991086
47.1452922,27.5946289
47.1466212,27.5929253
47.1470275,27.5923931
47.1472514,27.5921246
47.1473021,27.592118
47.1473283,27.5920862
47.1462105,27.5894148
47.1460859,27.5885546
47.1460744,27.5882832
47.1488961,27.5794496
47.1491711,27.5790524
47.1552712,27.5737305
47.1564446,27.5743383
47.1590065,27.5745856
47.1613388,27.5732505
47.1652673,27.571603
47.1666609,27.5701318
47.167498,27.5685123
47.1706113,27.5625256
47.1715759,27.5603789
47.1733287,27.5528185
47.1734674,27.5482482
47.1733464,27.5465302
47.1730966,27.5418533
47.172742,27.5375208
47.1723644,27.5375765
47.1723667,27.5375784
47.1723647,27.5375799
47.1723506,27.5376033
47.1723485,27.5376061
47.1723797,27.5376021
47.1723533,27.537631
47.1723492,27.5376278
47.1723155,27.5375943
47.1723125,27.5376488
47.1723154,27.5376547
47.1731342,27.5415326
47.1733213,27.5442374
47.1733885,27.545322
47.1734191,27.5458591
47.1735395,27.5503487
47.173369,27.5523444
47.1714205,27.5604532
47.1709766,27.5614208
47.1680844,27.5673666
47.1679638,27.56776
47.1672061,27.5691109
47.166376,27.570363
47.1657226,27.5712254
47.1625408,27.5730545
47.1607077,27.5731203
47.1572935,27.5746854
47.1545882,27.5735368
47.1530473,27.5739659
47.1500501,27.5776257
47.1469282,27.582377
47.1460761,27.5890658
47.1472701,27.5922162
47.1457655,27.5939104
47.1419094,27.5993004
47.141656,27.5997944
47.1400811,27.6021414
47.1391235,27.6035092
47.1377412,27.6055074
47.1347989,27.6099475
47.1308042,27.6137382
47.1275375,27.6164797
47.1240541,27.6217049
47.123402,27.6229152
47.119525,27.628761
47.116807,27.6320485
47.1165109,27.6319961
47.1165097,27.6320003
47.1165099,27.6320014
47.1164839,27.6320178
47.1166904,27.6321616
47.1166894,27.6321588
47.1166884,27.6321571
47.1166883,27.6321554
47.1167742,27.6320864
47.1167675,27.6320801
47.1167669,27.6320787
47.116778,27.6320559
47.1167781,27.632056
47.1167779,27.6320562
47.1167775,27.6320551
47.1167772,27.6320541
47.1170731,27.6319213
47.1202728,27.6271239
47.1244489,27.6210922
47.1275558,27.6164209
47.1304037,27.6140671
47.1329216,27.6126582
47.1353112,27.6092267
47.1383964,27.6046495
47.1413488,27.6002805
47.1426593,27.5982854
47.1454284,27.5945149
47.1465023,27.5905571
47.1461045,27.5859024
47.1461324,27.5850035
47.1474247,27.5817361
47.1489457,27.5793932
47.1513866,27.5759495
47.1562525,27.5742774
47.1587007,27.5754694
47.1612952,27.5732978
47.1655755,27.5713045
47.1666231,27.5701518
47.1674713,27.5684847
47.1682072,27.567152
47.1716026,27.5601938
47.1733836,27.5527258
47.1733551,27.5473391
47.1732094,27.5443705
47.172916,27.5400969
47.1724647,27.5366432
47.1728658,27.5284933
47.1724874,27.5192435
47.1729181,27.512976
47.1704014,27.5094204
47.1675831,27.5124694
47.1674561,27.5140301
47.1675467,27.5139771
47.1675058,27.5139893
47.167519,27.513987
47.1675558,27.5140164
47.1675264,27.513994
47.167516,27.5139881
47.1674893,27.5139669
47.1689144,27.51407
47.1694049,27.5121137
47.1725643,27.5101296
47.1724307,27.5190205
47.1725005,27.5215406
47.1725613,27.5370145
47.1730896,27.5420645
47.1732402,27.5446895
47.1733519,27.5458415
47.1734854,27.5490216
47.1734875,27.5519811
47.1715698,27.5601117
47.1695966,27.564375
47.1678947,27.5675348
47.1673098,27.5686338
47.1655891,27.571322
47.161158,27.5731706
47.1587334,27.5746106
47.1555238,27.5738003
47.1521466,27.5746623
47.1499743,27.5776995
47.1476787,27.5812374
47.1468068,27.5826033
47.1460172,27.5861767
47.147242,27.5919023
47.1462178,27.5934765
47.1442916,27.5959428
47.1415478,27.5998261
47.1391832,27.6034358
47.1376606,27.6057041
47.1350149,27.6096799
47.1322473,27.6130058
47.1274677,27.6164704
47.1243007,27.6212312
47.1218983,27.6245365
47.1186989,27.630412
47.1166187,27.6321889
47.1166602,27.6321229
47.1194432,27.6290753
47.1241722,27.6215522
47.1256898,27.6188977
47.129649,27.6147454
47.1727269,27.5379531
47.1733306,27.5449036
47.1734614,27.5521431
47.1520419,27.6016657
47.1520372,27.6016701
47.136765,27.5992416
47.1364334,27.5945371
47.1356443,27.5881312
47.1354148,27.5865534
47.1339245,27.5803384
47.1340435,27.5760697
47.1343081,27.5761944
47.1336308,27.5756
47.1336231,27.5756042
47.1336227,27.575605
47.133623,27.5756063
47.1336229,27.5756066
47.1336161,27.5756339
47.1336011,27.5756149
47.1336,27.5756146
47.1335967,27.5756401
47.1335958,27.5756383
47.1336436,27.5749646
47.1336893,27.5786944
47.1351744,27.5829564
47.1354933,27.586862
47.1364091,27.593843
47.1364518,27.5945559
47.1368893,27.6007066
47.1371025,27.603019
47.1371618,27.605005
47.1371912,27.6053668
47.1394696,27.6030363
47.1421948,27.599131
47.1435203,27.5969891
47.1451864,27.5947727
47.1464854,27.5932303
47.1483016,27.5931911
47.1492813,27.5944732
47.1504494,27.595969
47.1529264,27.5993975
47.1539399,27.6032094
47.154905,27.6042572
47.1566645,27.6031298
47.1587247,27.6011754
47.1603061,27.5976574
47.1615336,27.5953446
47.1630115,27.5940845
47.1647711,27.5908868
47.1657873,27.5895884
47.1663174,27.5872489
47.1673715,27.5828113
47.1677959,27.5813534
47.168628,27.5793508
47.1693985,27.5769839
47.1705338,27.5727322
47.1713715,27.5690995
47.1723431,27.5646924
47.1728918,27.5620936
47.1738702,27.5568765
47.1740684,27.5552368
47.1745004,27.5501751
47.1748657,27.5438898
47.1737237,27.5390709
47.1734332,27.5371605
47.1727275,27.5324664
47.1726735,27.5326908
47.1726929,27.5326207
47.1726946,27.5325998
47.172692,27.5326182
47.172692,27.5326186
47.1726944,27.5326199
47.1726689,27.5326289
47.1726427,27.5326808
47.1726526,27.532667
47.1726137,27.5327049
47.1726193,27.5326971
47.172618,27.5326967
47.172636,27.5326856
47.1726496,27.532684
47.1726521,27.5326953
47.1730419,27.533753
47.1736693,27.5390114
47.1744788,27.5412082
47.1747381,27.5462667
47.1742925,27.552504
47.1735351,27.559011
47.1735691,27.5593823
47.1727643,27.5622746
47.1715419,27.5684753
47.1707394,27.5719329
47.1686551,27.5790187
47.1678536,27.5808792
47.1675355,27.5822764
47.166594,27.5859249
47.1659878,27.5884907
47.1645994,27.5909897
47.1641379,27.591895
47.1621361,27.5947607
47.160806,27.5964391
47.1589094,27.6002576
47.1568974,27.6031648
47.156071,27.6040629
47.1554346,27.6043737
47.1539648,27.6025057
47.151271,27.5972613
47.1507329,27.5965171
47.1497671,27.5952653
47.1477359,27.592395
47.1475796,27.5921803
47.1469515,27.5925422
47.1457642,27.5938295
47.1438774,27.5963227
47.1424522,27.5984844
47.1402714,27.6018337
47.1371798,27.6055554
47.1369133,27.6010956
47.1366002,27.5963003
47.1364104,27.5941849
47.135872,27.5897512
47.1356013,27.5880837
47.1352344,27.5835238
47.1336132,27.5794598
47.1343149,27.5754865
47.1336202,27.5755161
47.1336159,27.57552
47.1336133,27.5755196
47.1336023,27.5755035
47.1335754,27.5754866
47.1335789,27.575494
47.1338718,27.574824
47.1341767,27.5807246
47.1354391,27.5866688
47.1359602,27.59038
47.1363882,27.5941026
47.1369519,27.6006856
47.1371412,27.6049477
47.137176,27.6053455
47.1404203,27.6016805
47.141684,27.5997332
47.1433571,27.5972352
47.144184,27.596067
47.1453504,27.5945635
47.1471215,27.5924811
47.1481552,27.5929947
47.1495943,27.5948866
47.1521134,27.5982181
47.1539134,27.6029027
47.1539144,27.6041591
47.1565711,27.6032654
47.1587772,27.6010002
47.1600162,27.5982778
47.160485,27.597093
47.1610385,27.5959964
47.1623933,27.5946308
47.1632142,27.5936887
47.1639273,27.5924791
47.1645483,27.5910585
47.1658872,27.5893731
47.1669812,27.5845826
47.1673096,27.5826079
47.1682599,27.5800565
47.1687119,27.5788631
47.1708075,27.5714331
47.1721612,27.5667765
47.1725282,27.5630557
47.1736356,27.558971
47.1739163,27.5567489
47.1742981,27.551951
47.1745838,27.5482002
47.1747388,27.5442689
47.1748063,27.5432952
47.1738216,27.539544
47.1734546,27.5371832
47.1729984,27.5332966
47.1725637,27.5263774
47.1724774,27.5191779
47.1728777,27.513194
47.1711966,27.5092273
47.1686865,27.5122755
47.1675634,27.5142966
47.1675794,27.5143017
47.1675794,27.5143004
47.1699769,27.5140397
47.1694698,27.5099297
47.1726334,27.5120365
47.1724228,27.5174853
47.1725371,27.522975
47.1729895,27.5334421
47.1735802,27.5389056
47.1736522,27.5390585
47.1747998,27.5444129
47.1745132,27.5508357
47.1741631,27.5544512
47.1736533,27.5595751
47.1732833,27.5609191
47.1724425,27.5650092
47.1709557,27.5712439
47.1701332,27.5745848
47.1678299,27.5810525
47.1671961,27.5837854
47.1663087,27.5880799
47.1648636,27.590894
47.1642447,27.5916057
47.1622672,27.5946786
47.1610582,27.596074
47.1589559,27.6001974
47.1574278,27.6025647
47.1559012,27.6042463
47.1550382,27.6043502
47.1539218,27.6032087
47.1507545,27.5964925
47.1497794,27.5951312
47.1477805,27.59244
47.1475531,27.5921368
47.1467246,27.5928697
47.144421,27.5957071
47.1426015,27.5983814
47.1414441,27.600108
47.140709,27.6012404
47.1387785,27.6040739
47.1371696,27.6052262
47.1368894,27.6006156
47.1365797,27.5960721
47.1362508,27.5924598
47.1594463,27.5992525
47.1747025,27.5451294
47.174802,27.5438545
47.1726795,27.5326657
47.1726837,27.5326441
47.1726645,27.5325988
47.1726685,27.5326133
47.1730482,27.5341592
47.1735987,27.5389957
47.1747941,27.5428887
47.174702,27.5473222
47.1742717,27.5525832
47.1736947,27.5585676
47.1735877,27.5594521
47.1723502,27.5637879
47.1708805,27.5712206
47.1699012,27.5760305
47.1682132,27.5801082
47.167373,27.5830595
47.1667826,27.5855742
47.1645796,27.5910443
47.1631827,27.5938749
47.1612023,27.5958504
47.1588966,27.6002588
47.1561495,27.604005
47.1553944,27.6042872
47.1538745,27.6034545
47.1524058,27.5987901
47.150248,27.5958369
47.1479385,27.5927358
47.1477753,27.592515
47.1466945,27.5929061
47.1446793,27.5953765
47.1439017,27.5963914
47.1412895,27.6003324
47.139594,27.6028589
47.1375985,27.6058297
47.1369992,27.6023698
47.1367846,27.5993719
47.136513,27.5958406
47.1364694,27.5947652
47.1359105,27.5896512
47.1356086,27.5877339
47.1352697,27.5845552
47.1340851,27.5764092
47.134003,27.5754881
47.1342229,27.5762098
47.1342231,27.5762122
47.1342244,27.5762175
47.1342266,27.5762185
47.1342285,27.576219
47.1337304,27.575531
47.1337253,27.5755396
47.1337243,27.575541
47.1337231,27.5755427
47.1337217,27.575544
47.1337054,27.5755433
47.1337057,27.5755429
47.1337046,27.5755416
47.1337044,27.5755408
47.1337033,27.5755389
47.1337024,27.575538
47.1337015,27.5755383
47.133702,27.5755371
47.1337026,27.575536
47.1336984,27.5755268
47.1336994,27.5755225
47.1336983,27.575522
47.1339682,27.5756761
47.1353137,27.584146
47.1358929,27.5897051
47.1364652,27.5946018
47.1368648,27.6004366
47.1371535,27.6043543
47.1371161,27.6044613
47.1372847,27.6059776
47.1373465,27.6060991
47.1394138,27.6031546
47.1414506,27.600075
47.1433035,27.5972525
47.1454782,27.5944122
47.146651,27.5930623
47.149837,27.5952867
47.1513607,27.597285
47.1537903,27.6015083
47.1537947,27.6034976
47.1538928,27.604072
47.1551745,27.6043544
47.1570956,27.6027291
47.1587599,27.6010829
47.1597551,27.5989039
47.1612231,27.5958165
47.1633699,27.5934747
47.1646568,27.5909305
47.165905,27.5890059
47.166753,27.5854128
47.167668,27.5817869
47.1685199,27.5794847
47.1696211,27.5764715
47.1708704,27.5710998
47.1724789,27.5651873
47.1724149,27.5634231
47.1736333,27.5590185
47.1739188,27.5567338
47.1744842,27.5503272
47.1745257,27.5499977
47.1747754,27.5450047
47.1748659,27.5438352
47.1747001,27.5417547
47.1734939,27.5372209
47.1730401,27.5334073
47.1726944,27.5326276
47.1726702,27.5327075
47.1726681,27.5326789
47.1726763,27.5326817
47.1726814,27.5326842
47.1726838,27.532685
47.1726835,27.5326857
47.1726892,27.5326883
47.1726937,27.5326885
47.1726972,27.532689
47.172705,27.5326894
47.1727113,27.5326907
47.172714,27.532692
47.1727156,27.532719
47.1727168,27.5327234
47.1727273,27.5327182
47.1729436,27.533323
47.1733988,27.5363482
47.1736246,27.5385866
47.1747473,27.5419304
47.1748356,27.5454624
47.1745951,27.5493944
47.174308,27.5534678
47.1736265,27.5594766
47.1732424,27.5611043
47.1724883,27.5661475
47.1708698,27.5715333
47.1685729,27.5793115
47.1679,27.5811163
47.1670107,27.5844269
47.1661535,27.5884328
47.165585,27.5902845
47.1641527,27.5919
47.162396,27.5946127
47.1608434,27.596401
47.1593335,27.5996333
47.1588243,27.6008313
47.1562601,27.6038396
47.1560442,27.6040833
47.1539316,27.6032232
47.1521296,27.5984206
47.150718,27.5964525
47.1496265,27.5951542
47.1479197,27.5927488
47.1477205,27.5925201
47.1465711,27.5930086
47.1451289,27.5947884
47.1440271,27.5962557
47.1418906,27.5993751
47.1410756,27.6006432
47.1394341,27.6031616
47.1382682,27.6047986
47.1371156,27.6044312
47.1368618,27.6000339
47.1365244,27.5957045
47.1358652,27.5898139
47.1355131,27.5869023
47.1352466,27.58345
47.1338789,27.5781448
47.1339518,27.575581
47.1336661,27.5755883
47.1336198,27.5754783
47.1336209,27.5754866
47.1336249,27.5754968
47.1339571,27.5751846
47.1337216,27.5799728
47.1354246,27.5863004
47.1361577,27.5915084
47.1366002,27.5966441
47.1369426,27.6007326
47.1371268,27.6043514
47.1371289,27.6043518
47.1371905,27.6049935
47.1372678,27.6058076
47.1372838,27.6060035
47.1412291,27.600514
47.1419408,27.5994192
47.1432776,27.597376
47.1441489,27.5961613
47.145222,27.5948083
47.1471858,27.592344
47.1472015,27.5923241
47.1489521,27.5938787
47.1500569,27.5954946
47.1525255,27.5988725
47.1539004,27.6030627
47.1563959,27.6035335
47.1571936,27.6026818
47.1590352,27.6000169
47.1610379,27.5960746
47.1632998,27.5935695
47.1642403,27.5917964
47.1651582,27.5906716
47.1658559,27.5894109
47.1660025,27.5884727
47.1675912,27.5818147
47.1675482,27.5818079
47.1685774,27.5792965
47.1704584,27.573116
47.1711538,27.5697069
47.1722209,27.56417
47.1736172,27.5588328
47.1740034,27.5556955
47.1745019,27.5504554
47.1744918,27.5490689
47.1746695,27.5459517
47.1747694,27.5438805
47.1747356,27.5427612
47.1734084,27.5370583
47.1729486,27.5332841
47.1724928,27.5214144
47.1724428,27.5167231
47.1727823,27.5139587
47.1729478,27.5128984
47.1711749,27.5091976
47.1675642,27.5124807
47.1675532,27.5140149
47.1675731,27.514033
47.1675686,27.5140361
47.1675696,27.5140187
47.1700407,27.5126455
47.1694756,27.509933
47.1725743,27.5113714
47.1726659,27.5121276
47.172619,27.5150801
47.1725166,27.5207268
47.1727866,27.5327123
47.1735706,27.5383838
47.1743958,27.5410646
47.1747311,27.5445248
47.174584,27.5488701
47.1742437,27.5526335
47.1737413,27.558037
47.1734672,27.5597082
47.1733057,27.5607313
47.1723286,27.5648182
47.1708905,27.5712692
47.1688705,27.5786052
47.1678642,27.5810257
47.1667798,27.5852562
47.1664699,27.5869145
47.1644801,27.5910958
47.1633193,27.5936567
47.1618924,27.5949891
47.160866,27.5963977
47.1589013,27.6001815
47.1586994,27.6009105
47.156088,27.604009
47.1554232,27.6043702
47.1539151,27.6031496
47.1518175,27.597984
47.1493772,27.5947087
47.1476233,27.5923665
47.1474436,27.5921104
47.1461921,27.5935093
47.1422058,27.5989569
47.1409673,27.6007958
47.1396662,27.6027695
47.1371829,27.6052069
47.1368987,27.600309
47.1366309,27.5961501
47.1364839,27.5945188
47.1356004,27.587501
47.1342412,27.5805953
47.134055,27.5752578
47.1337259,27.5762654
47.1337435,27.5762605
47.1337421,27.5762604
47.1337407,27.5762562
47.1337253,27.5762413
47.1336708,27.5759251
47.1337056,27.5754623
47.1337046,27.5754603
47.1336996,27.5754586
47.1336989,27.5754582
47.1336965,27.5754568
47.1336943,27.575456
47.1336935,27.5754535
47.1336934,27.5754516
47.1336868,27.5754361
47.1336863,27.5754346
47.1339495,27.5752433
47.1342099,27.5807067
47.1355065,27.587075
47.1359795,27.5905676
47.136607,27.5966737
