47.1470791,27.5821829
47.1463072,27.5839302
47.1461068,27.5891123
47.1466089,27.5909149
47.1465778,27.5929565
47.1445114,27.5956137
47.1412726,27.6003921
47.1396032,27.6028721
47.1377787,27.6055847
47.1349905,27.6097117
47.1345014,27.6104605
47.133751,27.6115883
47.130253,27.6142185
47.1275424,27.6165024
47.1240815,27.6217277
47.1221039,27.6243775
47.1197182,27.6285175
47.1174905,27.6318116
47.1165475,27.6320367
47.1165441,27.6320486
47.1166505,27.6321985
47.1166505,27.6321947
47.1166485,27.6321877
47.1168749,27.6320689
47.1168709,27.6320595
47.1168692,27.6320623
47.1168695,27.6320625
47.1168689,27.6320616
47.1168682,27.6320607
47.116868,27.6320608
47.1168699,27.6320636
47.1168916,27.6321109
47.1168719,27.6320529
47.1168693,27.6320516
47.117076,27.6319081
47.1192024,27.6295018
47.1210919,27.6257267
47.1233548,27.623136
47.1245758,27.6209993
47.1276888,27.6163583
47.1292087,27.6151585
47.1311485,27.6135051
47.1338984,27.6113321
47.135859,27.608548
47.1371229,27.6065816
47.1403827,27.6017615
47.1413641,27.6002504
47.1421665,27.5991178
47.1438884,27.5965667
47.1454674,27.5944212
47.1470547,27.5923841
47.1473032,27.5920672
47.1461652,27.5893059
47.1460629,27.5885714
47.1469328,27.5825907
47.1476259,27.5814321
47.1492243,27.5790491
47.1498056,27.5782177
47.1548063,27.5736185
47.156578,27.5743477
47.1590123,27.5753349
47.1612725,27.5732449
47.1645799,27.5719629
47.1656422,27.5713787
47.1658864,27.5711516
47.1673333,27.568823
47.1674043,27.5686554
47.169558,27.5645398
47.171821,27.5597861
47.1729527,27.5544185
47.1733347,27.5528295
47.1735354,27.5519604
47.1734492,27.5474086
47.1734298,27.5466084
47.1731267,27.5423957
47.1729536,27.5402117
47.1723879,27.5376221
47.1724419,27.5376315
47.1724141,27.5375949
47.1724494,27.5376011
47.1724597,27.5376093
47.1724518,27.5376364
47.1724539,27.5376664
47.1724416,27.5376564
47.1724274,27.5376718
47.1724566,27.5376689
47.1724559,27.5376682
47.1724572,27.5376626
47.1724635,27.5377008
47.1724127,27.5377057
47.1723856,27.5376893
47.1723647,27.5376921
47.1724012,27.5376732
47.1729258,27.5390399
47.173299,27.5440824
47.1733613,27.5445415
47.1733932,27.5455195
47.1734246,27.5462816
47.1735361,27.5502489
47.1727102,27.5556289
47.1711278,27.5610552
47.1690888,27.5652931
47.1678684,27.5674955
47.1675942,27.5680615
47.1666603,27.5698449
47.1664184,27.5704153
47.1653045,27.5715895
47.161748,27.5733092
47.1606816,27.5730995
47.1589905,27.5741587
47.1563345,27.5741692
47.1550922,27.5736407
47.1521262,27.5747279
47.1498468,27.5778066
47.1473183,27.5817942
47.1461988,27.5841682
47.1460099,27.5858036
47.1465467,27.5907896
47.1472751,27.5922268
47.1465577,27.5930203
47.1461312,27.5935737
47.145612,27.594067
47.1454241,27.5943777
47.1445142,27.5955577
47.1431234,27.5975604
47.1428939,27.5979218
47.1427202,27.5981662
47.1426255,27.5983558
47.1422738,27.5988855
47.1418595,27.5993425
47.1412251,27.6003208
47.1406615,27.6011849
47.1394138,27.603034
47.1371769,27.6063209
47.1349891,27.6097208
47.1341125,27.6109422
47.1310629,27.6135605
47.1300186,27.6143765
47.1273833,27.6165273
47.1235691,27.6224916
47.1212399,27.6254288
47.1189259,27.6299707
47.1164964,27.6320904
47.1167322,27.6321262
47.1167165,27.6321736
47.116663,27.6321526
47.1185454,27.6307423
47.1209937,27.6258206
47.1234888,27.6227631
47.1258474,27.6186732
47.1277363,27.6162907
47.1279366,27.6160959
47.1316205,27.6131789
47.1326082,27.6127828
47.1330499,27.6124775
47.133353,27.6121766
47.1337265,27.6115886
47.1339398,27.6112962
47.1342857,27.6106966
47.1350444,27.6096984
47.1361662,27.6079385
47.1372012,27.6064129
47.141601,27.5999304
47.1432668,27.5973856
47.1451734,27.5948448
47.1471054,27.5923284
47.1471819,27.5923335
47.1463252,27.590027
47.1461661,27.5893229
47.1467752,27.5830024
47.1483145,27.5803057
47.1489729,27.579307
47.1505888,27.5770013
47.1559442,27.5740634
47.1567176,27.5744391
47.1598205,27.5732727
47.1612889,27.5733149
47.1649343,27.5717675
47.1662046,27.5710263
47.1673878,27.5687427
47.1688021,27.5660421
47.171145,27.5611233
47.1721328,27.5586544
47.1733523,27.5527743
47.1735242,27.5520655
47.1733507,27.5466773
47.1730988,27.5421025
47.1726376,27.537169
47.172398,27.5307275
47.1726013,27.5235356
47.1725292,27.5192172
47.1728851,27.5135727
47.1725646,27.50999
47.1692677,27.5114398
47.16744,27.5135722
47.1680544,27.5142598
47.170068,27.5125211
47.1699075,27.509501
47.1728153,27.5122538
47.1724419,27.519442
47.1724949,27.5253505
47.1725497,27.5369783
47.1731814,27.5427725
47.1734404,27.5454724
47.1736037,27.5502606
47.1733859,27.5525961
47.1716235,27.5600461
47.1689594,27.565575
47.1673426,27.5686295
47.1663486,27.570254
47.1661544,27.5706943
47.165357,27.5715936
47.1611631,27.5732042
47.1573718,27.574735
47.1554169,27.5737478
47.1509614,27.576309
47.1499199,27.5778024
47.1469527,27.5823405
47.1460582,27.5859292
47.1466083,27.5909282
47.1470095,27.5915177
47.1465646,27.5929273
47.1427596,27.5980771
47.1402031,27.601932
47.1375307,27.6057978
47.1373753,27.6060993
47.1344508,27.6103883
47.1310549,27.6134963
47.1278722,27.6161304
47.125355,27.6194868
47.1225965,27.6238363
47.1196953,27.6284084
47.1171212,27.6319073
47.1164963,27.6319929
47.1164984,27.6319273
47.1164964,27.6319228
47.1165088,27.6319314
47.11653,27.6319606
47.1165304,27.6319598
47.1165304,27.6319603
47.116524,27.6319294
47.1165231,27.6319351
47.1165216,27.6319411
47.1165215,27.6319392
47.1165299,27.6319157
47.116811,27.63209
47.1167994,27.6320821
47.1169126,27.6320418
47.1192329,27.6295488
47.1226976,27.6237108
47.1248972,27.6202986
47.1279673,27.6161673
47.1313006,27.6134183
47.1353726,27.6092024
47.1366112,27.6073567
47.1404893,27.6016259
47.1421205,27.5990822
47.1436079,27.5969496
47.1450422,27.5949356
47.1466178,27.5930261
47.1462052,27.5894847
47.1465407,27.5835677
47.1483602,27.5803173
47.1492201,27.5789947
47.151375,27.5759791
47.1562864,27.5742715
47.1588201,27.575476
47.1609041,27.5732879
47.1647966,27.5718731
47.1657191,27.5712918
47.1657196,27.5712919
47.1673826,27.5688341
47.1674956,27.5684876
47.1709122,27.5618171
47.1724439,27.557125
47.1735699,27.5511615
47.1731924,27.544467
47.1728146,27.538348
47.1724049,27.5376078
47.1724336,27.5375564
47.172429,27.5375507
47.1724303,27.5375506
47.1724295,27.5375505
47.1724284,27.537549
47.1724269,27.5375477
47.1724265,27.5375463
47.1724459,27.537551
47.1724519,27.537519
47.1724517,27.5375189
47.1724523,27.5375195
47.1724532,27.5375181
47.1724509,27.5375021
47.1724469,27.5375035
47.1724186,27.5376792
47.1731503,27.5426196
47.1733794,27.5465914
47.1736149,27.5502746
47.1732905,27.5528973
47.1711778,27.5609763
47.1687926,27.5657998
47.1677182,27.5678748
47.1665065,27.5700901
47.166179,27.5706492
47.163516,27.5724803
47.1597076,27.5732505
47.1563372,27.5741065
47.151237,27.5759486
47.1498214,27.5778234
47.1473631,27.5816845
47.1469524,27.5823367
47.1460201,27.5876808
47.147219,27.5918762
47.1466181,27.5929439
47.1443232,27.5958214
47.1411595,27.6004198
47.147095,27.5925256
47.1491919,27.5943249
47.1523525,27.5986479
47.1532987,27.6031601
47.1532934,27.6030156
47.1906663,27.5591026
47.1929063,27.5568293
47.1964218,27.5532209
47.197724,27.5485121
47.1990901,27.5426409
47.2006269,27.5386379
47.2026833,27.5348219
47.2078364,27.5311308
47.2096582,27.5315397
47.2096582,27.5315396
47.2094786,27.5314311
47.2034178,27.5339054
47.2012245,27.5370826
47.2004862,27.5404616
47.1983921,27.5447915
47.197405,27.550554
47.1952029,27.5549345
47.1914757,27.5581273
47.1905548,27.5585829
47.1863627,27.5624451
47.1845286,27.5640426
47.1820446,27.5661948
47.1793815,27.5684857
47.1758233,27.5713761
47.174885,27.5721106
47.1735577,27.5731846
47.1717575,27.5746836
47.1693883,27.576498
47.1679145,27.5770797
47.1665609,27.577568
47.1664371,27.5721292
47.1656597,27.5713572
47.1617328,27.5732895
47.1585729,27.5752019
47.1609992,27.5705821
47.163376,27.5643989
47.165054,27.5608911
47.1665822,27.5577689
47.166711,27.5556817
47.1667113,27.5524753
47.1667294,27.5497677
47.1666734,27.5456588
47.1680328,27.5417168
47.1691518,27.5404152
47.1692965,27.5402582
47.1692966,27.5402588
47.1692967,27.5402587
47.1693027,27.5402362
47.1690349,27.5405117
47.1690806,27.5404235
47.1690616,27.5404105
47.1690326,27.5404723
47.1690403,27.5404593
47.1690253,27.5404441
47.1690538,27.5403972
47.1690547,27.5403978
47.1690581,27.5403959
47.16693,27.5431555
47.166715,27.5463936
47.1667271,27.5496815
47.1667361,27.5564319
47.1667545,27.5567625
47.1651507,27.5605621
47.1628941,27.5650352
47.1611278,27.5698691
47.1606017,27.5742041
47.1575118,27.5749139
47.1543408,27.5812749
47.152022,27.5864372
47.1512599,27.588482
47.1518758,27.5922222
47.1534157,27.5992489
47.1538847,27.60256
47.1533122,27.6038103
47.1525479,27.6029101
47.152548,27.6029092
47.152548,27.6029075
47.1525453,27.6029061
47.1525385,27.6028739
47.1524966,27.6028804
47.1521013,27.6025096
47.1520457,27.6024264
47.1520428,27.6024309
47.1520442,27.6024365
47.1520543,27.6024587
47.1520546,27.6024585
47.1520541,27.6024594
47.1520539,27.6024614
47.1520534,27.6024633
47.152054,27.6024628
47.1520549,27.6024615
47.1520547,27.6024601
47.1520441,27.6024682
47.1530061,27.6033472
47.1532395,27.6033474
47.1532389,27.6033469
47.1532484,27.6033271
47.1532767,27.6033556
47.1532694,27.6033181
47.153269,27.603318
47.1532974,27.6033421
47.1533059,27.6032784
47.1533012,27.6032785
47.153285,27.6032783
47.1532561,27.6032868
47.1532559,27.6032867
47.1532559,27.6032877
47.1532561,27.6032886
47.153256,27.6032892
47.1532262,27.6032802
47.1532772,27.6032754
47.1532902,27.6033196
47.1532941,27.6033235
47.1532931,27.6033235
47.1532552,27.6032775
47.1532446,27.6032804
47.1532925,27.6033119
47.1532913,27.6033121
47.1532894,27.6033123
47.1532882,27.6033124
47.153286,27.6033117
47.1532765,27.6033251
47.1532719,27.6033222
47.1532672,27.6033456
47.1532654,27.6033442
47.1532477,27.6033605
47.15324,27.6033487
47.1532395,27.6033472
47.1532089,27.6033241
47.1532094,27.6033236
47.1532441,27.6033536
47.1532769,27.6033402
47.1532755,27.6033383
47.153275,27.6033385
47.1532416,27.6033884
47.1532422,27.6033877
47.1533279,27.6033162
47.1532466,27.603344
47.1532563,27.6033301
47.1532555,27.6033302
47.1532558,27.6033303
47.153255,27.6033298
47.1532555,27.6033287
47.1532543,27.6033293
47.1532342,27.603305
47.1532368,27.6033107
47.1532368,27.6033114
47.1532361,27.6033112
47.1532356,27.603312
47.1532355,27.6033132
47.1532437,27.6033531
47.1532493,27.6033362
47.1532556,27.6033489
47.1532653,27.6033422
47.1532603,27.6033303
47.1532405,27.6033524
47.1532253,27.6033647
47.153227,27.6033629
47.1532309,27.6033588
47.1532752,27.6033412
47.1533067,27.6033677
47.1533058,27.6033677
47.1533039,27.6033668
47.153302,27.6033655
47.1533012,27.6033613
47.153301,27.603361
47.1533004,27.6033611
47.1532996,27.6033611
47.153299,27.6033597
47.1532957,27.6033543
47.1532946,27.6033524
47.1532936,27.6033509
47.1532926,27.6033506
47.1532923,27.6033491
47.1532921,27.6033473
47.1532917,27.6033472
47.1532898,27.6033462
47.153278,27.6033614
47.153277,27.6033614
47.1532759,27.6033615
47.1532533,27.6033729
47.1532518,27.6033742
47.1532509,27.6033762
47.1532502,27.6033757
47.1532489,27.6033747
47.153248,27.6033741
47.1532475,27.6033736
47.1532481,27.6033746
47.1532582,27.6033956
47.1532579,27.6033955
47.1532579,27.603395
47.1532579,27.6033937
47.1532595,27.6033897
47.1532596,27.6033848
47.1532604,27.6033867
47.1532612,27.6033855
47.1532618,27.6033852
47.153262,27.6033809
47.1532618,27.603375
47.1532617,27.6033717
47.1532616,27.6033698
47.1532599,27.6033692
47.1532596,27.6033691
47.1532595,27.6033674
47.1532595,27.6033646
47.1532594,27.6033602
47.1532597,27.6033568
47.1532587,27.6033535
47.1532583,27.6033502
47.1532577,27.6033508
47.1532576,27.6033521
47.1532606,27.6033489
47.1533002,27.6034049
47.153297,27.6033894
47.1532966,27.6033885
47.1532632,27.6033553
47.1532715,27.6033781
47.1532681,27.6033744
47.1532436,27.6033615
47.1532443,27.6033627
47.1690596,27.5405292
47.1644149,27.5720859
47.1655654,27.5714754
47.1788287,27.5688025
47.1807636,27.5671499
47.1820122,27.5662457
47.1838946,27.5645137
47.185858,27.5628893
47.1899728,27.5593876
47.1913647,27.5581845
47.1960848,27.5538879
47.1974188,27.5503752
47.1984474,27.5445586
47.2002312,27.5411649
47.2009342,27.5374845
47.2044571,27.5325395
47.2096776,27.5315742
47.20969,27.5315384
47.2096897,27.5315396
47.2096898,27.5315341
47.2063175,27.5306932
47.2025914,27.5350596
47.200809,27.5381421
47.1996543,27.5420002
47.1984106,27.544828
47.1973961,27.5506065
47.1955154,27.554711
47.1924051,27.5573473
47.1904752,27.5586278
47.1884334,27.5607529
47.186068,27.5627556
47.1832961,27.5651022
47.1804398,27.5674699
47.1781438,27.5694546
47.176364,27.5709082
47.1759513,27.5712491
47.1749181,27.5720484
47.1745996,27.5723931
47.1734538,27.573287
47.1734433,27.5732846
47.1691916,27.5765866
47.1672109,27.5772275
47.166525,27.577166
47.1664136,27.5721607
47.1656768,27.5713713
47.1614396,27.5731951
47.1586164,27.5753076
47.1613036,27.5695656
47.1634222,27.5643034
47.1658405,27.5592625
47.1668145,27.556981
47.1667576,27.5549529
47.1667955,27.5496259
47.1667161,27.5441663
47.1683958,27.5413735
47.1690796,27.5405368
47.1690795,27.5405369
47.1690736,27.5405569
47.1690669,27.5405574
47.1690662,27.5405573
47.1690662,27.5405572
47.1690672,27.540558
47.1690678,27.540558
47.169069,27.540558
47.1692681,27.5401303
47.1671846,27.5427955
47.1667594,27.5472405
47.1668298,27.5513438
47.1668061,27.5555376
47.1668643,27.5564812
47.1660858,27.5588533
47.1631998,27.5644658
47.1622265,27.5667213
47.1621812,27.5668835
47.1604768,27.5743915
47.160213,27.5731571
47.1626731,27.5730726
47.164162,27.5722249
47.1655324,27.5712385
47.1670371,27.5732722
47.1664411,27.5774808
47.1656706,27.5805762
47.1655609,27.5813412
47.1668771,27.5828515
47.1668893,27.5828864
47.1670611,27.5831008
47.1672653,27.583195
47.1684522,27.5795942
47.1692757,27.5774183
47.1726495,27.5739521
47.1748717,27.5720785
47.1755024,27.5715563
47.1780497,27.5694505
47.1802849,27.5675641
47.181061,27.5669839
47.1831653,27.5651491
47.1852575,27.5633854
47.1878987,27.5612053
47.1906352,27.5591425
47.1953286,27.5548268
47.1974126,27.5504523
47.1994716,27.5421391
47.2003703,27.541
47.2012871,27.5370036
47.2080835,27.5312418
47.2096904,27.5315269
47.2096635,27.5315801
47.2083218,27.5313813
47.202757,27.5347122
47.2008057,27.5380589
47.1996921,27.5418554
47.1984054,27.5448909
47.1973896,27.5508852
47.1951576,27.5550484
47.1907263,27.5585046
47.1891057,27.5602045
47.186837,27.5620288
47.1866601,27.5621972
47.185115,27.5634931
47.1826557,27.5655509
47.1809011,27.5671189
47.179874,27.5679555
47.1782484,27.5693173
47.1759821,27.5712384
47.1754033,27.5717519
47.1745795,27.5724191
47.1729584,27.573757
47.169332,27.5764949
47.1681156,27.5770876
47.1676817,27.5771122
47.1670497,27.5773293
47.1665913,27.5776053
47.1666959,27.5726885
47.166278,27.571737
47.1657602,27.5712762
47.1653898,27.5715204
47.1613783,27.5732421
47.1587375,27.5747385
47.1609559,27.5706433
47.1617394,27.5680502
47.1633703,27.5642396
47.1645327,27.5619053
47.1664864,27.5575635
47.166679,27.5556105
47.1667981,27.5527235
47.1668449,27.5508142
47.16671,27.5472202
47.1668618,27.5432487
47.1690717,27.540565
47.1690696,27.5405344
47.1691221,27.5406305
47.1689922,27.5404947
47.1689789,27.5404852
47.168621,27.5409681
47.1667188,27.5443068
47.1667583,27.5487448
47.1669157,27.5513502
47.1670072,27.5557639
47.166852,27.5573452
47.1635921,27.5639587
47.1632359,27.5644965
47.1619264,27.5674832
47.1595137,27.5751954
47.1606935,27.573232
47.1633242,27.5727654
47.1653274,27.5712222
47.1674992,27.574308
47.1656917,27.580203
47.1654355,27.5818715
47.167495,27.5828558
47.168256,27.5800704
47.1687394,27.5788988
47.1710134,27.5753745
47.1754447,27.5717219
47.1755739,27.5716205
47.1794355,27.5682612
47.1819253,27.5662682
47.1852569,27.5635363
47.1869045,27.5621612
47.1906116,27.559212
47.1932338,27.556542
47.1968301,27.5524735
47.1983367,27.5454247
47.1999213,27.541603
47.2009109,27.5377846
47.2025894,27.5347789
47.2080042,27.5312049
47.2095972,27.5316627
47.2096112,27.531631
47.2096409,27.5316735
47.2096579,27.5315125
47.2054134,27.5313774
47.2023017,27.5353145
47.2005744,27.5384644
47.1990966,27.5426706
47.1979886,27.5471029
47.1971112,27.5520487
47.194597,27.5554824
47.1906139,27.5585322
47.1888483,27.5603451
47.1863433,27.5624844
47.1848814,27.5636684
47.182851,27.565457
47.1803636,27.5674765
47.179268,27.5684655
47.1760468,27.5711678
47.1756542,27.5715027
47.1737686,27.5730419
47.1734096,27.5733486
47.1702973,27.5758655
47.1680621,27.5770305
47.1666836,27.5775375
47.1672015,27.5746435
47.165686,27.5712803
47.1634511,27.5725138
47.1608086,27.5731191
47.1598581,27.5749668
47.1618933,27.5675237
47.1628436,27.5652115
47.1633909,27.5643981
47.1649622,27.5609786
47.1667775,27.5569255
47.1668128,27.5556169
47.1667864,27.5536343
47.1667877,27.5519242
47.1667872,27.5494246
47.1667646,27.5440134
47.1683468,27.5414662
47.169189,27.5404063
47.1693054,27.5402895
47.169303,27.5402819
47.1693038,27.5402812
47.1693037,27.540281
47.1693035,27.5402799
47.1693269,27.5402459
47.1680768,27.5416244
47.1667571,27.5471603
47.1668462,27.5532658
47.1668749,27.555591
47.1668767,27.5557752
47.1667322,27.5573096
47.1642465,27.562486
47.1629627,27.5650578
47.1615137,27.5688816
47.1592091,27.5751155
47.1575303,27.574896
47.1549648,27.5801249
47.1529881,27.5844972
47.1516601,27.5872269
47.1509204,27.5872235
47.1500763,27.5921838
47.1483478,27.6002561
47.1480385,27.6022793
47.1506566,27.6030856
47.1521677,27.6034102
47.1525953,27.6032156
47.1525929,27.6032117
47.1525923,27.6032116
47.1525934,27.6032124
47.1525992,27.6032186
47.1532246,27.6033192
47.153426,27.6025476
47.1534251,27.6025464
47.1534245,27.6025475
47.1534257,27.6025464
47.1534033,27.6016146
47.153277,27.6016079
47.1526356,27.601553
47.1521498,27.6021834
47.1520421,27.6021268
47.1520419,27.6021282
47.1520055,27.6021452
47.1520046,27.6021466
47.1520058,27.602145
47.1520078,27.602142
47.1520093,27.6021396
47.1520108,27.602137
47.1520105,27.6021364
47.15201,27.6021358
47.152012,27.6021339
47.1520147,27.6021319
47.1520163,27.6021314
47.1522215,27.6025703
47.1522246,27.602572
47.1523136,27.6027897
47.1505014,27.6029701
47.1490495,27.6025501
47.1483224,27.6007973
47.1490346,27.5953115
47.1490686,27.5941711
47.1466696,27.5908662
47.1460824,27.5885535
47.1465152,27.5835618
47.1475834,27.5814092
47.1498391,27.5781135
47.1548278,27.5736132
47.157738,27.5750125
47.1610302,27.5704689
47.1619601,27.5675245
47.1636854,27.5635979
47.1652877,27.5601762
47.166795,27.5557211
47.1667897,27.5517715
47.1667363,27.5479058
47.1673805,27.5425608
47.1693114,27.5402326
47.1693077,27.5402223
47.1693072,27.540222
47.1693063,27.5402219
47.169306,27.5402204
47.1693064,27.5402195
47.1693065,27.5402199
47.1693124,27.5401811
47.1693077,27.5402064
47.1692887,27.5402338
47.1693036,27.5402161
47.1692844,27.5402748
47.1684828,27.5411439
47.1667798,27.543415
47.166751,27.5485526
47.1668385,27.5535569
47.1669032,27.5569017
47.1643342,27.5626183
47.1626395,27.565808
47.1612297,27.5696035
47.1590686,27.5744665
47.1604767,27.5731778
47.1632964,27.5727797
47.1658841,27.5713104
47.1674583,27.5741035
47.1657269,27.5803578
47.1655825,27.5808646
47.1670988,27.5829606
47.167379,27.5830746
47.167764,27.5811665
47.1690488,27.578007
47.1715831,27.5748457
47.1751901,27.5718951
47.1755044,27.5715952
47.1787969,27.5688307
47.1811351,27.5669619
47.1844876,27.5639513
47.1872787,27.5617012
47.1905625,27.5591411
47.1929998,27.5567655
47.1972286,27.5516279
47.1982808,27.5454143
47.1998266,27.541639
47.2008787,27.5377612
47.203038,27.534207
47.2090332,27.5315866
47.2097009,27.5315705
47.2097086,27.5315529
47.2097071,27.5315534
47.2096895,27.5315766
47.2096837,27.5315614
47.2096824,27.5315611
47.2096821,27.5315613
47.208131,27.5312726
47.2026012,27.5348866
47.2006705,27.5382253
47.1988335,27.5430598
47.197432,27.5505245
47.1941086,27.5558931
47.1904895,27.5584901
47.1877581,27.5612785
47.1863341,27.5625109
47.1844068,27.5640884
47.1806185,27.5673584
47.1778929,27.5696271
47.1748058,27.5722229
47.1721515,27.5743831
47.1687852,27.576741
47.1665333,27.5775711
47.1666984,27.5728181
47.1664143,27.5716861
47.1656484,27.5712662
47.1384986,27.6061277
47.1384664,27.6061331
47.1384775,27.6061244
47.1384801,27.6061559
47.1384728,27.6061476
47.1384707,27.6061778
47.1384743,27.6061818
47.1384882,27.606175
47.1384753,27.6061631
47.1385262,27.6061228
47.1385059,27.6061517
47.1384773,27.6061438
47.1384765,27.6061441
47.1384952,27.6061744
47.1384834,27.6061724
47.1384814,27.6061715
47.1384956,27.6061107
47.1384991,27.6061626
47.1384998,27.6061329
47.1384727,27.6061454
47.1384558,27.6061462
47.138459,27.6061642
47.1384703,27.6061419
47.1384706,27.6061418
47.1384703,27.6061421
47.1384701,27.6061427
47.1384255,27.6061259
47.1384403,27.6062181
47.1384788,27.6061733
47.1384562,27.6061761
47.1380349,27.6074918
47.137109,27.6077824
47.1370693,27.6076902
47.1370107,27.6067119
47.1404773,27.6015716
47.1434487,27.5971054
47.1449148,27.5951451
47.1471486,27.5924791
47.1482423,27.5909228
47.1498791,27.5888518
47.1518811,27.5878099
47.1519274,27.5878343
47.1519347,27.5877903
47.1528164,27.5865966
47.1527443,27.5866248
47.1527216,27.5867243
47.1527078,27.5867172
47.1528183,27.5849047
47.1519223,27.5867838
47.1506534,27.5879634
47.147874,27.5914434
47.1474868,27.5918879
47.1466201,27.59297
47.1450598,27.5948431
47.1412546,27.600368
47.1405662,27.6014419
47.1371355,27.6042666
47.1368334,27.600095
47.1365654,27.5958573
47.1364437,27.5944461
47.1356401,27.5881919
47.1355109,27.5869015
47.1337966,27.5800722
47.1340026,27.5756076
47.1341463,27.5763801
47.1336513,27.5754117
47.1336513,27.5754108
47.1336516,27.5754123
47.1336516,27.5754141
47.1336506,27.5754187
47.1336527,27.5754536
47.13363,27.5754451
47.1336243,27.5754278
47.1336367,27.5753585
47.1339455,27.5752557
47.1345024,27.5811054
47.1354321,27.5866982
47.1361358,27.5915511
47.1365805,27.596056
47.1370013,27.601343
47.1372452,27.6051089
47.1373114,27.6056753
47.1376706,27.605858
47.1413854,27.6003298
47.1414966,27.5999934
47.1426628,27.5982208
47.145108,27.5948362
47.1460876,27.5937225
47.1486818,27.5904624
47.1502646,27.5882917
47.1517169,27.5877327
47.1519499,27.587921
47.152827,27.5864818
47.1541151,27.5836119
47.1558645,27.5797121
47.1582453,27.5755471
47.1604042,27.5731866
47.161636,27.5733512
47.1656231,27.5715667
47.1657428,27.5714973
47.1673286,27.5687707
47.1673448,27.5686069
47.1701499,27.5634589
47.1715896,27.5603138
47.1729486,27.5548129
47.1734686,27.5524747
47.1734991,27.5522273
47.1733976,27.5468734
47.1730907,27.5421205
47.1729017,27.5398176
47.1723881,27.5377384
47.1723923,27.5377394
47.172392,27.5377383
47.1723917,27.5377361
47.1723932,27.537724
47.1724294,27.5377034
47.1724294,27.537744
47.1724356,27.5377444
47.1728794,27.5393316
47.1733051,27.5447538
47.1734278,27.548148
47.1736039,27.5502695
47.1727785,27.5553912
47.1713937,27.5605772
47.1692364,27.5650309
47.1681095,27.567253
47.1667725,27.5698275
47.1665809,27.5699843
47.1656503,27.5712817
47.1613992,27.5731859
47.159114,27.5740493
47.1566239,27.5762425
47.1537736,27.5826407
47.1526949,27.5851714
47.1515782,27.5873116
47.1503611,27.5884072
47.147757,27.5915927
47.1477602,27.5915963
47.1466078,27.5929376
47.1444378,27.5956828
47.1427433,27.598122
47.1412545,27.6004965
47.140917,27.6009271
47.1399831,27.6022714
47.1383973,27.6046434
47.1373116,27.6058478
47.1369841,27.6015453
47.136659,27.596539
47.1364661,27.5946932
47.1358033,27.5889886
47.1355121,27.5870549
47.1346869,27.5812798
47.1340609,27.5761469
47.1342807,27.5754821
47.1336286,27.5756149
47.1335987,27.575674
47.133599,27.5756725
47.1335985,27.575672
47.1335972,27.5756703
47.1336268,27.5756424
47.1336409,27.5755827
47.1335654,27.5755666
47.1335851,27.5755948
47.133591,27.575584
47.1335907,27.5755843
47.1336635,27.5749303
47.1336502,27.5798487
47.1354692,27.5866489
47.1364287,27.5939106
47.1366595,27.5975321
47.1369737,27.600699
47.1371357,27.6049661
47.1372597,27.6060181
47.1388169,27.6040117
47.1421178,27.5990849
47.1434879,27.5970033
47.1452806,27.5946904
47.1472057,27.5923941
47.1503516,27.5883451
47.151442,27.5876871
47.152842,27.5862899
47.1539963,27.5837329
47.1550907,27.5812258
47.1573682,27.5764356
47.1599106,27.5732396
47.1609311,27.5732951
47.1650627,27.5717122
47.1666363,27.5701352
47.1673625,27.5687921
47.1678421,27.567926
47.1714899,27.5605709
47.1722987,27.5578396
47.1733517,27.5528321
47.173335,27.5462062
47.1729705,27.5410224
47.1727253,27.5374425
47.1722992,27.5377185
47.1722929,27.5377352
47.1722906,27.5377378
47.172322,27.5377497
47.1723068,27.5377311
47.1723298,27.5377307
47.1723193,27.5377475
47.1723686,27.537759
47.1723739,27.5377612
47.1723747,27.5377618
47.1723933,27.5377619
47.172392,27.5377605
47.1723731,27.5377492
47.1723677,27.5377454
47.1723641,27.5377746
47.1723558,27.5377946
47.1723667,27.5377861
47.1723451,27.5377648
47.172397,27.5380109
47.173077,27.541369
47.1733542,27.5447264
47.1734348,27.5472832
47.1734942,27.5517641
47.1731151,27.553881
47.1710268,27.5613731
47.1684464,27.5666529
47.167197,27.5693415
47.1664833,27.5702945
47.165605,27.5713114
47.1614037,27.5732335
47.1576382,27.5749443
47.1560998,27.5776991
47.1536248,27.5830597
47.1517818,27.5872101
47.1507745,27.5878521
47.1499692,27.5889261
47.1466397,27.5929835
47.1445322,27.5955919
47.1413116,27.6003661
47.1385983,27.604327
47.1371001,27.6040393
47.1367232,27.5989104
47.1364512,27.5947075
47.1356678,27.5886186
47.1355039,27.5869956
47.1337782,27.5799988
47.134012,27.5756246
47.1336591,27.5755992
47.133655,27.575622
47.133626,27.5755942
47.1336663,27.5755812
47.133638,27.5755683
47.1339632,27.575731
47.1343713,27.5809041
47.1354232,27.5866538
47.1363231,27.5931639
47.1367568,27.5975548
47.1370673,27.6028222
47.1371863,27.6046759
47.1394028,27.6031475
47.1414207,27.6000732
47.1420711,27.5991378
47.1437068,27.5967864
47.1452572,27.5946669
47.1474151,27.592085
47.1501685,27.5882257
47.1516826,27.5876862
47.1517971,27.5877885
47.1530329,27.585961
47.1536898,27.5845263
47.154493,27.5826651
47.1564712,27.5783498
47.1586314,27.5753879
47.1612431,27.5733121
47.1650856,27.5717369
47.1664036,27.5704723
47.1674012,27.5687479
47.1684988,27.5667777
47.1715783,27.5604704
47.1730881,27.5539222
47.1736168,27.5514567
47.1732618,27.5444596
47.1728994,27.5398891
47.1727256,27.5374909
47.172407,27.5377918
47.1724072,27.5377917
47.172407,27.5377967
47.1725128,27.5377447
47.1725648,27.5377526
47.1725724,27.5377718
47.1729052,27.5385273
47.1733819,27.544867
47.1734402,27.5449218
47.1736143,27.55029
47.1735934,27.5502943
47.1724299,27.557156
47.1692318,27.5650654
47.1678838,27.567617
47.1673239,27.5686411
47.1663569,27.5703777
47.1660331,27.5709305
47.1656033,27.5713025
47.1603851,27.5731145
47.1569412,27.5748968
47.1563992,27.5771285
47.1536943,27.5828544
47.1517836,27.5870762
47.1511225,27.5870229
47.1504423,27.5881999
47.1492665,27.5896983
47.1480299,27.5912297
47.1465702,27.5931254
47.1430206,27.5977104
47.142157,27.598924
47.1393993,27.6031502
47.1373424,27.6059155
47.1369232,27.6007772
47.1365487,27.5955722
47.1360865,27.5910899
47.1354899,27.5870257
47.1343168,27.5807482
47.1340481,27.5758049
47.1340457,27.5756177
47.1337666,27.5755857
47.1337664,27.5755864
47.1337659,27.5755861
47.1337656,27.5755847
47.1337653,27.575582
47.1337636,27.57558
47.1337598,27.5755834
47.133759,27.5755839
47.1338569,27.5748541
47.1339417,27.5803963
47.1353828,27.5867133
47.136348,27.5935284
47.136471,27.5948616
47.1367906,27.5997477
47.1371007,27.6048987
47.1389199,27.6038868
47.1414289,27.6001495
47.1421238,27.5990552
47.143659,27.5967494
47.1453705,27.5945532
47.1472093,27.5924431
47.1487054,27.5904784
47.1504895,27.5883321
47.1508525,27.5878378
47.1518635,27.5878352
47.1519027,27.5878577
47.1528313,27.5864304
47.1535871,27.5846654
47.1545798,27.5824824
47.1569737,27.5772963
47.1590902,27.5749584
47.161286,27.573316
47.1655918,27.5715206
47.1663502,27.5707815
47.1674631,27.5688238
47.1678209,27.5681675
47.1714711,27.5607394
47.1723401,27.5577116
47.1733497,27.5526793
47.1734071,27.5473109
47.1731179,27.5422337
47.1728867,27.5399688
47.1724046,27.5377525
47.1724156,27.5377654
47.1724275,27.5378083
47.1724472,27.5378508
47.1724497,27.5377997
47.1724872,27.5378065
47.1724853,27.5377986
47.1724461,27.5378589
47.1724055,27.5378207
47.1727354,27.5379851
47.1733014,27.5442075
47.1733872,27.5453439
47.1736111,27.5499256
47.1736157,27.5515704
47.171044,27.5612643
47.1679602,27.5675074
47.1664057,27.5703646
47.1656985,27.5712989
47.1614283,27.5732145
47.1585386,27.5749087
47.1566363,27.576433
47.1537326,27.5827233
47.1520596,27.5864602
47.1507465,27.5878683
47.149151,27.58992
47.147791,27.591577
47.1459601,27.5937051
47.1419591,27.5992957
47.1398026,27.6025653
47.1371986,27.604699
47.1369227,27.6004719
47.1365681,27.5955407
47.1358232,27.5892879
47.1353644,27.5858314
47.1338557,27.5783039
47.1343041,27.5757722
47.1336801,27.5755961
47.1336848,27.5755256
47.133673,27.5755268
47.1336845,27.5755194
47.1336762,27.5755211
47.133669,27.5755814
47.1336811,27.5755374
47.1337205,27.5755185
47.13374,27.575455
47.1337356,27.5754996
47.1337141,27.5754927
47.1337112,27.5754829
47.1336907,27.5754231
47.1336464,27.578997
47.1353095,27.5857574
47.1359203,27.5898481
47.1364716,27.5947605
47.1369198,27.6006403
47.1371801,27.6050059
47.1389086,27.6039261
47.1414373,27.6000827
47.1421675,27.5989932
47.1436267,27.596987
47.1454653,27.594474
47.1472429,27.5923892
47.1475621,27.5920037
47.1503835,27.5884342
47.1509128,27.5877407
47.1518749,27.5877969
47.1518977,27.5877885
47.1528811,27.5861867
47.1544722,27.5826112
47.1571371,27.5769123
47.1590384,27.5745952
47.161277,27.5733243
47.1655698,27.571499
47.1659106,27.571291
47.1675026,27.5685367
47.1674315,27.5684433
47.1712336,27.5611767
47.1723594,27.5575471
47.1734064,27.5525419
47.173576,27.5504786
47.1732765,27.5443936
47.1726027,27.5373788
47.1723593,27.5376754
47.1723605,27.5376768
47.1723611,27.5376754
47.1723616,27.5376747
47.1723617,27.5376735
47.1724038,27.5376789
47.1724169,27.5376617
47.17263,27.5379913
47.1732122,27.5426002
47.173344,27.544859
47.1734692,27.5474388
47.1735375,27.550275
47.1728512,27.5549263
47.1712712,27.5607304
47.168555,27.5661142
47.1673318,27.5686658
47.166321,27.5704083
47.1657299,27.5712018
47.1623462,27.5731608
47.1595687,27.5733917
47.156758,27.5757778
47.1543221,27.5813762
47.1527715,27.5849335
47.1503497,27.5883606
