47.1691655,27.5653641
47.1718569,27.5595933
47.1733605,27.5528396
47.1735961,27.5508621
47.17327,27.5444078
47.17287,27.5399691
47.1723809,27.537737
47.1723814,27.5377383
47.1723841,27.5377415
47.1723852,27.5377427
47.1723879,27.5377444
47.172386,27.537743
47.1723855,27.5377447
47.1723928,27.5377465
47.1723962,27.5377432
47.1723959,27.5377425
47.1723989,27.5377433
47.1724024,27.5377421
47.1724049,27.5377415
47.172405,27.5377424
47.1724094,27.5377425
47.1724591,27.5377153
47.1724224,27.5377283
47.1723966,27.5377299
47.1731391,27.5420757
47.1732954,27.5449837
47.1734833,27.5475135
47.1736211,27.5515565
47.1714065,27.5604834
47.1687707,27.5660933
47.1682541,27.5669653
47.1668889,27.5695062
47.1660324,27.5710155
47.1614876,27.573308
47.1592441,27.5738112
47.157076,27.5745429
47.1498725,27.5778601
47.1473459,27.5817827
47.1463344,27.5839908
47.1463212,27.5903443
47.1466201,27.5929033
47.1453703,27.5944731
47.1438741,27.5963531
47.1411602,27.6005095
47.139171,27.6035037
47.1379406,27.6052549
47.1356873,27.6085579
47.1329405,27.612582
47.1286656,27.6155225
47.1254135,27.619318
47.1219795,27.6245185
47.1190322,27.6297208
47.1164183,27.6319828
47.1164019,27.6319479
47.1164061,27.6319929
47.1164062,27.6319975
47.1164074,27.6319967
47.116693,27.6321281
47.1167015,27.6321258
47.1167007,27.6321222
47.1167005,27.6321189
47.116701,27.6321176
47.1167011,27.6321154
47.1167011,27.6321138
47.1167903,27.6320895
47.1167809,27.6320352
47.1167954,27.6320376
47.1167963,27.6320353
47.1167953,27.6320346
47.1167944,27.6320335
47.1167929,27.632034
47.1167925,27.6320337
47.1167916,27.6320329
47.1167915,27.6320323
47.1167909,27.6320315
47.1168167,27.6320172
47.1191121,27.6297145
47.1210425,27.6256989
47.1238749,27.6220773
47.1274774,27.6165653
47.1306808,27.6139244
47.1337832,27.6114821
47.1341351,27.6108439
47.1348136,27.609979
47.1352744,27.6092734
47.1356918,27.6086613
47.1385881,27.604382
47.1411637,27.6005114
47.1420526,27.5992466
47.1433912,27.5971304
47.14548,27.5943697
47.1469722,27.5924365
47.1471382,27.5922828
47.1471485,27.5922913
47.1471219,27.5922897
47.1464938,27.590431
47.1460826,27.5859703
47.1469594,27.5825129
47.14886,27.5794337
47.1491819,27.5789799
47.1530703,27.5740374
47.1567572,27.5744576
47.1606712,27.5731832
47.1641889,27.5722249
47.165728,27.5712738
47.1657128,27.5712587
47.1674266,27.5685478
47.167489,27.5685541
47.1710374,27.5614843
47.1715063,27.5602727
47.1724616,27.5570042
47.1728678,27.5548728
47.1732598,27.5529962
47.1734938,27.5520886
47.1735241,27.550174
47.1734621,27.5489974
47.173391,27.5472555
47.1733657,27.5469257
47.1731525,27.5424306
47.1729077,27.5402909
47.1723906,27.5365315
47.1726027,27.5256694
47.1725129,27.519092
47.1729059,27.5130639
47.1718351,27.5093856
47.168123,27.5123621
47.168157,27.514233
47.1700752,27.5123007
47.1717065,27.5094013
47.1728908,27.5130978
47.1724534,27.5208114
47.1722385,27.5323315
47.1729412,27.5398079
47.1731187,27.5436951
47.1734482,27.5481309
47.1735756,27.5500813
47.1735966,27.5504435
47.1715153,27.5602014
47.1691289,27.5652071
47.1681914,27.566948
47.166836,27.5694913
47.1663707,27.5702469
47.1653799,27.5714863
47.1615053,27.5731832
47.1577751,27.5749295
47.1548623,27.5735542
47.1537271,27.5736953
47.1506532,27.5767595
47.1491692,27.5788656
47.1479526,27.580811
47.1463615,27.5837527
47.1460452,27.5881615
47.1460214,27.5888706
47.1467067,27.5911089
47.1467614,27.5911758
47.1468899,27.5926508
47.1465449,27.5931038
47.1458544,27.593846
47.1450573,27.5949032
47.14439,27.5957842
47.1435379,27.5970115
47.1425724,27.5984342
47.1421516,27.5990125
47.141436,27.6001758
47.1413313,27.6004346
47.1399185,27.602341
47.1393845,27.6031903
47.1379954,27.6052278
47.1353326,27.609164
47.1321472,27.6130499
47.1296638,27.6146843
47.126363,27.6177102
47.1237358,27.6223719
47.1210594,27.6256172
47.1180935,27.6314789
47.1164838,27.6320299
47.116557,27.6321379
47.116786,27.6320088
47.1193068,27.6293567
47.122612,27.6237831
47.1244733,27.6210729
47.1277017,27.6163356
47.1306715,27.6138494
47.1341054,27.6110239
47.1351546,27.6094041
47.1362128,27.6078293
47.139347,27.6031888
47.1413532,27.6000459
47.1428973,27.5978742
47.144209,27.5959324
47.1467131,27.5928918
47.147198,27.5922553
47.1464161,27.5901507
47.1460768,27.5862725
47.1461464,27.5846212
47.1487296,27.5796383
47.1513438,27.5759029
47.1562143,27.5742107
47.1591153,27.575138
47.1621006,27.5733079
47.1655976,27.5714529
47.1657382,27.571287
47.1673029,27.5687545
47.1710815,27.5614656
47.1715568,27.5603386
47.1733128,27.5528769
47.1734525,27.5482503
47.1732587,27.5450217
47.1731103,27.5423058
47.1726771,27.5371694
47.1727567,27.5291636
47.172489,27.5191662
47.1730569,27.5124615
47.1694582,27.5094983
47.1674445,27.5133887
47.1694169,27.5140189
47.1694798,27.5102626
47.1727442,27.5121878
47.1724374,27.520046
47.1722494,27.5326924
47.172902,27.5392175
47.1731296,27.5414544
47.1733662,27.5447184
47.1735309,27.5484024
47.1735777,27.5502608
47.1729435,27.554642
47.1713064,27.5606391
47.1691706,27.5652154
47.167394,27.5686533
47.1663908,27.570409
47.1652324,27.5716288
47.1614167,27.5731763
47.1588704,27.5743584
47.1567373,27.5743576
47.1541641,27.5735581
47.1520259,27.5748313
47.149946,27.5776967
47.1477908,27.5810595
47.1468741,27.5824631
47.1460465,27.5866928
47.1467123,27.5911472
47.1468195,27.5926901
47.1455853,27.5941652
47.1429438,27.5978033
47.1411979,27.6003181
47.139232,27.6032903
47.1376094,27.6057663
47.1350712,27.6094948
47.1344027,27.6105588
47.1308986,27.6136412
47.1286029,27.6154871
47.1260614,27.6180934
47.1236833,27.6223968
47.1210903,27.6254942
47.1189258,27.629863
47.1165132,27.6320023
47.116695,27.6321232
47.1166961,27.6321193
47.1166966,27.6321148
47.1166971,27.6321131
47.1166982,27.6321143
47.1188748,27.6300773
47.1211085,27.6256699
47.1240356,27.6218141
47.1257198,27.6187773
47.1294976,27.6148189
47.1330967,27.6124165
47.135978,27.6082466
47.1379893,27.6052509
47.1411852,27.6005106
47.1435231,27.6037137
47.1459678,27.6087299
47.1471507,27.6090351
47.1483589,27.6023841
47.1522332,27.6031794
47.152407,27.6030796
47.1524078,27.6030754
47.1524178,27.6030795
47.1524171,27.6030795
47.1524162,27.6030764
47.1524158,27.6030709
47.1524733,27.603097
47.1533541,27.6025393
47.153356,27.6025313
47.1533558,27.6025297
47.153355,27.6025292
47.1533547,27.6025295
47.1533544,27.6025296
47.1533548,27.6025277
47.153354,27.6025268
47.1533532,27.6025276
47.1533519,27.6025283
47.1533516,27.6025286
47.1535396,27.6017249
47.1532019,27.601596
47.1528717,27.6015111
47.1519879,27.602366
47.151982,27.6023676
47.1519821,27.6023696
47.1519824,27.6023699
47.1519815,27.6023743
47.1519805,27.6023739
47.1519792,27.6023782
47.1519749,27.6023866
47.1519712,27.6023926
47.1519709,27.6023966
47.151971,27.6024001
47.1519695,27.6024016
47.1519766,27.6024159
47.1519746,27.6024178
47.1519713,27.6024196
47.1519703,27.6024231
47.1519694,27.6024242
47.1519226,27.602533
47.1519219,27.602535
47.1519203,27.6025378
47.1519864,27.6024484
47.1519871,27.6024477
47.167135,27.5840788
47.1668088,27.5861375
47.164565,27.5910924
47.1638267,27.5928227
47.1612439,27.5957515
47.1589837,27.6001183
47.1587878,27.6010318
47.1566943,27.6033772
47.1555235,27.6044376
47.154777,27.6042424
47.1537869,27.6013143
47.1507665,27.5964926
47.1480274,27.5927808
47.1477593,27.5923902
47.1477239,27.5923273
47.1476232,27.5921304
47.1470673,27.5924432
47.1463317,27.5933831
47.1444057,27.5957353
47.1416155,27.5997681
47.139712,27.602686
47.137925,27.60534
47.1371688,27.6047134
47.1368586,27.6000889
47.13646,27.5953431
47.1360381,27.5913863
47.1356175,27.5882724
47.1352499,27.5835489
47.1338193,27.5784117
47.1340084,27.5757504
47.1336787,27.5759236
47.1336462,27.5756395
47.1336519,27.5755555
47.1336358,27.5755474
47.1336354,27.5755488
47.1336347,27.575548
47.1336671,27.57549
47.1336448,27.57554
47.1336114,27.5755416
47.1335926,27.5755811
47.1336147,27.575545
47.1336175,27.5755543
47.133616,27.5755631
47.1336486,27.5755552
47.1336478,27.5755536
47.133659,27.5756049
47.1336165,27.5750546
47.1335975,27.5793122
47.1352712,27.5845217
47.1356304,27.5882629
47.136372,27.59403
47.1365971,27.5969935
47.1367695,27.5988874
47.1367764,27.5993462
47.1368902,27.6006589
47.1369745,27.60185
47.1370777,27.6026362
47.1371306,27.60558
47.1374098,27.6061852
47.1392342,27.6035217
47.142524,27.5986637
47.1444686,27.5957319
47.1457137,27.5941747
47.1471124,27.5925922
47.1478027,27.5924671
47.1485567,27.5934527
47.150709,27.5962946
47.1533434,27.5999921
47.15383,27.6034424
47.1537851,27.6036383
47.1548889,27.604283
47.1573175,27.6025958
47.1586873,27.6012423
47.1591123,27.5999215
47.1602423,27.597615
47.1611369,27.5959132
47.1633913,27.5934183
47.1641078,27.5920159
47.1648804,27.5906976
47.165807,27.5894927
47.1660266,27.5886284
47.1674048,27.5827504
47.168464,27.5795681
47.1698652,27.5757054
47.1709127,27.571098
47.1722957,27.5637522
47.1732207,27.5609649
47.1736524,27.5583633
47.1745132,27.5503408
47.174517,27.5491814
47.1747891,27.543908
47.174559,27.5416437
47.1735054,27.5375058
47.1729999,27.5335112
47.172964,27.5333411
47.1729754,27.5333567
47.1729815,27.5333617
47.1730381,27.5332825
47.1729901,27.533385
47.172938,27.5333978
47.172907,27.5333538
47.1729775,27.5333729
47.1729866,27.53335
47.1730087,27.5333744
47.1729292,27.5334847
47.1735156,27.5378174
47.1746058,27.5417505
47.1746375,27.5474786
47.1742534,27.5523291
47.173793,27.5578054
47.1735052,27.5594835
47.1724166,27.5649751
47.1709321,27.571067
47.1699119,27.5760291
47.1679772,27.5805181
47.1678663,27.5808187
47.1671861,27.5835599
47.1664051,27.5871371
47.1658905,27.5894548
47.1643165,27.5916898
47.1615252,27.5953829
47.1606581,27.5967526
47.1589028,27.6001851
47.1587887,27.6010995
47.15632,27.6037815
47.1547171,27.6042287
47.1538121,27.6037855
47.1529609,27.5994949
47.1508559,27.5965976
47.1496107,27.5949435
47.1476676,27.5923628
47.1474462,27.5920367
47.14656,27.5930799
47.1441135,27.5961455
47.1427707,27.598059
47.1411588,27.6006092
47.1397033,27.6027719
47.1383325,27.6047323
47.1371946,27.6054357
47.1368778,27.6008645
47.136639,27.5970141
47.136451,27.5945644
47.1357433,27.5888182
47.1354889,27.5869282
47.1352135,27.582988
47.1338474,27.5782572
47.1339834,27.575543
47.1336466,27.5754624
47.1336257,27.5754368
47.1336251,27.575436
47.1336035,27.5754364
47.1336037,27.5754367
47.1336023,27.5754363
47.1335429,27.5755002
47.1335441,27.5754998
47.1335768,27.5748762
47.1339701,27.5804486
47.1352862,27.5849875
47.1354472,27.5867388
47.136358,27.5936844
47.1364757,27.59486
47.1366434,27.5974744
47.1369908,27.6019407
47.1371656,27.6054525
47.1372434,27.605929
47.1405558,27.6014689
47.1421638,27.5991806
47.1448108,27.5952498
47.145946,27.5939604
47.1482685,27.5931907
47.1499546,27.595438
47.1516779,27.5978118
47.1537563,27.6015811
47.1538112,27.6033796
47.1538045,27.6037781
47.155411,27.6042514
47.1564099,27.6035735
47.1582752,27.6014739
47.1591011,27.599897
47.1610221,27.5961059
47.1616901,27.5951961
47.1623676,27.5946188
47.1631126,27.5937402
47.1637203,27.592828
47.1644923,27.5911773
47.1649886,27.5908806
47.1658916,27.5892637
47.1670549,27.5846588
47.1677764,27.5813623
47.1684439,27.5796292
47.168795,27.5785846
47.1705874,27.5724621
47.1709889,27.5706977
47.172631,27.5626447
47.1735672,27.5592054
47.1739571,27.556448
47.174178,27.5523865
47.1744698,27.5502608
47.1747199,27.5447417
47.1747164,27.5438193
47.1738354,27.5396038
47.1734311,27.5371558
47.1730201,27.5332513
47.1725822,27.5257359
47.172496,27.5203074
47.172543,27.5159514
47.1727204,27.514136
47.1725743,27.5105652
47.1692434,27.5116013
47.1675155,27.5141588
47.1688102,27.5140887
47.1700989,27.5126372
47.1700503,27.509492
47.1725739,27.5115778
47.1725005,27.5163381
47.1724861,27.5214773
47.1728026,27.5319327
47.1729836,27.5335302
47.1736586,27.5389473
47.1736684,27.5390651
47.138135,27.6050481
47.1365631,27.5965667
47.1369635,27.6017782
47.1499246,27.5953239
47.1523054,27.5984934
47.153918,27.602906
47.1539292,27.6040464
47.1564246,27.6034311
47.1566933,27.6031586
47.1587886,27.6010207
47.1604254,27.5973697
47.1610575,27.5960298
47.1635988,27.5930371
47.164651,27.5910295
47.1655733,27.5905201
47.1659814,27.5888623
47.167579,27.5822495
47.1675497,27.5822351
47.1685579,27.5795189
47.1705331,27.5729045
47.171821,27.5678151
47.1725733,27.5630481
47.1736745,27.5591147
47.1743077,27.552985
47.1743659,27.5515905
47.1747546,27.5456607
47.1748491,27.5441045
47.1736691,27.538341
47.1731919,27.5347016
47.1730506,27.5334369
47.1730391,27.5332936
47.1730286,27.5333304
47.1730248,27.5333318
47.1730219,27.533332
47.1730185,27.5333332
47.1730182,27.5333324
47.1730187,27.533333
47.1729853,27.5332899
47.1736491,27.5388702
47.1746499,27.5418989
47.174694,27.5479654
47.174338,27.5524895
47.1735906,27.5590635
47.1730985,27.5614325
47.1723719,27.5635888
47.1710597,27.5705622
47.1699305,27.5761137
47.1680053,27.5806094
47.1670491,27.5841768
47.1669001,27.5851642
47.1645606,27.590999
47.1627337,27.5943374
47.1610154,27.5961338
47.1591863,27.5998793
47.1573847,27.6026293
47.1563232,27.6037938
47.1539905,27.6039838
47.1523426,27.5986945
47.1500934,27.5956559
47.1480014,27.5928071
47.1479248,27.5926956
47.1476926,27.5923855
47.1476363,27.5923482
47.1466648,27.5928773
47.1446591,27.5954425
47.1418314,27.5994489
47.1412786,27.6003396
47.1388225,27.6039374
47.1371702,27.6051921
47.1368926,27.600674
47.1365153,27.5955744
47.1364244,27.5948489
47.1359152,27.5903211
47.1354122,27.5867293
47.1336535,27.5795554
47.1342176,27.5753162
47.1336994,27.5757741
47.1337069,27.575715
47.1337034,27.575708
47.1336995,27.5757071
47.1336979,27.5756935
47.1336998,27.5756934
47.1336988,27.5756918
47.1336964,27.5756903
47.1336938,27.575689
47.1336933,27.5756884
47.1336902,27.5756848
47.1336855,27.5756825
47.1336838,27.575679
47.1336806,27.5756767
47.1336784,27.5756743
47.1336781,27.5756743
47.1336778,27.5756762
47.1336872,27.5754371
47.1339534,27.5752752
47.1336713,27.5798344
47.1353994,27.5863323
47.1355192,27.5870614
47.1363093,27.5928902
47.1365144,27.5954148
47.1369173,27.6010586
47.1394006,27.6032431
47.1413215,27.6003761
47.142643,27.5983841
47.1450265,27.5949496
47.1453276,27.5946662
47.1471531,27.5924394
47.1485751,27.5935222
47.1499338,27.5953583
47.1515286,27.5975256
47.1537681,27.6014934
47.1538247,27.6035322
47.1542334,27.6041221
47.1567368,27.6031751
47.158815,27.6010884
47.1604262,27.5974833
47.161828,27.5951445
47.1635062,27.5933161
47.1641868,27.5919445
47.1658668,27.58962
47.1661301,27.5882023
47.1674809,27.5826531
47.167392,27.582621
47.1686705,27.5793468
47.1706111,27.5724008
47.1719576,27.5674504
47.172467,27.5632437
47.1731467,27.5613232
47.1738069,27.5576266
47.1742554,27.5533745
47.174446,27.5502626
47.1745633,27.5482955
47.1746716,27.5458739
47.1748229,27.543954
47.1747482,27.5419486
47.1735197,27.5371272
47.1730286,27.5333239
47.1726899,27.5326133
47.1726974,27.532603
47.172703,27.5326067
47.172711,27.5326022
47.1727145,27.5326003
47.1727163,27.5326181
47.1726859,27.5326034
47.172727,27.5326462
47.1726953,27.5326734
47.1727218,27.5325541
47.1727206,27.5326022
47.172708,27.5325941
47.1727057,27.5326003
47.1727087,27.5325979
47.1727084,27.5325976
47.1727086,27.5325991
47.1726987,27.5325768
47.1727035,27.5325391
47.1727126,27.5325325
47.1726972,27.5325325
47.1729868,27.533538
47.1737729,27.5389421
47.1749045,27.5443148
47.1745971,27.5501351
47.1741958,27.5554167
47.1736165,27.5595757
47.1735755,27.5600238
47.1731326,27.5613841
47.1730089,27.5615117
47.1711077,27.5704251
47.1698616,27.5765027
47.1678855,27.580815
47.1669532,27.584507
47.1658747,27.5893946
47.1642718,27.5913292
47.1627714,27.5942814
47.1610327,27.5960779
47.1606016,27.5968938
47.1587921,27.6008888
47.1560605,27.6040246
47.1554198,27.6043231
47.1539591,27.6031128
47.150788,27.5964721
47.1497491,27.5951257
47.1471704,27.5923372
47.1459913,27.5937229
47.1430663,27.5976434
47.1419954,27.5991358
47.1419261,27.5992055
47.1408568,27.6009399
47.1396776,27.6026318
47.1378776,27.6053765
47.1371751,27.6051056
47.1368552,27.6003265
47.1365587,27.5960502
47.1364351,27.5945328
47.1355814,27.587412
47.1351651,27.5826812
47.1340656,27.5760555
47.1337087,27.5756435
47.1336847,27.5756123
47.1337169,27.57545
47.1337274,27.5754428
47.1337156,27.5754511
47.1337106,27.5754502
47.1336581,27.5754538
47.1336578,27.575454
47.1336579,27.5754544
47.133658,27.5754545
47.1336585,27.5754543
47.1336587,27.5754543
47.1336579,27.5754543
47.1336578,27.5754548
47.1336577,27.5754547
47.1336575,27.5754548
47.1336574,27.5754544
47.133657,27.5754539
47.133805,27.5747896
47.1335887,27.5793584
47.1354171,27.5866621
47.1361143,27.5916369
47.1364873,27.5957357
47.1367557,27.5985788
47.13686,27.5993539
47.1368954,27.6005411
47.1369855,27.6017482
47.137066,27.6023977
47.1371297,27.6040194
47.1371406,27.6043855
47.1372538,27.6058277
47.1372512,27.6058277
47.1394172,27.6031546
47.1422871,27.5988545
47.1454,27.5945111
47.1469086,27.5926146
47.1494544,27.5947537
47.1522328,27.5984695
47.1538871,27.6029404
47.1545688,27.60411
47.1564741,27.6033725
47.1566889,27.6031252
47.1585756,27.6012208
47.1590381,27.599982
47.1610102,27.5960632
47.1636845,27.5928122
47.1646863,27.5910591
47.1649497,27.590816
47.165793,27.5895473
47.1663699,27.5875007
47.1675655,27.5824567
47.1677217,27.5818281
47.1688068,27.5785896
47.1709222,27.571119
47.1722711,27.5640332
47.1732228,27.5610847
47.1740441,27.5557961
47.1743335,27.5522221
47.1745248,27.549967
47.1745306,27.5491372
47.1746401,27.5471863
47.1747751,27.5444876
47.1748,27.5428168
47.1734537,27.5371039
47.1729597,27.5325493
47.1727482,27.5326211
47.172772,27.5327017
47.1727346,27.5326334
47.17271,27.5326522
47.1727153,27.5326547
47.172721,27.5326589
47.1727377,27.5326612
47.1727442,27.5326638
47.1727566,27.532664
47.1727672,27.5326609
47.1727768,27.5326611
47.1727849,27.5326874
47.1728138,27.532685
47.172821,27.5326462
47.1728289,27.5326197
47.1729566,27.5333895
47.17362,27.5388857
47.1747456,27.5421284
47.1746404,27.5474071
47.1743424,27.5525995
47.1736593,27.5590017
47.1730634,27.5616778
47.1724562,27.5653631
47.1707753,27.571963
47.1678589,27.5809679
47.1676125,27.5820374
47.166188,27.5884381
47.165314,27.5906661
47.164202,27.5917656
47.1612153,27.5956837
47.1593188,27.5997004
47.1573807,27.6026525
47.1541585,27.604028
47.1529047,27.5994832
47.1497671,27.5952359
47.14947,27.59485
47.1474791,27.5922113
47.1447658,27.5952075
47.1432241,27.5973216
47.1418074,27.5993868
47.1411544,27.6004289
47.1392677,27.6032398
47.1375165,27.6058832
47.1369813,27.6017678
47.1366666,27.596591
47.1362929,27.5923793
47.1356299,27.5879274
47.1353754,27.5861719
47.1336394,27.5795818
47.1340147,27.5757144
47.1337088,27.5761408
47.1337054,27.5761444
47.1336986,27.5761528
47.1337075,27.5761409
47.133682,27.5761415
47.1337464,27.5761374
47.1337366,27.5761189
47.1336891,27.575457
47.1336891,27.5754561
47.1336882,27.5754555
47.1336882,27.575455
47.1336837,27.5754477
47.133681,27.5754436
47.1336804,27.5754429
47.1336803,27.5754432
47.1336795,27.575444
47.1336774,27.5754457
47.1336763,27.5754464
47.1336751,27.5754473
47.1336747,27.5754481
47.1336744,27.5754486
47.1336746,27.5754487
47.1336745,27.5754492
47.1336744,27.5754498
47.1336743,27.5754504
47.1339118,27.5754432
47.1348938,27.5818401
47.1355839,27.5870159
47.1360794,27.5908781
47.1364653,27.594762
47.1367593,27.598092
47.1371952,27.6042665
47.137376,27.6059361
47.1374662,27.6061489
47.1415142,27.6001199
47.1420441,27.5992202
47.1452805,27.5947338
47.1482349,27.5931223
47.1505993,27.596348
47.1535912,27.60054
47.1539135,27.6039971
47.1563862,27.6035326
47.1588813,27.6010492
47.1605165,27.5971735
47.164348,27.5914076
47.1651885,27.5907069
47.1658447,27.5891755
47.1672187,27.5836965
47.1674835,27.5821913
47.16855,27.5794331
47.1701565,27.5739782
47.1708852,27.5711177
47.1722694,27.5638438
47.1732442,27.5609822
47.1738814,27.5570705
47.1744431,27.5501947
47.1747024,27.5443605
47.1736792,27.5392075
47.1731671,27.5350652
47.1729499,27.5334627
47.1729266,27.5334402
47.172217,27.5339556
47.1731527,27.5423885
47.1735798,27.5498842
47.1714197,27.5604367
47.1679749,27.5675669
47.1338428,27.5801957
47.1340404,27.5756676
47.1337046,27.576048
47.1336932,27.5760705
47.1336744,27.5760604
47.1336549,27.5760465
47.1336137,27.5756978
47.1336276,27.5757056
47.1335954,27.5755886
47.1337123,27.57858
47.1352411,27.5844533
47.1355701,27.5874549
47.1363354,27.5935154
47.1366021,27.5973511
47.1370724,27.6037723
47.1383388,27.6048052
47.1419816,27.5993195
47.1434873,27.5970407
47.1454053,27.5944883
47.1471678,27.5923949
47.1493534,27.5945503
47.1520358,27.5982182
47.1538991,27.6027828
47.1537718,27.6038077
47.1542724,27.6041023
47.1575445,27.6023312
47.1590682,27.5999503
47.1611725,27.5958808
47.1626189,27.5945173
47.1647708,27.5909809
47.1658655,27.5893603
47.166385,27.5871626
47.1677754,27.5813862
47.1678506,27.5811116
47.1692501,27.5775301
47.1728032,27.5738881
47.1755328,27.5715378
47.178881,27.568746
47.1826982,27.565565
47.184022,27.5644177
47.1885377,27.5606514
47.1907422,27.5590889
47.1905129,27.5586149
47.1905155,27.558637
47.1905564,27.5586004
47.190569,27.558608
47.1905461,27.5586498
47.189919,27.5595419
47.1875331,27.5615137
47.1851759,27.5635111
47.1803805,27.5675376
47.1781489,27.5694099
47.1753046,27.5717874
47.1746621,27.5722955
47.1710464,27.575299
47.1693342,27.5768345
47.1675095,27.5827206
47.1661798,27.5882395
47.1661873,27.5883651
47.1645057,27.5911229
47.1634844,27.5933364
47.1622104,27.5946654
47.1604174,27.5974217
47.1588719,27.6002099
47.1562257,27.6038141
47.1538209,27.6038015
47.1537258,27.600932
47.1507199,27.5964218
47.147857,27.5925749
47.1477003,27.5923422
47.1466068,27.5929911
47.1457282,27.5939788
47.1418633,27.5993922
47.1416955,27.5996154
47.1395515,27.6028774
47.1375845,27.6058914
47.136911,27.6006185
47.1364914,27.5952192
47.1360444,27.590961
47.1354831,27.5869738
47.1337813,27.5800565
47.1340468,27.5759776
47.133649,27.5757069
47.133654,27.5757185
47.1336472,27.5756871
47.1336514,27.5756703
47.1336508,27.5756709
47.1336487,27.5756857
47.1336352,27.5756835
47.1336361,27.5757145
47.1336311,27.5757283
47.1336293,27.5757291
47.1336249,27.5757348
47.1336249,27.5757343
47.1336537,27.575508
47.1336533,27.5755082
47.1336532,27.5755073
47.1336535,27.5755061
47.1336533,27.5755057
47.133668,27.5755461
47.1336432,27.5755538
47.1336175,27.5755585
47.1336295,27.5751067
47.1336181,27.5796892
47.1352941,27.5848803
47.1355349,27.5870141
47.1360229,27.5907952
47.1364875,27.595566
47.1369295,27.6008893
47.137219,27.6052331
47.1372004,27.6052228
47.1380712,27.6051839
47.141452,27.6000979
47.1421282,27.5993409
47.1436695,27.5967881
47.1449889,27.595039
47.1467765,27.5929574
47.1476331,27.5922565
47.1498612,27.5952965
47.1522652,27.5984741
47.1538948,27.6029287
47.1537347,27.6037643
47.1560728,27.60384
47.157942,27.6019354
47.1592088,27.5998239
47.1604481,27.5972057
47.1616479,27.5952735
47.1640796,27.59203
47.1649962,27.5908377
47.16595,27.5894183
47.1666174,27.5864014
47.1676071,27.5820609
47.1679859,27.580805
47.1691052,27.5778848
47.1721117,27.5743588
47.1754647,27.5715511
47.177108,27.5702895
47.1806267,27.5673254
47.1822409,27.5659875
47.1839872,27.5644688
47.1858182,27.5629623
47.1898132,27.5595533
47.1905278,27.5585815
47.1905461,27.5586103
47.1905212,27.5585294
47.1904985,27.5585077
47.1904795,27.5585492
47.1904707,27.5586088
47.1882615,27.5608779
47.1863505,27.5625796
47.1835746,27.5648905
47.1804379,27.5675424
47.1784832,27.5692078
47.1751944,27.5718698
47.1728564,27.5738359
47.1695079,27.5764703
47.1678601,27.5809429
47.1667857,27.5856381
47.1658256,27.5896687
47.1641605,27.5918457
47.1612352,27.5956987
47.1599133,27.5985784
47.1581496,27.6018731
47.1561529,27.6040002
47.1544696,27.6040862
47.1535812,27.6004465
47.1507194,27.5964518
47.1477191,27.5924775
47.1470005,27.5925662
47.1456655,27.5940707
47.1435951,27.59692
47.1412492,27.6004797
47.1371526,27.6049079
47.137053,27.6036014
47.1365311,27.5957931
47.1362495,27.5927654
47.1354867,27.5869835
47.1347736,27.5814766
47.1341361,27.5769267
47.1342337,27.5762549
47.1336908,27.5754111
47.133697,27.5754544
47.133699,27.5754475
47.1336986,27.5754475
47.1336643,27.5754357
47.1336641,27.5754362
47.1336621,27.5754383
47.1337134,27.5748093
47.1337792,27.5783934
47.1351262,27.5828835
47.1355374,27.5871488
47.1364334,27.5938646
47.1365103,27.5948638
47.1368994,27.600321
47.1372104,27.6050225
47.1373198,27.6060205
47.1374806,27.6062227
47.1411123,27.6006827
47.1430095,27.5977914
47.1453239,27.5946291
47.147182,27.5924858
47.1489114,27.593966
47.1497694,27.5951988
47.1531213,27.5997408
47.1537987,27.6034758
47.1541898,27.6041602
47.1566556,27.6032064
47.1586149,27.6013167
47.158796,27.6004867
47.1605857,27.5969027
47.1632064,27.5938305
47.1645776,27.5910506
47.1658894,27.5889561
47.167015,27.5844361
47.1676057,27.5818076
47.1685612,27.5794247
47.1698879,27.5768865
47.1736875,27.5731966
47.1754167,27.5716722
47.1771812,27.5702753
47.1810086,27.5670529
47.1835792,27.5647314
47.1857172,27.562976
47.1891518,27.5601153
47.1906635,27.5584724
47.1905457,27.558725
47.1905249,27.5586959
47.1905227,27.5586592
47.1904746,27.558666
47.190233,27.5591637
47.1863804,27.5624642
47.1845261,27.5640079
47.1810388,27.5670131
47.1781359,27.569443
47.1757256,27.5715057
47.1742639,27.5727065
47.1719034,27.574635
47.1693422,27.5768406
47.1681516,27.5801833
47.1674147,27.582609
47.1667209,27.5857393
47.1655171,27.5903752
47.1639033,27.5925168
47.1622605,27.5946768
47.1611751,27.5958383
47.1600727,27.5982356
47.1587548,27.6010881
47.1566452,27.6033602
47.1554142,27.6043653
47.1548627,27.6043016
47.1538747,27.6017605
47.1507047,27.5964089
47.1495496,27.5949147
47.1480487,27.592838
47.1466032,27.5930061
47.1441641,27.5960433
47.1418864,27.5993504
47.1411678,27.6004169
47.1383802,27.6046414
47.1371369,27.6049655
47.1368981,27.6001146
47.1365181,27.5951703
47.1360715,27.5908821
47.1356032,27.5881055
47.1353004,27.5834847
47.1341371,27.5767458
47.133979,27.5755593
47.1336714,27.5755352
47.1336684,27.5755315
47.1336668,27.575528
47.1336648,27.575526
47.1336631,27.5755232
47.1339789,27.5759054
47.1346204,27.5812925
47.1354665,27.5866831
47.1357802,27.5883768
47.1364574,27.5940008
47.1369492,27.5982038
47.1370616,27.6021555
47.1373461,27.6060947
47.1373838,27.6061089
47.1375383,27.6060836
47.1411009,27.6007272
47.1420692,27.5991859
47.1435096,27.597019
47.1452664,27.5946783
47.1478621,27.5926262
47.1499426,27.5953945
47.1505257,27.5961382
47.1539138,27.6028914
47.1538405,27.6033693
47.1547141,27.6042564
47.1586552,27.6010874
47.1590289,27.6000089
47.161466,27.5954743
47.1617014,27.5952085
47.1640492,27.5921896
47.1646646,27.5910319
47.1657445,27.5897391
47.1661982,27.5879457
47.1677056,27.5814028
47.1676915,27.5812415
47.1686278,27.5792179
47.1715404,27.5749063
47.1738435,27.5728999
47.176598,27.5706063
47.1797468,27.5680001
47.1816852,27.5663593
47.1855649,27.5632059
47.186045,27.5628097
47.1907588,27.5589746
47.1904845,27.5586482
47.1904237,27.5586685
47.1888363,27.5604019
47.186342,27.5625381
47.1844184,27.5640677
47.1806316,27.5672842
47.1781514,27.5694136
47.1747946,27.5721176
47.1734536,27.5733115
47.1692359,27.5771727
47.1680911,27.580304
47.167109,27.5840592
47.1665639,27.5861603
47.164554,27.5910107
47.1639028,27.5925121
47.1612047,27.5958253
47.1606111,27.5969661
47.1587166,27.6007521
47.1562623,27.6038002
47.1546345,27.6041717
47.153931,27.6032211
47.1526333,27.5990947
47.1499675,27.5955003
47.1476862,27.5924131
47.1472977,27.5920955
47.1452776,27.5945979
47.1419078,27.5993505
47.1412463,27.600373
47.138987,27.603744
47.1377381,27.6055222
47.1369478,27.6019598
47.1366849,27.5974969
47.1363904,27.5932774
47.1355544,27.5871492
47.1347547,27.5814752
47.1340573,27.5760856
47.1342823,27.5755699
47.1336447,27.5757985
47.1336424,27.5757955
47.1336417,27.5757945
47.1336377,27.5757543
47.1336372,27.5757549
47.1336365,27.5757542
47.1336367,27.5757515
47.1336356,27.5757504
47.1336361,27.5757485
47.1339396,27.5754647
47.1343933,27.580963
47.135462,27.5866735
47.136144,27.5914454
47.1365153,27.5948954
47.1368267,27.5991433
47.1371749,27.6039078
47.137341,27.6060151
47.1373575,27.6060256
47.1392919,27.6033719
47.1421251,27.5991255
47.1449164,27.5951327
47.1468238,27.5928726
47.1476694,27.5923351
47.1494262,27.5946455
47.152247,27.5984805
47.1539026,27.6029301
47.1539328,27.6040354
47.1567266,27.6032263
47.1587862,27.6007224
47.1604714,27.5972285
47.1610057,27.5961211
47.1615482,27.5954096
47.1641448,27.5919799
47.1649005,27.5908647
47.1659802,27.5890247
47.1670451,27.5844835
47.1677538,27.5815889
47.1685527,27.5794906
47.1696963,27.5770195
47.172979,27.5737377
47.1754626,27.5717104
47.1761626,27.5710972
47.1791552,27.5685811
47.1817446,27.5664203
47.1848461,27.5637385
47.1858101,27.5629061
47.1890816,27.5602274
47.190555,27.5586016
47.1905111,27.5586374
47.1905188,27.5585963
47.1905098,27.5586123
47.186842,27.5620691
47.1853161,27.5633845
47.183322,27.5650538
47.1805234,27.5673898
47.1793785,27.5683714
47.1754004,27.5716842
47.1743438,27.5725645
47.1730627,27.5736901
47.169384,27.5766929
47.1681994,27.580146
47.1678842,27.5809631
47.1667785,27.5854035
47.1655844,27.5903207
47.1640643,27.5921428
47.1621963,27.5947902
47.1609424,27.5962365
47.1597179,27.5989632
47.1581211,27.6018774
47.1560527,27.6040688
47.1541655,27.6040674
47.153483,27.6001178
47.1507473,27.5965171
47.1492702,27.59451
47.1465783,27.5929622
47.1449782,27.5949452
47.141869,27.5994051
47.1413151,27.6002647
47.1393463,27.6032346
47.1371675,27.6043898
47.1368745,27.6000704
47.136508,27.5955282
47.1361218,27.5916218
47.1354046,27.5863824
47.1336904,27.5797147
47.1340626,27.5752732
47.1337072,27.5755421
47.133749,27.5755272
47.1337008,27.5750499
47.1336575,27.5797516
47.1353935,27.5859834
47.135948,27.5898397
47.1364381,27.5939364
47.1368376,27.5995817
47.1371621,27.6044616
47.1372412,27.605354
47.1372726,27.605607
47.1406103,27.6013615
47.1421162,27.5991172
47.1437947,27.596556
47.1460052,27.5939629
47.1477642,27.5924911
47.1499357,27.5953874
47.1522818,27.5985214
47.1538932,27.602966
47.1556904,27.604169
47.1585605,27.6012608
47.1588154,27.6007061
47.1605822,27.597007
47.1613575,27.5956323
47.1637212,27.5928176
47.1652445,27.5906093
47.1654728,27.5904782
47.1661848,27.587906
47.1675805,27.5820697
47.1677844,27.5813085
47.1687293,27.5789984
47.1709767,27.5753094
