47.1527159,27.5992281
47.1502066,27.5959327
47.1481277,27.593019
47.1477731,27.5924686
47.1474621,27.5922183
47.1461838,27.5935444
47.1426273,27.5983253
47.1418878,27.5994513
47.1411087,27.6007713
47.1380417,27.6052316
47.1370605,27.6034627
47.1367869,27.5995302
47.1364696,27.5946424
47.1364741,27.5939509
47.1356389,27.5884373
47.1352656,27.5852702
47.1337412,27.579862
47.133995,27.5755416
47.1337533,27.5754762
47.1337529,27.5754807
47.1337349,27.575494
47.1337363,27.5754928
47.1337397,27.5754874
47.1337402,27.5754859
47.1337401,27.575485
47.1337401,27.5754842
47.1337408,27.5754835
47.1337417,27.5754829
47.1337429,27.5754812
47.1337412,27.5754803
47.1337172,27.5754671
47.1337172,27.5754641
47.1337144,27.5754678
47.1338613,27.5748333
47.1340186,27.5804541
47.1352572,27.5851105
47.1355309,27.5869224
47.1361884,27.5921955
47.1365156,27.5967347
47.1370049,27.6026675
47.1372322,27.6053967
47.1373369,27.6062121
47.1412095,27.6005388
47.142317,27.5987505
47.1436483,27.5966954
47.1452996,27.5946428
47.1471441,27.5924646
47.1488581,27.5938589
47.1500587,27.5954012
47.1523391,27.5985428
47.1539139,27.6028877
47.1542154,27.6040755
47.1568028,27.6031181
47.1586446,27.6012679
47.1590643,27.5999164
47.161035,27.5960427
47.1620619,27.5948851
47.1633963,27.5933254
47.164283,27.5915424
47.1649962,27.5907092
47.1659541,27.5890754
47.1669841,27.5848099
47.1676328,27.5817572
47.1684645,27.5796898
47.1694706,27.5767401
47.1709241,27.5710765
47.1725195,27.5653664
47.1723795,27.5634645
47.1735851,27.5591707
47.1741022,27.5548304
47.1743678,27.5521564
47.1744369,27.5504601
47.1745342,27.5494568
47.1746318,27.5473963
47.174736,27.5453572
47.1748061,27.544827
47.1746159,27.541706
47.1742641,27.5409154
47.1733269,27.5360115
47.172979,27.5330265
47.172696,27.5325944
47.1727238,27.5325923
47.1727452,27.532679
47.1727129,27.5326994
47.1727217,27.5327327
47.1727043,27.532665
47.1727083,27.5326328
47.1727089,27.5326414
47.172729,27.5326273
47.172733,27.5326347
47.1726793,27.5326752
47.1726976,27.5325763
47.1726741,27.5325092
47.1729796,27.5335485
47.1736303,27.538943
47.1736812,27.539166
47.1748119,27.5444301
47.1744398,27.5509311
47.1740443,27.5558605
47.1735391,27.559631
47.1733765,27.5602742
47.1727943,27.5622182
47.1723675,27.5649176
47.1708792,27.5712024
47.1694716,27.5770856
47.1678134,27.5809558
47.1674797,27.5824885
47.1662239,27.5878126
47.1660002,27.5886494
47.1645584,27.5909982
47.1627548,27.5943415
47.1605519,27.5970385
47.1589041,27.6001454
47.158597,27.6014218
47.1566658,27.6034257
47.1548155,27.6042662
47.1536975,27.6008576
47.150731,27.5964687
47.1479288,27.5927233
47.1467147,27.5928538
47.1462808,27.5933841
47.1453785,27.5945843
47.1449353,27.5951344
47.1441436,27.5961733
47.1428571,27.5979835
47.1426892,27.5982578
47.1424881,27.5985073
47.1423631,27.598767
47.1421513,27.5989961
47.1417182,27.5995651
47.1411779,27.6005151
47.1403785,27.6017597
47.1382602,27.6047954
47.1371047,27.6043991
47.1368148,27.6000738
47.1365444,27.5955404
47.1364924,27.5945244
47.1355151,27.5872732
47.1352329,27.5829033
47.1340795,27.5752562
47.1336983,27.5754211
47.1336968,27.5754281
47.1337366,27.5754775
47.1337406,27.5754381
47.1337257,27.5754599
47.1337423,27.575438
47.1337368,27.5754059
47.133736,27.5754083
47.1337349,27.5754364
47.1337324,27.5754376
47.1337261,27.5754318
47.1336843,27.5754048
47.1340083,27.5759713
47.1344431,27.5809642
47.1354439,27.5866681
47.1364081,27.5939374
47.1368293,27.6001284
47.1371013,27.6039975
47.1372793,27.6059435
47.1372663,27.6059754
47.1375268,27.6060241
47.1413554,27.6002363
47.1421315,27.5990089
47.143578,27.5969639
47.1453242,27.5945896
47.1472151,27.5923222
47.1473812,27.5921337
47.1489157,27.5939221
47.1500968,27.5956112
47.1525065,27.5988481
47.153862,27.6033438
47.1540998,27.6040362
47.156714,27.6031903
47.1586197,27.6012983
47.1589772,27.6001173
47.1603025,27.5976242
47.1613086,27.5956998
47.1636844,27.5928785
47.1641049,27.5919663
47.1651807,27.5906114
47.165826,27.5893323
47.1660484,27.5882251
47.1675537,27.582302
47.1685644,27.5793814
47.1699033,27.5752716
47.1709275,27.5709023
47.1722918,27.5636586
47.173205,27.560935
47.1736693,27.5583443
47.1744681,27.5505982
47.1745408,27.5493783
47.1747999,27.5440817
47.1744949,27.5413774
47.1735861,27.5380973
47.1731152,27.5344993
47.1729687,27.5333049
47.1729066,27.5335422
47.1735828,27.5388896
47.1747897,27.5427602
47.1748245,27.5455704
47.1747058,27.5485708
47.1742881,27.552526
47.1736223,27.5589537
47.1735087,27.5597111
47.1722306,27.5641627
47.1708916,27.5711938
47.1700773,27.574466
47.1678374,27.5809769
47.1678181,27.5810877
47.1670109,27.5845173
47.1661214,27.5885018
47.1650563,27.590733
47.1637034,27.59296
47.1612406,27.5956589
47.1607951,27.5964239
47.1587963,27.6004194
47.1560772,27.6039751
47.1558151,27.6042138
47.1538977,27.6031698
47.1508366,27.596582
47.1493754,27.5947153
47.1476656,27.5923185
47.1476043,27.5922795
47.1465857,27.5929236
47.14408,27.5962211
47.1412802,27.6004839
47.1382932,27.6048369
47.1369414,27.6036438
47.1366861,27.5982601
47.1364636,27.5947404
47.1364525,27.5947208
47.1355984,27.5879493
47.1352332,27.5828896
47.1339776,27.5778625
47.134024,27.5764085
47.1337283,27.5756034
47.1337169,27.5756094
47.1337156,27.5753399
47.1336862,27.5786789
47.1353757,27.5860264
47.1362237,27.5920772
47.1367546,27.5981315
47.1370652,27.6035503
47.1372951,27.6058139
47.1409625,27.6007926
47.1434324,27.5971874
47.145487,27.5943945
47.1479653,27.5927626
47.149891,27.5952862
47.1523725,27.5986737
47.1539266,27.6032037
47.1538877,27.603401
47.154635,27.6041696
47.1568342,27.6029813
47.1588519,27.6001487
47.1604691,27.5972468
47.1610295,27.5960812
47.1635027,27.5933649
47.1650417,27.5908024
47.1655756,27.5903767
47.1659563,27.5891108
47.1659605,27.5888361
47.1660661,27.5880575
47.1662548,27.5875476
47.1663024,27.5873794
47.1664909,27.5864225
47.1676556,27.5816942
47.1685831,27.5792301
47.1709587,27.571216
47.1722972,27.5645944
47.1735215,27.5595301
47.1742666,27.552433
47.1744561,27.5505718
47.1746957,27.544474
47.1747372,27.5438588
47.1737593,27.539339
47.1729706,27.5336575
47.1730395,27.5327955
47.173115,27.5327635
47.1730606,27.532834
47.1728638,27.5331232
47.1736682,27.538567
47.1736948,27.53903
47.1747412,27.5444386
47.1745156,27.5499813
47.1740929,27.5560978
47.173459,27.5597156
47.1728165,27.5621075
47.1712793,27.5694177
47.1701644,27.5742489
47.1678039,27.5808978
47.1667483,27.585291
47.1660236,27.5883253
47.1644893,27.5910284
47.1620344,27.5948181
47.1588699,27.6002625
47.155889,27.6041504
47.1549316,27.6042539
47.1526728,27.5991883
47.149511,27.5948739
47.148576,27.5935792
47.1464255,27.5932442
47.1429454,27.5977822
47.1420598,27.5991099
47.1401324,27.6019864
47.1371548,27.6053494
47.1368094,27.5999866
47.1364662,27.5950957
47.1357389,27.5889588
47.135403,27.5865229
47.1338431,27.5781699
47.1339686,27.5755521
47.133636,27.5754892
47.1336457,27.5754411
47.1336443,27.5754405
47.1692217,27.5773491
47.1709177,27.5710675
47.1733817,27.5603575
47.153411,27.5835667
47.1525643,27.5950361
47.1524219,27.6025646
47.152422,27.6025653
47.1524215,27.6025655
47.1524125,27.6025811
47.152412,27.6025799
47.1524122,27.6025786
47.1524126,27.6025781
47.1524129,27.6025768
47.1524127,27.6025756
47.1524122,27.6025745
47.1524122,27.6025739
47.1524121,27.6025726
47.1524115,27.602572
47.1524114,27.6025723
47.1524121,27.6025732
47.152412,27.6025733
47.1524128,27.602573
47.1524133,27.6025728
47.1524133,27.6025733
47.1524135,27.6025749
47.1524139,27.602576
47.1524141,27.6025755
47.1524146,27.6025751
47.1524143,27.6025754
47.1524141,27.6025749
47.1524144,27.6025744
47.1524145,27.6025739
47.1524145,27.6025733
47.1524149,27.6025732
47.152415,27.6025733
47.1524152,27.6025738
47.1524168,27.6025759
47.152417,27.6025762
47.1524255,27.6025727
47.1524259,27.6025692
47.1524274,27.6025705
47.1524277,27.6025716
47.152428,27.602573
47.1524272,27.6025721
47.1524266,27.6025738
47.1524264,27.602574
47.152426,27.6025738
47.1524262,27.6025733
47.1524258,27.6025729
47.1524272,27.6025714
47.1524272,27.602572
47.1524277,27.6025714
47.1524292,27.6025719
47.1524301,27.6025716
47.1524313,27.602572
47.1524319,27.6025723
47.1524325,27.6025731
47.152428,27.6025746
47.1524286,27.6025749
47.1524316,27.6025751
47.1524319,27.6025753
47.1524344,27.6025757
47.1524364,27.6025762
47.1524377,27.6025766
47.152438,27.602577
47.152437,27.6025773
47.1524372,27.6025777
47.1524371,27.6025774
47.1524365,27.6025772
47.1524363,27.6025774
47.152436,27.6025784
47.1524323,27.6025927
47.1524317,27.6025954
47.1524318,27.6025961
47.1524304,27.6025956
47.1524298,27.6025969
47.1524302,27.602599
47.1524305,27.6025986
47.152429,27.6025987
47.1524287,27.6026005
47.1524272,27.6026008
47.1524269,27.6026005
47.1524255,27.6025997
47.1524238,27.6026008
47.1524217,27.6026027
47.1524207,27.6026028
47.1524201,27.6026031
47.1524183,27.6026034
47.1524217,27.6025919
47.1524221,27.6025908
47.152423,27.60259
47.1524221,27.6025907
47.1524221,27.6025909
47.152422,27.6025912
47.1524219,27.6025922
47.1524224,27.602592
47.1524226,27.6025919
47.152422,27.6025919
47.1524223,27.6025916
47.1524226,27.6025904
47.1524223,27.6025895
47.1524232,27.60259
47.1524234,27.6025905
47.1524232,27.602591
47.152423,27.6025905
47.1524248,27.602594
47.1524249,27.6025938
47.1524245,27.6025938
47.1524237,27.6025943
47.1524224,27.6025944
47.1524218,27.6025943
47.1524216,27.6025949
47.1524215,27.6025958
47.1524213,27.6025959
47.1524213,27.6025962
47.1524209,27.6025966
47.1524206,27.6025968
47.1524205,27.6025969
47.1524203,27.6025971
47.152421,27.6025972
47.1524214,27.6025975
47.1524219,27.6025974
47.1524216,27.6025977
47.1524211,27.6025974
47.1524211,27.6025971
47.1524211,27.6025966
47.1524213,27.6025961
47.1524223,27.6025959
47.152423,27.6025959
47.1524324,27.6025847
47.1524429,27.6025924
47.152442,27.602592
47.1524428,27.6025912
47.152443,27.6025918
47.1524423,27.6025913
47.1524408,27.6025905
47.1524405,27.6025888
47.1524397,27.6025874
47.1524397,27.6025866
47.1524399,27.6025853
47.1524407,27.602584
47.1524408,27.6025833
47.1524417,27.6025838
47.1524415,27.6025835
47.1524409,27.6025835
47.1524408,27.6025835
47.1524404,27.6025832
47.1524408,27.602582
47.152441,27.6025818
47.1524416,27.6025812
47.1524424,27.602581
47.1524422,27.6025812
47.1524569,27.6025828
47.1524559,27.6025819
47.1524554,27.6025812
47.1524554,27.602581
47.1524547,27.602582
47.1524536,27.6025823
47.1524534,27.6025824
47.152453,27.6025822
47.1524527,27.6025818
47.1524525,27.6025806
47.1524521,27.6025802
47.1524514,27.6025801
47.1524506,27.6025804
47.1524499,27.6025814
47.1524492,27.6025827
47.1524492,27.6025832
47.1524496,27.6025838
47.1524499,27.6025845
47.1524495,27.6025845
47.152449,27.6025837
47.1524488,27.6025835
47.1524486,27.6025841
47.1524484,27.6025842
47.1524485,27.6025839
47.1524482,27.602584
47.1524481,27.6025834
47.1524479,27.6025825
47.1524474,27.602582
47.1524463,27.6025805
47.1524459,27.6025799
47.1524454,27.6025792
47.1524452,27.6025792
47.1524447,27.6025793
47.1524443,27.6025798
47.1524439,27.60258
47.1524433,27.6025796
47.1524425,27.6025791
47.1524416,27.6025795
47.1524404,27.6025798
47.1524398,27.6025796
47.1524398,27.6025793
47.1524394,27.6025786
47.1524391,27.6025786
47.1524387,27.6025779
47.1524384,27.6025779
47.1524385,27.6025778
47.1524386,27.6025777
47.152439,27.6025774
47.1524387,27.6025774
47.1524383,27.6025775
47.1524379,27.6025775
47.152438,27.6025772
47.1524403,27.6025876
47.1524405,27.6025867
47.1524394,27.6025862
47.1524393,27.6025874
47.1524401,27.6025897
47.1524427,27.6025967
47.1524442,27.602594
47.152445,27.6025935
47.1524453,27.6025937
47.1524464,27.602594
47.1524466,27.6025937
47.1524466,27.6025939
47.1524465,27.602594
47.1524465,27.6025939
47.1524475,27.6025841
47.1524554,27.6025601
47.1524551,27.6025598
47.152455,27.6025598
47.1538191,27.6037752
47.1166738,27.6321305
47.1166528,27.6321369
47.1409668,27.6008325
47.1421685,27.5990843
47.1452573,27.5947723
47.1469541,27.5925707
47.1470928,27.592345
47.1473856,27.5920525
47.1461238,27.5892952
47.1460654,27.5853431
47.1473738,27.5818306
47.148552,27.5800908
47.1492193,27.578997
47.1525969,27.5744009
47.1562051,27.574271
47.159097,27.5749076
47.161271,27.5733251
47.1636698,27.5725304
47.1644907,27.5720128
47.1655871,27.5713667
47.1666825,27.5700855
47.1674505,27.568672
47.1678617,27.5678373
47.1716203,27.5602191
47.1729325,27.5547746
47.1734595,27.5523755
47.1735777,27.5504965
47.173372,27.5465991
47.1732372,27.5443963
47.1729911,27.5408187
47.1728833,27.540087
47.1722593,27.534517
47.1725216,27.5232038
47.1724842,27.5165721
47.1725736,27.5108375
47.1692294,27.5118307
47.1675145,27.5141825
47.1698576,27.5141316
47.1695109,27.509871
47.1726868,27.5122057
47.1724092,27.5196937
47.1723592,27.5286115
47.1726073,27.5370938
47.173099,27.5418644
47.1733664,27.5457104
47.1735737,27.5500464
47.1734288,27.5519428
47.1721746,27.5586692
47.1707525,27.5619013
47.1679411,27.567579
47.1674954,27.5683469
47.1663178,27.5703924
47.1661473,27.5707378
47.1632353,27.5727233
47.1601483,27.5730638
47.1570945,27.5745441
47.1541037,27.5735872
47.1523351,27.5745075
47.1498557,27.5778664
47.148433,27.5800442
47.1460996,27.5846486
47.1460897,27.5878345
47.1470628,27.5915417
47.1466448,27.5930192
47.1443274,27.5958979
47.1434347,27.5971136
47.1412657,27.600446
47.1385214,27.6044663
47.1352972,27.6092812
47.1329257,27.612633
47.1302654,27.6142234
47.1265786,27.6173657
47.1234967,27.6227007
47.1204878,27.6265954
47.1185671,27.6307469
47.11645,27.6320569
47.1164513,27.6320623
47.1164715,27.6320522
47.1164722,27.6320544
47.1164698,27.6320453
47.1164746,27.6320957
47.1164785,27.6320792
47.1164731,27.6320642
47.1164732,27.6320595
47.1164637,27.6320917
47.116683,27.6321019
47.1166825,27.6321011
47.1166668,27.6321038
47.1166666,27.6321027
47.1166613,27.6320875
47.1166576,27.6321142
47.1192209,27.6295404
47.1211163,27.6257048
47.1240816,27.6217342
47.1265611,27.6174823
47.1282995,27.6158753
47.1307298,27.613862
47.1341026,27.6110038
47.1353819,27.609166
47.1383858,27.6047683
47.1425709,27.5985
47.1437315,27.596747
47.145344,27.5946464
47.1471742,27.592323
47.1474352,27.5919958
47.1460995,27.5876286
47.1461411,27.5851975
47.1476136,27.5814967
47.1488774,27.5795554
47.1495409,27.5784975
47.1500999,27.5776487
47.1559516,27.5740601
47.156722,27.5744488
47.1601472,27.5731884
47.1613377,27.5733396
47.1654043,27.5715481
47.1658021,27.5714139
47.1673419,27.5687951
47.1674239,27.5686557
47.1703935,27.5628554
47.1720301,27.5590894
47.173326,27.5528159
47.1735971,27.5518366
47.1733821,27.5469998
47.1732387,27.5450738
47.172982,27.5410732
47.1727095,27.5374899
47.1723131,27.537729
47.1722877,27.5377485
47.172329,27.5376973
47.172329,27.5376989
47.1723281,27.5377018
47.1723283,27.5377009
47.1723304,27.5377007
47.1723309,27.5377015
47.1723308,27.5377018
47.1723456,27.5376872
47.1723513,27.5376796
47.1723653,27.5376313
47.1724459,27.5380188
47.173222,27.5438672
47.1733182,27.545298
47.1735685,27.5495994
47.1735862,27.5502675
47.1726801,27.5561934
47.1709478,27.5614477
47.1684429,27.5665576
47.1678913,27.5676556
47.1679032,27.5677397
47.1667718,27.569723
47.1663496,27.5704031
47.1655757,27.571232
47.1618269,27.5732801
47.1585742,27.5748016
47.1557683,27.5739464
47.1524887,27.5744369
47.1503035,27.5773195
47.1487952,27.5794086
47.14662,27.582979
47.1461521,27.5894867
47.1472362,27.5917328
47.1466934,27.5929666
47.1446057,27.5955056
47.1429916,27.5978028
47.1420359,27.5991622
47.1412849,27.6001723
47.1404134,27.6015849
47.1392142,27.6034826
47.1374578,27.6060805
47.1374301,27.6061484
47.1354947,27.6089261
47.1324377,27.6129401
47.128262,27.6158707
47.1248808,27.6203275
47.1236104,27.6225674
47.1207268,27.6262443
47.1182957,27.6311588
47.1164913,27.6321214
47.116681,27.6321856
47.1166735,27.6321654
47.1166875,27.6320967
47.1166886,27.6321009
47.116688,27.6321019
47.1171531,27.6318911
47.1195626,27.628782
47.1220096,27.6244854
47.1244054,27.6212201
47.1260375,27.6184158
47.1284048,27.6158172
47.130696,27.6137601
47.1337527,27.6116357
47.1342844,27.610727
47.1344478,27.6104949
47.1349484,27.6098049
47.135377,27.6092602
47.1366735,27.6073274
47.1397987,27.6025913
47.14215,27.5991486
47.1443296,27.5958521
47.1463485,27.5933366
47.1471557,27.5922691
47.1465585,27.5905637
47.1461342,27.5871161
47.1461476,27.5852215
47.1476787,27.5813831
47.149198,27.5790239
47.1491989,27.5790197
47.1538847,27.5736791
47.1565067,27.5743497
47.1590752,27.5752072
47.1604176,27.5731701
47.1617889,27.5733546
47.1655606,27.5715239
47.1664877,27.5704061
47.1674592,27.5686648
47.1677653,27.5681003
47.1709671,27.5616999
47.1717181,27.5599106
47.1732508,27.5531443
47.1735539,27.5514885
47.1734061,27.5472558
47.1733955,27.546955
47.1732548,27.5439168
47.1729091,27.540121
47.172311,27.5377434
47.1723208,27.5377531
47.172321,27.5377502
47.1723255,27.5377183
47.1723272,27.5377185
47.172328,27.53772
47.1723282,27.5377207
47.1723279,27.5377561
47.1723282,27.5377568
47.1723283,27.5377576
47.1723278,27.5377572
47.1723278,27.5377571
47.1723277,27.5377569
47.1723284,27.5377566
47.1723289,27.5377581
47.1723292,27.537758
47.1723319,27.5377481
47.1723326,27.5377466
47.1723501,27.5377251
47.1723513,27.5377365
47.1728963,27.5400085
47.1732346,27.5443763
47.1733604,27.5454617
47.173545,27.5503144
47.173303,27.5528038
47.1715316,27.5602738
47.169375,27.5648015
47.1680137,27.567368
47.1673027,27.5687414
47.1663101,27.57042
47.1656176,27.5712383
47.161406,27.5731815
47.1590754,27.5740477
47.1562871,27.5740606
47.1546689,27.5735782
47.1503037,27.5772565
47.1498981,27.5777837
47.1479804,27.5807055
47.1463463,27.5838319
47.1460777,27.5874397
47.1470097,27.5915006
47.1469667,27.5925729
47.145734,27.5940027
47.142646,27.5982781
47.1407165,27.6011961
47.1402237,27.6019276
47.1385534,27.6044071
47.1356309,27.608753
47.1343703,27.6106251
47.1302998,27.6141582
47.1275062,27.6164572
47.1241779,27.6216151
47.1234999,27.6228368
47.1199494,27.6279945
47.118095,27.6314469
47.1164653,27.6320644
47.1167093,27.6320973
47.1167184,27.6320888
47.1167177,27.6321992
47.1167599,27.6321414
47.1167582,27.6321354
47.1167472,27.632097
47.1167342,27.6320707
47.1167345,27.6320682
47.1172578,27.6319203
47.1192217,27.629486
47.1210738,27.6256834
47.1244816,27.6210385
47.1273806,27.6166243
47.130018,27.6144483
47.132182,27.6130227
47.1357074,27.6086264
47.1373517,27.6061186
47.1412726,27.6003379
47.142111,27.5992097
47.1433847,27.5971728
47.1452138,27.5947327
47.1470589,27.5923485
47.1461342,27.589347
47.1461685,27.5844915
47.1486446,27.5797617
47.1492192,27.5790079
47.1517537,27.5754008
47.1562126,27.5742323
47.1590548,27.5753264
47.161309,27.5733576
47.1655529,27.5714918
47.1657583,27.5712981
47.1673925,27.5687527
47.1674633,27.5686452
47.170425,27.5628312
47.1719262,27.5594597
47.1720811,27.5586424
47.1732544,27.5530972
47.173458,27.5522003
47.173524,27.551604
47.1733425,27.5469753
47.173237,27.5443399
47.1727885,27.5376874
47.1723464,27.53098
47.1725312,27.5201235
47.1725679,27.5157301
47.172562,27.5107056
47.1693181,27.5108158
47.1674461,27.5136723
47.1675289,27.5140895
47.1675459,27.5140944
47.1675762,27.5141113
47.1675757,27.5141118
47.1675546,27.5141338
47.1699366,27.5140112
47.169424,27.5106863
47.1725792,27.5119483
47.1724214,27.5195893
47.1724364,27.52732
47.172611,27.5370911
47.1729414,27.5392036
47.1730977,27.5430145
47.1733381,27.5449424
47.1733866,27.5474237
47.173558,27.5502842
47.1723372,27.557782
47.1702583,27.5628877
47.1679073,27.5675324
47.1673286,27.5685854
47.1663123,27.5703564
47.1657826,27.5711536
47.1626145,27.5730304
47.1603656,27.5730091
47.1563124,27.5741003
47.1526878,27.5741464
47.1498568,27.5777881
47.147776,27.580998
47.1462003,27.5842968
47.1460318,27.5873353
47.1470927,27.5917015
47.1461057,27.593574
47.1439649,27.5963181
47.1412999,27.6002397
47.1390486,27.6035919
47.1376592,27.6057754
47.1345029,27.6104302
47.131068,27.6134696
47.1301656,27.614294
47.127121,27.6167754
47.1243132,27.6212239
47.1220698,27.624295
47.1196109,27.628602
47.1175503,27.6317059
47.1167135,27.6321089
47.1167152,27.6321143
47.1167138,27.632114
47.1523768,27.6018608
47.152377,27.6018613
47.1523765,27.6018611
47.152376,27.6018617
47.1523758,27.6018615
47.1523749,27.6018622
47.1523745,27.6018621
47.1523742,27.601862
47.1523736,27.6018622
47.1523723,27.6018617
47.1523563,27.6018883
47.152354,27.6018848
47.1523557,27.6018767
47.1523576,27.6018694
47.1523552,27.6018663
47.1523574,27.6018607
47.1523575,27.6018571
47.1523544,27.6018587
47.1523646,27.6019153
47.1523578,27.6019195
47.1523571,27.6019164
47.1523564,27.6019127
47.1523547,27.6019095
47.1523541,27.6019045
47.1523518,27.6019059
47.152353,27.6019078
47.1523522,27.6019067
47.1523525,27.6019048
47.1523692,27.6018929
47.1523837,27.6018803
47.1523828,27.6018791
47.1523807,27.6018805
47.1523782,27.6018796
47.152377,27.6018778
47.1523759,27.6018779
47.1523753,27.601878
47.1523737,27.6018766
47.1523726,27.6018759
47.1523704,27.6018756
47.1523694,27.6018759
47.1523681,27.6018781
47.1523682,27.6018784
47.1523671,27.6018777
47.1523643,27.6018764
47.1523631,27.6018746
47.1523628,27.6018754
47.1523629,27.6018757
47.1523598,27.6018767
47.1523585,27.6018768
47.1523566,27.6018764
47.1523562,27.6018766
47.1523552,27.6018782
47.1523541,27.6018795
47.1523541,27.60188
47.1523533,27.6018801
47.1523523,27.6018791
47.1523503,27.6018776
47.15235,27.6018774
47.1523503,27.6018786
47.1523498,27.6018784
47.152348,27.6018781
47.1523468,27.6018769
47.1523467,27.6018759
47.1523478,27.6018761
47.1523483,27.6018758
47.1523474,27.6018754
47.1523472,27.6018748
47.1523455,27.6018758
47.1523454,27.6018764
47.152345,27.601877
47.1523447,27.6018783
47.1523453,27.6018788
47.1523451,27.6018801
47.1523456,27.6018804
47.1523452,27.6018809
47.1523447,27.6018818
47.1523452,27.60188
47.1523456,27.6018797
47.1523454,27.6018812
47.1523459,27.6018816
47.1523462,27.601882
47.1523319,27.6018949
47.1523301,27.6018956
47.1523414,27.601862
47.1523415,27.6018667
47.1523402,27.6018709
47.1523399,27.6018723
47.1523394,27.6018758
47.1523392,27.6018748
47.1523381,27.6018751
47.1523382,27.6018756
47.1523389,27.6018772
47.1523383,27.6018807
47.1523391,27.6018794
47.1523393,27.6018781
47.1523526,27.601877
47.1523594,27.601882
47.15236,27.6018818
47.1523597,27.6018849
47.1523585,27.601886
47.1523585,27.6018836
47.1523583,27.6018826
47.1523574,27.6018805
47.1523559,27.6018781
47.1523548,27.6018752
47.1523533,27.6018751
47.1523522,27.6018747
47.1523527,27.6018749
47.152353,27.6018752
47.1523519,27.6018762
47.1523511,27.6018772
47.1523511,27.6018765
47.1523508,27.6018757
47.1523481,27.6018742
47.1523471,27.6018762
47.1523469,27.6018761
47.1523467,27.6018766
47.1523468,27.6018772
47.152347,27.6018775
47.1523469,27.6018774
47.1523463,27.6018767
47.1523709,27.6030374
47.152371,27.603039
47.1523705,27.6030405
47.1523753,27.6030433
47.1523763,27.6030435
47.1523766,27.6030447
47.1523806,27.6030443
47.1523829,27.6030434
47.1523831,27.6030432
47.1523745,27.6035478
47.1544188,27.6040899
47.1533788,27.5965435
47.1518328,27.5887076
47.1518006,27.5887153
47.1534928,27.5836513
47.1518422,27.5869006
47.1518467,27.5869088
47.1518465,27.5869097
47.151846,27.5869101
47.1518838,27.5869476
47.1517682,27.5870918
47.1517664,27.5870918
47.1495037,27.585949
47.148138,27.5848314
47.1425542,27.5803676
47.1414525,27.5799301
47.1397636,27.5781477
47.1430013,27.5722479
47.1444758,27.568622
47.1482707,27.56124
47.1472806,27.5580457
47.1463416,27.5524052
47.1455552,27.5477994
47.1451045,27.5389258
47.1461324,27.5324305
47.1461032,27.5269097
47.1452929,27.5261828
47.1452559,27.5261771
47.145265,27.5261924
47.1452881,27.5262348
47.1452719,27.5262309
47.1452599,27.526211
47.1452585,27.5262141
47.1452526,27.526238
47.145289,27.5262061
47.1452903,27.5262052
47.1453203,27.5261713
47.1453373,27.5261685
47.1452965,27.5261788
47.1452923,27.5261492
47.1452914,27.5261487
47.1452912,27.5261919
47.1450233,27.526421
47.1462658,27.5320438
47.1443948,27.5381569
47.1451612,27.542881
47.1458909,27.5496353
47.1469323,27.5563401
47.1479243,27.5621195
47.145112,27.5672424
47.1429899,27.5723353
47.1409603,27.5763965
47.1397537,27.5782124
47.1434196,27.5807397
47.1439262,27.5811257
47.1503068,27.5865228
47.1516357,27.5876924
47.1530341,27.5858018
47.1530315,27.5857976
47.1530023,27.5857907
47.1530104,27.585797
47.1530405,27.5858302
47.1530182,27.5858418
47.152986,27.5858568
47.1531089,27.5858169
47.1530942,27.5858239
47.15309,27.5858195
47.1530565,27.5858239
47.1530373,27.5858371
47.1529668,27.584588
47.1516876,27.5873307
47.1504955,27.5867893
47.1470521,27.5839324
47.1424675,27.5803953
47.139466,27.5788802
47.1409057,27.5764618
47.1442336,27.5695075
47.146136,27.5651873
47.1484658,27.5606757
47.1469504,27.5559602
47.1458875,27.5492721
47.1451903,27.5430404
47.1444013,27.5381249
47.1462759,27.5318802
47.1459593,27.5264141
47.1452854,27.5261834
47.1452845,27.5263187
47.1452848,27.5263189
47.1452909,27.5263108
47.1452902,27.5263082
47.1452892,27.5263053
47.1452883,27.5262962
47.1452581,27.5262117
47.1452383,27.5262548
47.1452194,27.526289
47.1452218,27.5262658
47.1452432,27.5261882
47.1452873,27.5261976
47.1452536,27.5262084
47.1452689,27.5262032
47.1452507,27.5262127
47.1453331,27.5262719
47.1451029,27.5275946
47.1462514,27.532042
47.1443274,27.5381741
47.1451799,27.5434261
47.1458518,27.549618
47.146809,27.5552975
47.1487299,27.5598019
47.1463081,27.5649108
47.1440046,27.5701446
47.1418889,27.5741286
47.1397137,27.578255
47.1397332,27.5790357
47.1435565,27.5808163
47.1477978,27.5844109
47.1504216,27.5865787
47.1517578,27.5877738
47.1517524,27.5877862
47.1530262,27.5858598
47.1530201,27.5858569
47.1530167,27.5858511
47.1530202,27.5858185
47.1530003,27.5858421
47.1529994,27.5858378
47.1530003,27.5858365
47.1529989,27.5858363
47.1529989,27.5858348
47.1529976,27.5858312
47.1530128,27.5858076
47.15336,27.5836164
47.1503389,27.5866684
47.14925,27.5857587
47.1483874,27.5850157
47.1426175,27.5804324
47.1394214,27.5788331
47.1411416,27.5757725
47.1444153,27.5691421
47.147164,27.5633917
47.1483934,27.559098
47.1467034,27.5546653
47.1458153,27.5492553
47.1451357,27.5400268
47.1455977,27.5337555
47.1465337,27.5298548
47.1453396,27.5261859
47.1453939,27.526217
47.1453901,27.5261519
47.1453894,27.5261527
47.1453887,27.5261529
47.1453885,27.5261529
47.1453882,27.5261536
47.1453965,27.5261775
47.1453704,27.5262293
47.1453277,27.5261538
47.1453256,27.5261607
47.145342,27.5261275
47.1453427,27.5261273
47.1453545,27.5261406
47.1453547,27.5261423
47.1453528,27.5261426
47.1453052,27.5261368
47.145196,27.5263128
47.1462852,27.5320097
47.1442938,27.5377353
47.1451689,27.5419375
47.1454508,27.5470857
47.1467895,27.5552687
47.1486734,27.5603323
47.1462051,27.5651261
47.1438438,27.5706053
47.1416667,27.5745389
47.1407064,27.579584
47.1436197,27.5807495
47.1486167,27.5850376
47.1504622,27.5866205
47.152787,27.5863522
47.1530117,27.5858276
47.1530146,27.585823
47.1530248,27.5858261
47.1530545,27.585881
47.1530429,27.5858746
47.1530246,27.5858677
47.1530108,27.58585
47.1530082,27.5858481
47.1530267,27.5859069
47.1530199,27.5858981
47.1530164,27.5858933
47.1530154,27.5858924
47.1530061,27.5858854
47.1535444,27.5837201
47.1516857,27.5872855
47.1495184,27.5859489
47.1465115,27.5833716
47.1425221,27.5803916
47.1396716,27.5782081
47.141393,27.5749554
47.1445195,27.5687921
47.1478901,27.5621448
47.1477354,27.558606
47.1465644,27.5538541
47.1456643,27.5484881
47.1451053,27.5393474
47.1450462,27.5354148
47.1463579,27.5315481
47.1458589,27.5259959
47.1452724,27.5262041
47.1452597,27.5261986
47.1452641,27.5261768
47.1452841,27.5261739
47.1452715,27.5261777
47.1452738,27.5261972
47.1452733,27.5262715
47.1452579,27.5262317
47.1452822,27.5262891
47.1452844,27.5263239
47.1452862,27.5263319
47.1453046,27.5262208
47.1453072,27.5262228
47.1453299,27.5262287
47.1453012,27.5261397
47.1453452,27.5261708
47.1452998,27.5280956
47.1457775,27.5333588
47.1451356,27.5402636
47.145706,27.5484388
47.14665,27.5541971
47.1474017,27.5582698
47.1478595,27.5622482
47.1441949,27.5697348
47.1429744,27.5723411
47.1403712,27.5775189
47.1405884,27.5795124
47.1437093,27.5810061
47.1500414,27.5862603
47.1503485,27.5864849
47.1522228,27.5876929
47.1529866,27.5858887
47.1529768,27.5858942
47.1529694,27.5859293
47.15296,27.5859062
47.1529791,27.5859191
47.1529667,27.5859003
47.1529639,27.5859009
47.15295,27.5859088
47.1529229,27.5859096
47.1529333,27.5859114
47.1529336,27.5858969
47.1529666,27.5858963
47.1533833,27.5848793
47.1534768,27.5836543
47.151749,27.5871173
47.1508106,27.5869308
47.1485818,27.5852551
47.1425792,27.5803431
47.1396678,27.5789699
47.1403115,27.5774557
47.1434276,27.5714674
47.1449229,27.5675059
47.1482902,27.5610031
47.1471001,27.5569872
47.1464079,27.552884
47.145645,27.5481628
47.1450674,27.5389363
47.1455194,27.5339982
47.1463226,27.5315997
47.1458526,27.5257513
47.1452586,27.5261958
47.1452683,27.5262017
47.1452226,27.5261742
47.1452414,27.5261986
47.1452869,27.5261399
47.1452928,27.5261777
47.1453479,27.5261938
47.1452913,27.5261702
47.1453043,27.5261353
47.1452738,27.5261237
47.1453045,27.5261389
47.1453025,27.5260829
47.1452766,27.5261317
47.1452904,27.5260908
47.1452867,27.5260937
47.1447922,27.5266952
47.146205,27.5320794
47.1451491,27.539784
47.1458062,27.5491639
47.1467438,27.5550725
47.1478224,27.5586064
47.147627,27.5626354
47.1440487,27.5699419
47.1423838,27.5733439
47.1395465,27.5784124
47.1427146,27.5803267
47.1460876,27.582924
47.1484488,27.5849506
47.1507324,27.5868468
47.1517139,27.5876961
47.1517177,27.5876817
47.1529675,27.5858608
47.1529658,27.5858589
47.152958,27.5858645
47.1529581,27.585809
47.1529622,27.5858356
47.1529562,27.585826
47.1529515,27.5858597
47.1529477,27.5858765
47.1520845,27.5863851
47.1518018,27.5869644
47.151691,27.5869403
47.1517134,27.5869013
47.1517634,27.586965
47.1513579,27.5871143
47.1498455,27.5862035
47.1494414,27.5858559
47.1476574,27.5843213
47.1428394,27.5804572
47.1425467,27.5803506
47.139859,27.5791145
47.1396944,27.578128
47.1420806,27.5737931
47.1444732,27.5686857
47.1475455,27.5626454
47.1482625,27.5588931
47.1466461,27.5544847
47.1457548,27.5488501
47.1450772,27.5391854
47.1447581,27.5361946
47.1462967,27.5316304
47.1456727,27.525819
47.1452931,27.5261404
47.1452957,27.5261437
47.1452958,27.5261448
47.1452961,27.5261469
47.1452955,27.5261479
47.1452939,27.5261483
