47.1676873,27.5817936
47.1678286,27.5812706
47.1691821,27.5777368
47.1701585,27.5761713
47.1744875,27.5724759
47.1758992,27.5712558
47.1787256,27.5689648
47.18092,27.5671413
47.1830547,27.5654072
47.1848672,27.5638355
47.1864158,27.5624832
47.1897769,27.5596278
47.1910852,27.5584554
47.1960012,27.5539946
47.197461,27.5503431
47.198448,27.5445268
47.1999586,27.5414934
47.2008947,27.5376708
47.2030109,27.5342697
47.2086184,27.5314464
47.2096567,27.5315954
47.2096539,27.5316135
47.2095687,27.5314049
47.2037974,27.533377
47.2014797,27.5364888
47.200362,27.5410319
47.198515,27.5441518
47.1976361,27.5495159
47.1957714,27.5543397
47.1926583,27.5571605
47.1905235,27.5585869
47.1870846,27.5618357
47.1863326,27.5625411
47.1841386,27.5643731
47.1806641,27.5672762
47.1793121,27.5684677
47.1762055,27.5710243
47.1748835,27.5720102
47.1734718,27.5732789
47.1693099,27.5765185
47.1667507,27.5774882
47.1669631,27.5734484
47.165987,27.5710979
47.1656654,27.5712737
47.1613901,27.5732064
47.1606639,27.5731058
47.1589341,27.575444
47.1615862,27.5686693
47.16299,27.5651424
47.1634436,27.5642999
47.166416,27.5579226
47.166818,27.5556266
47.1667799,27.5525245
47.1668539,27.5497096
47.1667425,27.5443152
47.1685077,27.5412829
47.1685344,27.5412557
47.1691531,27.540505
47.1691521,27.5405053
47.1691519,27.5405058
47.1691896,27.5404165
47.1685081,27.5411676
47.1667133,27.5446802
47.1667414,27.5498115
47.1668312,27.5526609
47.1668356,27.5558588
47.1667524,27.5573498
47.1636698,27.5637523
47.1624023,27.566406
47.1610753,27.5700776
47.1593044,27.5739402
47.1614872,27.5732435
47.1655579,27.5714165
47.1662112,27.5713298
47.1673309,27.5737476
47.1659268,27.5793762
47.1654238,27.5818
47.1671332,27.582973
47.1676015,27.5824358
47.16792,27.5808497
47.1692041,27.5775716
47.1721433,27.5744518
47.1747619,27.5722543
47.1759499,27.5712425
47.1793489,27.5683977
47.1814621,27.5666528
47.1835853,27.5647899
47.1856621,27.5630406
47.1894406,27.5598774
47.1912375,27.5582667
47.1960488,27.5538637
47.1980887,27.5462254
47.1996977,27.5417732
47.2008684,27.5378083
47.2026749,27.534743
47.2063664,27.5306792
47.2097147,27.5316127
47.2097144,27.5316136
47.2097223,27.5316177
47.2097274,27.5316216
47.209725,27.5316214
47.2097237,27.5316214
47.2097186,27.5316185
47.2097177,27.5316185
47.2097088,27.5315511
47.2055414,27.5311244
47.2021191,27.5354477
47.2005245,27.5401376
47.1984699,27.5443843
47.1973938,27.5505184
47.1952052,27.5549254
47.1909751,27.5585033
47.18838,27.5607176
47.1863386,27.5625054
47.1844488,27.5641375
47.1812969,27.566754
47.1794991,27.5683089
47.1760297,27.5711335
47.1745875,27.572423
47.1697174,27.5762944
47.1672165,27.5771963
47.1672698,27.5741252
47.1662925,27.5715899
47.1662911,27.5715877
47.1647805,27.5717987
47.1611067,27.5731643
47.1588652,27.5754402
47.1616632,27.568434
47.1633569,27.5644724
47.1644345,27.5621762
47.166423,27.5579907
47.1667857,27.5559817
47.1667536,27.5542325
47.1668067,27.549765
47.1667311,27.5465359
47.1667504,27.5435423
47.1687186,27.5409286
47.1689464,27.5406654
47.1689464,27.5406649
47.1694749,27.539965
47.1671088,27.5429646
47.1667717,27.5465957
47.1667636,27.5508718
47.1667526,27.5561985
47.1667816,27.556556
47.1665845,27.5578052
47.1639091,27.5633066
47.1621618,27.5666869
47.1607825,27.5737699
47.1620755,27.5732864
47.1654024,27.5715086
47.1667008,27.572562
47.1658978,27.5796367
47.1669241,27.5828482
47.1661556,27.587775
47.1660306,27.5883484
47.1645789,27.590945
47.1648376,27.5922847
47.1667753,27.5941013
47.1663744,27.5966392
47.1669539,27.5995447
47.172721,27.5990602
47.1788142,27.598026
47.183983,27.5970715
47.1816392,27.6021491
47.1768503,27.6074639
47.1793657,27.6111715
47.1748676,27.6182543
47.1767605,27.6171222
47.1763172,27.6175149
47.1761453,27.617632
47.1761261,27.617687
47.1761445,27.6176235
47.1761336,27.617617
47.1761341,27.6176178
47.1761337,27.6176178
47.1761329,27.6176178
47.1761472,27.6176162
47.1761533,27.6176656
47.1761205,27.6176379
47.1761471,27.6176009
47.1761472,27.6176012
47.1761735,27.617677
47.1761751,27.6176727
47.1761802,27.6176682
47.1761827,27.6176668
47.1761831,27.6176654
47.1761833,27.6176616
47.1762237,27.6175712
47.1762399,27.6175764
47.1762222,27.61758
47.1761939,27.6176285
47.1761687,27.6176442
47.1761148,27.6176683
47.176115,27.6176679
47.1761168,27.6176668
47.1761252,27.6176321
47.1761257,27.6176315
47.1761272,27.6176518
47.1761141,27.6176567
47.1761099,27.6175586
47.1761556,27.6175875
47.1761411,27.617618
47.1761615,27.6176152
47.1761278,27.6175943
47.1761617,27.6176213
47.17615,27.617653
47.1761911,27.6176122
47.1762063,27.6176215
47.1749622,27.6184968
47.1788485,27.6128168
47.1773589,27.6087948
47.1812475,27.6025831
47.1829816,27.597356
47.179926,27.597993
47.1743345,27.5985314
47.1686426,27.5998329
47.166285,27.5968544
47.1663402,27.5932177
47.165669,27.5900539
47.1664731,27.5869522
47.1673285,27.5832573
47.1677048,27.5815076
47.1688528,27.5784981
47.1695448,27.5763344
47.1665821,27.5768476
47.1664316,27.5719546
47.1660352,27.570218
47.1658236,27.5706128
47.1658448,27.5705604
47.1658631,27.5705738
47.1658543,27.5706043
47.1658252,27.570585
47.1658248,27.5705849
47.1658594,27.5705637
47.1658361,27.5705564
47.1657859,27.5705547
47.1657869,27.5705545
47.1657875,27.5705545
47.1657904,27.5705544
47.1657867,27.5705667
47.1658165,27.5706393
47.1658025,27.5706436
47.1658011,27.5706439
47.1658029,27.5706428
47.1658031,27.5706434
47.165804,27.5706428
47.1658039,27.5706409
47.1657977,27.5706287
47.1657557,27.5706509
47.1657738,27.5706178
47.1657732,27.5705881
47.1657726,27.5705899
47.1657746,27.5705929
47.1657754,27.5705923
47.1657763,27.5705916
47.1657759,27.5705908
47.1657967,27.5705768
47.1658052,27.5705774
47.1658521,27.5705994
47.1658883,27.570576
47.1658885,27.5705768
47.1658215,27.5705972
47.1658568,27.5706231
47.1658574,27.570623
47.1658883,27.5706099
47.1658884,27.5706083
47.1658046,27.5705637
47.1658061,27.5705639
47.1658429,27.570611
47.1658425,27.5706104
47.1658473,27.5706123
47.1658466,27.5706111
47.1658644,27.5706169
47.1658633,27.5706108
47.1658642,27.5706105
47.1658418,27.5705936
47.165842,27.5705945
47.1660021,27.5707339
47.1659687,27.5707732
47.1668944,27.5759923
47.1655548,27.5807418
47.1670983,27.5830183
47.1667228,27.5856877
47.1658989,27.5889531
47.1645153,27.5910698
47.1648296,27.5922766
47.1664316,27.593286
47.1662897,27.5984214
47.1692868,27.5998689
47.1752298,27.5981464
47.1816288,27.5977586
47.182104,27.6013022
47.176877,27.6073111
47.1797343,27.6102972
47.1747737,27.6180804
47.1761438,27.6176405
47.1762176,27.6175505
47.1761132,27.6176354
47.1761278,27.6176817
47.1769272,27.6159074
47.1795235,27.6091975
47.1763054,27.6078012
47.1696024,27.6122498
47.1638147,27.617626
47.1591696,27.6222605
47.1566544,27.6241273
47.1536901,27.6246503
47.1516519,27.6208031
47.1532262,27.6109524
47.1542697,27.6048337
47.1532006,27.6037885
47.1525619,27.6031259
47.152561,27.6031243
47.1525604,27.6031245
47.1521449,27.6011408
47.1521449,27.601141
47.1521549,27.6011498
47.1521339,27.6011714
47.1521338,27.6011734
47.1691225,27.5404335
47.1693287,27.540234
47.1692875,27.5403073
47.1692786,27.5402778
47.1688431,27.5406816
47.1688304,27.5406866
47.1688267,27.5407084
47.1688256,27.5407355
47.1688558,27.5407325
47.1688463,27.5407372
47.1688408,27.5407244
47.1688285,27.5407454
47.1688245,27.5407436
47.1688241,27.5407453
47.168824,27.5407452
47.1688241,27.5407448
47.1680723,27.5416472
47.166717,27.544761
47.166799,27.5471283
47.1668295,27.5505191
47.1668759,27.5513861
47.1668585,27.5557348
47.1669388,27.556873
47.1665868,27.55788
47.1633605,27.5644487
47.1628874,27.5651154
47.1621861,27.5667573
47.1608537,27.5730088
47.1601847,27.5731935
47.1612525,27.5732869
47.164406,27.572139
47.1654823,27.5715546
47.1662499,27.571375
47.1674151,27.5743235
47.1655957,27.5806241
47.1655856,27.5807756
47.165628,27.5808116
47.166447,27.5825341
47.1670177,27.582905
47.167649,27.5818531
47.1677551,27.581412
47.168699,27.5790182
47.1714061,27.5750666
47.1729964,27.5737991
47.174409,27.5725247
47.1753753,27.5717728
47.1776654,27.5698157
47.180271,27.5675878
47.1819729,27.5661807
47.1836308,27.5646936
47.1858472,27.5628561
47.187736,27.5613074
47.1905041,27.5591747
47.1921452,27.5575057
47.1960926,27.55398
47.197227,27.5514416
47.1979486,27.54728
47.1996584,27.5418965
47.2003512,27.5409212
47.2009066,27.5378172
47.2026071,27.5348779
47.2064693,27.5306958
47.2096773,27.5315978
47.2058036,27.5308749
47.202086,27.5355847
47.2009882,27.5376684
47.1983817,27.5448291
47.1975597,27.5495607
47.1961169,27.5537692
47.1927359,27.557154
47.1905934,27.5585516
47.1863405,27.5624797
47.1843731,27.5641976
47.180975,27.5670132
47.1793485,27.5684264
47.1771571,27.5702341
47.1756379,27.5714347
47.1745761,27.5723963
47.1737012,27.5731695
47.1702022,27.5759578
47.1682046,27.5769121
47.1671704,27.5748389
47.1657753,27.5711771
47.1618155,27.5732885
47.1587891,27.574615
47.1609098,27.5709763
47.1618562,27.5675288
47.1631455,27.5647853
47.1642418,27.562415
47.1652103,27.5604987
47.1664606,27.5576388
47.1667503,27.5561652
47.1667864,27.5543772
47.1667763,27.5513666
47.1667887,27.5496124
47.1667181,27.5438273
47.1685234,27.5412341
47.1691418,27.5404825
47.1691413,27.5404837
47.1691401,27.5404855
47.1691391,27.540487
47.1692859,27.5400347
47.1671743,27.5428009
47.1667629,27.547755
47.1669021,27.5513661
47.1668646,27.5532131
47.1668694,27.5559473
47.1669064,27.5565235
47.1655981,27.559629
47.1631478,27.5645462
47.162146,27.5666782
47.1609183,27.5704556
47.1594475,27.5737652
47.1606251,27.5732238
47.1625871,27.573162
47.1646568,27.5719369
47.1656029,27.5713649
47.1671745,27.5734838
47.1659259,27.5793113
47.1656532,27.5807119
47.1671072,27.5829633
47.1672672,27.5831259
47.1677459,27.5812373
47.1677901,27.5812195
47.1687873,27.5789188
47.1699194,27.5768052
47.1725893,27.5740711
47.1753435,27.571822
47.1757927,27.5713865
47.1802725,27.567633
47.1818973,27.5663189
47.1845123,27.5640615
47.185931,27.5628629
47.1903808,27.5591576
47.1914169,27.5581348
47.1958271,27.5542441
47.1974096,27.5504542
47.1983655,27.5448696
47.1997731,27.5417378
47.2008804,27.5377306
47.2021064,27.5355338
47.2041062,27.5329732
47.2096433,27.5316669
47.2091715,27.5315844
47.2031822,27.5341787
47.2010078,27.5375905
47.2004621,27.540864
47.1993832,27.5422528
47.1979313,27.547565
47.1969329,27.5524422
47.1922607,27.5574645
47.1905188,27.5585021
47.187969,27.5611478
47.1863115,27.562593
47.1844242,27.5641192
47.1813277,27.566729
47.1800576,27.5678589
47.178338,27.5692601
47.177066,27.5703132
47.1764933,27.5707847
47.1752217,27.5718806
47.1746644,27.5723493
47.1735467,27.5732323
47.1724032,27.5741954
47.1697408,27.5762842
47.1676151,27.5771277
47.1671792,27.5738586
47.1663459,27.5719835
47.1658481,27.571125
47.1637345,27.5723589
47.1609946,27.5731218
47.158631,27.5753295
47.1612837,27.5693845
47.1625551,27.5659812
47.1640636,27.5629141
47.165866,27.5592144
47.1667586,27.5556776
47.1666969,27.5508489
47.1666828,27.5485979
47.1667246,27.5438698
47.1684188,27.5413521
47.1689384,27.5407139
47.1689449,27.5407136
47.16896,27.5406849
47.1689291,27.5406848
47.1689251,27.5406843
47.1694027,27.5401571
47.1689108,27.5406582
47.1667213,27.5443123
47.1667737,27.5484061
47.1669613,27.5513362
47.1668763,27.5541948
47.1669498,27.5570239
47.1651788,27.5609025
47.1629788,27.5651328
47.1616663,27.5681463
47.160845,27.572412
47.1611873,27.5733341
47.164481,27.5720887
47.1656055,27.5714406
47.1666731,27.572294
47.1672234,27.5748987
47.1656867,27.5806957
47.165459,27.5814948
47.167343,27.5831369
47.1674054,27.5826167
47.1677914,27.5812828
47.1685954,27.5794005
47.1686448,27.5792968
47.1712711,27.5750932
47.1755252,27.5716829
47.1769674,27.5704402
47.1797329,27.5680745
47.1812272,27.5668547
47.1838713,27.5645714
47.1858373,27.5629369
47.189707,27.5596428
47.1908941,27.5586678
47.194824,27.5552738
47.1977078,27.5487803
47.1665458,27.577136
47.1690338,27.5405679
47.1690793,27.5405192
47.169118,27.5404945
47.1691101,27.5404851
47.169322,27.5402455
47.1693221,27.5402457
47.1693198,27.540233
47.16932,27.5402344
47.1682079,27.5414583
47.1667289,27.5447349
47.1667343,27.5490272
47.1667366,27.551361
47.1667859,27.5538499
47.1668275,27.5558711
47.1668435,27.5567493
47.166149,27.5586727
47.1632525,27.5645286
47.1623082,27.5666328
47.1621815,27.566878
47.1604414,27.5744555
47.1599722,27.5732168
47.16129,27.5733453
47.1645357,27.572041
47.1655714,27.5714835
47.1671107,27.5734906
47.1665985,27.5770618
47.1657589,27.5801665
47.165681,27.5804749
47.165555,27.5812447
47.1667181,27.5826901
47.1674056,27.5830122
47.1678028,27.5813703
47.1679303,27.5809932
47.1685984,27.5793537
47.1703156,27.5760687
47.1739382,27.5729906
47.1755296,27.5716848
47.1787725,27.5689828
47.1810356,27.5670982
47.183621,27.5648161
47.1858375,27.5629492
47.1894901,27.5598906
47.1910332,27.5584994
47.1959812,27.5540533
47.1976179,27.5492003
47.1984468,27.5445632
47.2006064,27.5389311
47.2013462,27.536817
47.2043814,27.5326786
47.2097103,27.5314972
47.2079372,27.5311571
47.2026199,27.5349331
47.200804,27.5380946
47.1997205,27.5418711
47.1983392,27.5450189
47.1973493,27.5509757
47.1947541,27.5554117
47.1906594,27.5585994
47.189257,27.5600323
47.1866467,27.5622285
47.1855235,27.5632073
47.1845098,27.5640919
47.1813334,27.5667564
47.1799646,27.5679436
47.1764408,27.5707853
47.1751026,27.5719592
47.1749014,27.5721307
47.1714195,27.5750092
47.1689845,27.5766838
47.1670201,27.5773192
47.167259,27.5742856
47.1663603,27.5717075
47.1663292,27.5716762
47.1657039,27.5713261
47.1634018,27.5726444
47.159334,27.5738245
47.1607326,27.5740996
47.1625996,27.565896
47.1634075,27.5643793
47.1656743,27.5595098
47.1668447,27.5570407
47.166784,27.5545924
47.16682,27.5497939
47.1667373,27.5456268
47.1681603,27.5416282
47.1693793,27.5402645
47.1694002,27.5402772
47.1694,27.5402235
47.1693935,27.54023
47.169364,27.5402489
47.169328,27.5402281
47.1693215,27.5402304
47.1693085,27.5401884
47.1675088,27.5423902
47.1667792,27.5467058
47.1668007,27.5513494
47.1667954,27.553048
47.1668138,27.5559409
47.1667985,27.5570147
47.1645755,27.5619187
47.162546,27.5661018
47.1622496,27.5667357
47.1614194,27.5691045
47.1600558,27.5732104
47.1605563,27.5731826
47.1649508,27.5718189
47.1658612,27.571393
47.1668662,27.5761305
47.165771,27.5800926
47.1655306,27.5811909
47.167074,27.5830497
47.1675439,27.5823369
47.1685852,27.5794715
47.1709878,27.5754303
47.1734176,27.5733977
47.1757547,27.5713735
47.1788131,27.5688567
47.1808916,27.5671313
47.1835932,27.5648043
47.1858391,27.5629521
47.1901338,27.5593098
47.1924879,27.5572798
47.1963852,27.5533423
47.1977015,27.548742
47.1989735,27.5427905
47.2006251,27.538656
47.2012332,27.5369575
47.2045526,27.5324135
47.2082457,27.5312941
47.2096858,27.5315197
47.2096863,27.5315198
47.2096862,27.5315196
47.2096862,27.5315189
47.2094665,27.5314154
47.2031717,27.5341718
47.2012648,27.5369575
47.2003429,27.5410221
47.1984465,27.5447299
47.1973617,27.5505765
47.1952797,27.5549162
47.1911096,27.5583785
47.1893754,27.5598804
47.1863295,27.5624895
47.1843897,27.5641701
47.1803993,27.5674794
47.1782474,27.56935
47.174814,27.572112
47.1742405,27.572656
47.1735475,27.5732454
47.1703563,27.5758639
47.1686836,27.5768197
47.1679215,27.5770592
47.1667697,27.5774167
47.1664734,27.5774565
47.1667649,27.5728789
47.1663075,27.5717273
47.1657352,27.5711688
47.1633325,27.5726315
47.1610284,27.5730921
47.1589144,27.5744467
47.1609292,27.5721522
47.1632368,27.5646181
47.1648773,27.5612604
47.1667315,27.5569113
47.1667394,27.5532144
47.1667862,27.5496956
47.1667311,27.5439452
47.1689106,27.5407466
47.1688802,27.540717
47.1688988,27.5407692
47.1689381,27.5408055
47.1689374,27.5408
47.1689215,27.5407734
47.1689175,27.5407747
47.1688924,27.5407694
47.1688944,27.5407704
47.1689113,27.5407581
47.1691403,27.540306
47.1691408,27.5403074
47.1691412,27.5403094
47.1691421,27.5403118
47.1691279,27.5403351
47.1691288,27.5403163
47.1691292,27.5403174
47.1687032,27.5408829
47.166843,27.5431453
47.1668511,27.548141
47.1668768,27.5508551
47.1668673,27.5543442
47.1668213,27.555967
47.1668695,27.5568673
47.165034,27.5609615
47.1631951,27.5645577
47.1622462,27.5667564
47.1603617,27.5745193
47.1604382,27.5731914
47.1630657,27.5728771
47.1655824,27.5715266
47.1670732,27.5732975
47.166162,27.5784322
47.165567,27.5810169
47.1663212,27.5823988
47.1674971,27.5827446
47.1685509,27.5794379
47.1697998,27.5769863
47.1726862,27.5740011
47.1753673,27.5717318
47.1780226,27.5694266
47.1791517,27.5684884
47.1809717,27.5670412
47.1831632,27.5651608
47.1856511,27.5630743
47.1873775,27.5615681
47.1906677,27.5591189
47.1939033,27.5560091
47.197034,27.5521571
47.1980075,27.5469516
47.1997574,27.5417316
47.200841,27.537958
47.2024062,27.5350615
47.206578,27.5306685
47.2094611,27.531655
47.209446,27.5316387
47.2094945,27.5317424
47.2094932,27.5317398
47.2096746,27.5315427
47.2096511,27.5315334
47.209658,27.5315389
47.2073219,27.5309511
47.2025776,27.534927
47.2007733,27.5381102
47.199638,27.5419511
47.1983677,27.5450168
47.1973455,27.550793
47.1949819,27.5551494
47.1905677,27.5585705
47.1874226,27.5616073
47.1848392,27.5638231
47.1814215,27.5667492
47.1796947,27.5682386
47.1755236,27.5716354
47.1746128,27.5723767
47.1715362,27.5748898
47.170494,27.5758473
47.1686947,27.5767454
47.1668944,27.5756785
47.1665018,27.5720856
47.1656244,27.5712796
47.1628926,27.5728372
47.1607192,27.5731015
47.1601593,27.5748634
47.1620229,27.5671581
47.1630881,27.56501
47.1637169,27.5636071
47.1665396,27.5576044
47.1668055,27.5557818
47.1667752,27.5539677
47.1667943,27.5497512
47.1667496,27.5465549
47.1671405,27.5427865
47.1691004,27.5405247
47.1691014,27.5405326
47.1691007,27.5405322
47.1690988,27.5405326
47.1690986,27.5405317
47.1686722,27.5409278
47.166718,27.5442868
47.1667499,27.5494336
47.1668036,27.5544218
47.1667654,27.5566036
47.1667317,27.5575029
47.1647926,27.5616349
47.1632573,27.5645178
47.1623097,27.5665944
47.1613954,27.5690963
47.1593641,27.5751694
47.1615957,27.5733598
47.1656152,27.5714984
47.1670688,27.5753485
47.165803,27.5799354
47.165524,27.581244
47.1670795,27.5829854
47.1670852,27.5829835
47.1674927,27.5825931
47.1686349,27.5793092
47.1689978,27.5782789
47.1723407,27.574278
47.1753346,27.5717419
47.175757,27.5714197
47.1809042,27.5671223
47.1832231,27.5651048
47.1855285,27.5631212
47.1885415,27.5606425
47.1908218,27.5589799
47.1959982,27.5539847
47.1974166,27.5504028
47.1984564,27.5445208
47.2005868,27.539015
47.2017337,27.5359126
47.2057173,27.5309437
47.209699,27.531469
47.2096982,27.5314708
47.209696,27.5314696
47.209693,27.531469
47.2096917,27.5314678
47.2096918,27.5314682
47.2096327,27.5313554
47.2034363,27.5338854
47.2008792,27.5379665
47.1996649,27.541802
47.1983808,27.5448014
47.1974079,27.5505773
47.1943573,27.5556739
47.1904352,27.5587077
47.1866353,27.562274
47.1847045,27.5638827
47.1814806,27.5666612
47.1803478,27.5677276
47.1770302,27.5703437
47.1748147,27.5721462
47.173602,27.5731809
47.1711242,27.5752201
47.1687145,27.5767684
47.166484,27.5775748
47.1665467,27.572072
47.1663194,27.571624
47.1640914,27.572214
47.1595537,27.5734728
47.1609552,27.5725389
47.162823,27.5652507
47.1636498,27.563792
47.1663581,27.5579299
47.1667792,27.5557035
47.1667422,27.5544013
47.1667566,27.5510098
47.1666981,27.5477387
47.1668709,27.5431263
47.1689426,27.5407188
47.169015,27.5405376
47.1690148,27.5405386
47.1690165,27.5405399
47.1690179,27.5405404
47.1690184,27.5405409
47.1690184,27.5405421
47.1690185,27.5405429
47.1690815,27.5403376
47.1690875,27.5403274
47.1690874,27.5403321
47.1690881,27.5403321
47.1684485,27.5411915
47.1667267,27.5446918
47.1667689,27.5504862
47.1668179,27.5547908
47.1668227,27.556987
47.1636228,27.5637781
47.1629492,27.5651424
47.1612793,27.5694074
47.159974,27.5732299
47.1635018,27.5726336
47.1656953,27.571365
47.1668965,27.5758284
47.1655103,27.5810376
47.1670684,27.5830058
47.168305,27.5799939
47.1689814,27.578304
47.1721307,27.5744522
47.1754903,27.5716508
47.1782051,27.5693122
47.1810195,27.5670279
47.1836159,27.5647916
47.1860967,27.5626451
47.1905996,27.5591512
47.1927775,27.5568956
47.196388,27.5533153
47.1975709,27.5494587
47.1997703,27.541702
47.1658413,27.5705365
47.1658424,27.5705425
47.165843,27.5705438
47.1658366,27.5705625
47.1658368,27.5705621
47.1658376,27.5705619
47.1658382,27.5705629
47.1658387,27.5705626
47.1658393,27.5705627
47.1658227,27.5705752
47.165829,27.5705925
47.1658687,27.5705734
47.1658436,27.5705694
47.1658759,27.5705783
47.165877,27.5705794
47.1658776,27.5705801
47.1658729,27.5705774
47.1658696,27.5705753
47.1659755,27.5707117
47.1663942,27.57179
47.1668777,27.5760861
47.165612,27.5806894
47.1670253,27.582976
47.1669726,27.584794
47.1655856,27.5901722
47.1644166,27.5912258
47.1655175,27.5927592
47.1666614,27.5937181
47.1663039,27.597429
47.1688011,27.5998344
47.173349,27.5988581
47.1787015,27.5980511
47.1841133,27.59704
47.179963,27.6037265
47.1776853,27.6091994
47.1785339,27.6138405
47.1759471,27.6177926
47.1770109,27.6169999
47.1761871,27.6176511
47.1761883,27.6176493
47.1761868,27.6176309
47.1761993,27.6176035
47.1762015,27.6176066
47.1762016,27.6176042
47.1762181,27.6176232
47.176211,27.6176611
47.1762109,27.6176276
47.1762082,27.6176323
47.1762082,27.6176329
47.1762248,27.6176435
47.17619,27.6176638
47.1761909,27.6176656
47.1761914,27.6176663
47.1761817,27.617669
47.1761614,27.6176715
47.1761629,27.6176731
47.1762027,27.6176814
47.1761947,27.6176563
47.1762075,27.6176465
47.1761886,27.6176394
47.176176,27.617648
47.1761589,27.6176531
47.1761636,27.6176539
47.1761639,27.6176554
47.176165,27.6176565
47.1761662,27.6176562
47.1761686,27.6176567
47.1760958,27.6165126
47.1791245,27.6094192
47.1771228,27.6067292
47.1841307,27.5970408
47.1765363,27.5981156
47.169559,27.599881
47.1663251,27.5968328
47.1668612,27.5939649
47.165466,27.5907979
47.1655852,27.5904627
47.1675866,27.5821896
47.1676406,27.5818792
47.1686335,27.5792263
47.1690872,27.5766601
47.1673212,27.5742182
47.1663332,27.5719375
47.1661729,27.5712901
47.1657224,27.5699675
47.1658269,27.5704967
47.165794,27.5705235
47.1658285,27.5705728
47.1658291,27.5705733
47.1658466,27.5705359
47.1670907,27.573384
47.165706,27.5802713
47.1669213,27.5828752
47.1672551,27.5831884
47.1667865,27.5854683
47.164664,27.5910259
47.1651286,27.5923988
47.166727,27.5935856
47.1661953,27.5986762
47.1695525,27.5999106
47.1759419,27.5981247
47.1825268,27.5975217
47.1805222,27.6033179
47.1768519,27.6074458
47.1799,27.6101778
47.1766661,27.6162018
47.1761006,27.6176487
47.1770713,27.6170325
47.1761718,27.6175724
47.1757755,27.6184057
47.1785819,27.6137826
47.1780543,27.6095269
47.1785824,27.604904
47.183669,27.5978802
47.1807201,27.5979129
47.1742794,27.5985465
47.1702776,27.5998342
47.1670831,27.5984208
47.166917,27.5942507
47.1654025,27.5908724
47.165931,27.58924
47.1675923,27.5822641
47.1678379,27.5811818
47.1690827,27.5779886
47.1688903,27.5767926
47.1672755,27.5744442
47.1665529,27.5722954
47.1663385,27.5716677
47.1661736,27.571244
47.1658205,27.5705976
47.1658716,27.5705593
47.1673052,27.5739064
47.1660647,27.5789108
47.1656754,27.5807855
47.1672113,27.5830662
47.1672071,27.58334
47.1664002,27.587177
47.1645426,27.5910719
47.1647075,27.5921545
47.1664947,27.5934221
47.1669998,27.5950902
47.1670793,27.5996447
47.1723727,27.5991879
47.1788224,27.5980135
47.1841057,27.5970593
47.1815539,27.602402
47.1771972,27.6082985
47.1787502,27.6133329
47.1756254,27.6186105
47.1768202,27.6171344
47.176467,27.6174332
47.1761629,27.6176615
47.1748836,27.6183843
47.1788916,27.6127601
47.1769741,27.6076653
47.1817282,27.6019079
47.1833983,27.5972383
47.1789474,27.5980483
47.1732677,27.5989376
47.1679307,27.5989303
47.1669613,27.5942458
47.1653891,27.5908783
47.1658786,27.5893551
47.1675373,27.5824762
47.1682277,27.5802542
47.1698623,27.5765569
47.1665537,27.5771684
47.1664433,27.5719481
47.166287,27.5716693
47.1656107,27.5701083
47.1658093,27.5705706
47.1659684,27.5706348
47.1657334,27.5802572
47.1655182,27.5819088
47.1666879,27.5859903
47.165956,27.5888973
47.1665249,27.5934329
47.1670323,27.5947861
47.1670117,27.599627
47.1730688,27.5989388
47.1789914,27.5980087
47.1842396,27.5973565
47.1796811,27.6040032
47.1778037,27.6093487
47.1782082,27.61462
47.1748553,27.6176209
47.1766858,27.6172241
47.1775271,27.6168295
47.1762433,27.6175726
47.1761721,27.6176469
47.1761611,27.617634
47.1761673,27.6176194
47.1749177,27.618412
47.178929,27.612439
47.1769599,27.6078466
47.1814663,27.6022681
47.1835827,27.597195
47.1795119,27.5980496
47.1734261,27.5988973
47.1683498,27.5995578
47.1662741,27.5971562
47.1652642,27.5925036
47.165354,27.5911225
47.1658848,27.589359
47.1672645,27.5833379
47.1681131,27.5804062
47.1692663,27.5773267
47.1671881,27.5772325
47.1667232,27.5727819
47.1663327,27.572019
47.1657077,27.570555
47.1658437,27.5706445
47.1658358,27.5706205
47.1658364,27.5706232
47.1658374,27.5706241
47.1658388,27.5706231
47.165795,27.570639
47.1658019,27.5706349
47.1658032,27.5706335
47.1658275,27.5705628
47.1658279,27.5705534
47.1658304,27.5705522
47.1658302,27.570551
47.1658397,27.5704856
47.1658379,27.5704872
47.1658768,27.5705566
47.1658418,27.5705669
47.1658368,27.5705674
47.1658327,27.5705733
47.1658526,27.5705051
47.1658517,27.5705282
47.1658513,27.5705285
47.1658523,27.5705077
47.1658689,27.5705492
47.1658679,27.5705495
47.1658707,27.5705941
47.1658466,27.5705811
47.1658362,27.5705691
47.1658347,27.5706065
47.1658296,27.5706019
47.1658077,27.5706026
47.1658012,27.5705583
47.1657549,27.5705167
47.1657617,27.5705436
47.1657654,27.5705499
47.1657671,27.5705503
47.1657953,27.5705514
47.1658058,27.5705602
47.1658096,27.5705573
47.1658129,27.5705553
47.1658224,27.5705365
47.1658243,27.5705187
47.1658396,27.5704872
47.1658383,27.5704857
47.1658899,27.5705318
47.1671588,27.5737903
47.1663565,27.577615
47.1656314,27.5807626
47.1670649,27.5843907
47.1653664,27.5905379
47.1645403,27.5912966
47.1645359,27.5912939
47.1659724,27.5929994
47.1668807,27.5941596
47.1670121,27.5996409
47.1722825,27.599228
47.1798149,27.5979975
47.183709,27.5979784
47.1775375,27.6063301
47.179657,27.6091159
47.1776873,27.6154419
47.1759019,27.6178953
47.1767086,27.6171519
47.1764307,27.617471
47.1761731,27.6176786
47.176157,27.617734
47.1761731,27.6177253
47.1761669,27.6177425
47.1761326,27.6177783
47.1749984,27.6185768
47.179736,27.6101224
47.1769969,27.6070905
47.182542,27.6005508
47.1817463,27.5977167
47.1759165,27.5981963
47.1690929,27.5998824
47.1668826,27.594324
47.1653108,27.5913107
47.1655981,27.5903718
47.1665086,27.5868661
47.1671096,27.584205
47.1678036,27.5813017
47.1686652,27.5793219
47.1693746,27.5771793
47.1668679,27.575907
47.1659815,27.5701169
47.1657909,27.5705942
47.1657634,27.5705842
47.1657585,27.5705851
47.1656685,27.5706068
47.1656762,27.5706139
47.1656951,27.5705865
47.1656974,27.5705826
47.1656973,27.5705859
47.1656993,27.5705881
47.1657044,27.5705891
47.1657054,27.5705895
47.1657065,27.5705898
47.1657086,27.5705911
47.1657103,27.5705914
47.1657143,27.5705929
47.1657165,27.5705939
47.1657183,27.5705556
47.165721,27.5705574
47.1657216,27.5705576
47.1657219,27.5705582
47.1657203,27.5705486
47.1657704,27.5705798
47.1657768,27.5705731
47.1657893,27.5705785
47.1657751,27.570567
47.1658022,27.5705141
47.1658026,27.5705156
47.1657864,27.5705474
47.1658311,27.5705507
47.1658081,27.5705675
47.1658262,27.570493
47.165822,27.5704935
47.1658196,27.5704937
47.1658198,27.5704979
47.1658145,27.5706327
47.1657863,27.5706157
47.165804,27.5706001
47.1657992,27.5705142
47.1657999,27.5705175
47.1657764,27.5705122
47.1657756,27.5705123
47.1657767,27.5705156
47.1657779,27.5705173
47.165778,27.5705194
47.1658219,27.5706144
47.1658225,27.570616
47.1658221,27.5706172
47.1658223,27.5706182
47.1658217,27.5706175
47.1658218,27.5706182
47.1658213,27.5706187
47.1659329,27.5706712
47.1659223,27.5706588
47.1671785,27.5736388
47.1657915,27.5798944
47.1654154,27.5815772
47.1671118,27.5838827
47.1665378,27.5863448
47.1644967,27.5910694
47.1660634,27.5930653
47.1662497,27.5988236
47.17015,27.5998013
47.1766336,27.5981125
47.1824421,27.5975438
47.1809325,27.6029928
47.1772667,27.6085702
47.1791171,27.6122514
47.1748307,27.617751
47.1760683,27.6176422
47.1770276,27.6169746
47.1761516,27.6176179
47.1761522,27.6176358
47.1761253,27.6176406
47.1761254,27.6176407
47.1761269,27.6176436
47.1761856,27.6176477
47.176205,27.617643
47.1761914,27.6176841
47.1761994,27.6176637
47.1761988,27.6176636
47.176222,27.6176508
47.1761967,27.6176629
47.1761817,27.6176491
47.1761895,27.6176216
47.1762162,27.6176242
47.1762496,27.6176495
47.1762274,27.6175887
47.1761673,27.6177636
47.1761836,27.6176504
47.176179,27.61754
47.1761614,27.6176048
47.1761427,27.6175461
47.1761409,27.6176159
47.1761462,27.6175582
47.1761641,27.6176149
47.1761636,27.6176122
47.1761661,27.6176195
47.1761763,27.617626
47.1761762,27.6176263
47.1761449,27.6177583
47.1761812,27.6177506
47.1782404,27.6145219
47.1771873,27.6084174
47.1792952,27.6042084
47.1832899,27.5986282
47.1808365,27.5979133
47.1740169,27.5986423
47.1680734,27.5991264
47.1663237,27.5967713
47.1649747,27.5923114
47.1652377,27.5916007
47.1661027,27.5884767
47.1677025,27.5818313
47.1685402,27.5794049
47.1696404,27.5763131
47.1671795,27.5747442
47.1663025,27.5715825
47.1660551,27.5709606
47.1659127,27.5706683
47.1667791,27.5726146
47.1661869,27.5782279
47.1656068,27.5819521
47.1666307,27.5859136
47.1646061,27.5910028
47.1645772,27.592048
47.1668617,27.5941636
47.1661933,27.5986509
47.1706103,27.5997436
47.1783046,27.5980156
47.1826731,27.5974995
47.1807218,27.6031676
47.177357,27.6087321
47.1790725,27.6122236
47.1749303,27.6174978
47.1763291,27.6174371
47.1764577,27.6173902
47.1761459,27.6176715
47.1761716,27.6177298
47.1761743,27.6176808
47.17615,27.6176549
47.1761795,27.6176459
47.1762025,27.617644
47.1762035,27.6176453
47.1762087,27.6176784
47.1761808,27.6176951
47.1761541,27.6176771
47.1761434,27.6176895
47.1761205,27.6176416
47.1761289,27.6176131
47.1761342,27.6176203
47.1761362,27.6176215
47.1761378,27.6176217
47.1761387,27.6176213
47.1761569,27.6176252
47.1761577,27.6176246
47.1761525,27.6176042
47.1761525,27.6176053
47.1761512,27.6176085
47.1761377,27.617635
47.176139,27.6176342
47.1761405,27.6176331
47.1761427,27.6176313
47.1761443,27.61763
47.1761465,27.6176282
47.1761478,27.6176268
47.1761498,27.6176257
47.1761515,27.6176252
47.1761528,27.6176257
47.1761534,27.6176261
47.1761534,27.617627
