47.1557631,27.5703492
47.1546439,27.5704043
47.1543207,27.5703353
47.1538523,27.5704459
47.1520452,27.572361
47.1505451,27.5739581
47.1496205,27.5750943
47.1480062,27.5784079
47.1460961,27.5812518
47.1443735,27.5821644
47.147658,27.5842933
47.150253,27.5865318
47.1510347,27.5877127
47.1530769,27.5881066
47.1548054,27.5862565
47.1591296,27.5865711
47.1599027,27.5887904
47.1614453,27.5941379
47.1633609,27.5934742
47.1640706,27.5922566
47.1652089,27.5907253
47.165198,27.5907011
47.1658071,27.589276
47.1662483,27.587728
47.1674656,27.5825741
47.1676919,27.5816662
47.1688999,27.5786371
47.1710808,27.5752476
47.1749621,27.5720694
47.1760011,27.5712188
47.1790078,27.5686974
47.1809052,27.5669396
47.1816914,27.5667494
47.1804007,27.5674951
47.1792462,27.5685695
47.175597,27.5715588
47.1748732,27.5720842
47.173622,27.5731918
47.171126,27.5752389
47.1690407,27.57782
47.1678035,27.5809945
47.1674003,27.5827371
47.1661468,27.5881231
47.1661468,27.5881478
47.1645164,27.5910957
47.1643004,27.5916563
47.162181,27.5946573
47.1612943,27.5932477
47.1598597,27.5886119
47.1596723,27.5882376
47.158747,27.5855161
47.1547981,27.5863287
47.1536056,27.587415
47.1532821,27.5878067
47.1497602,27.5860719
47.1486114,27.5850946
47.1454546,27.5824226
47.1450635,27.5816167
47.1461331,27.5811057
47.1481833,27.5780628
47.1500535,27.5744707
47.1517092,27.5726516
47.1529557,27.571227
47.1533032,27.5708534
47.1559769,27.5701596
47.1576991,27.570355
47.1603428,27.5708133
47.1622059,27.570109
47.1616044,27.5684464
47.1632562,27.5646661
47.1642849,27.5624277
47.1662153,27.5582565
47.1668757,27.5573017
47.1668048,27.5559359
47.1667531,27.5522489
47.1667575,27.5498425
47.1667241,27.5456544
47.1679811,27.5417969
47.1690512,27.5405802
47.1690881,27.5405493
47.1691051,27.5405294
47.1690974,27.5405436
47.1690848,27.5405366
47.1694818,27.5399385
47.1684816,27.5411672
47.1667101,27.5446972
47.1668097,27.5498955
47.1668691,27.5515159
47.166889,27.5556582
47.1669673,27.5563452
47.1666319,27.5577378
47.1646121,27.5616809
47.1632222,27.5644662
47.1621218,27.5667126
47.1618658,27.5672959
47.1606624,27.5694831
47.159922,27.5705232
47.1565441,27.5704218
47.1557595,27.5704732
47.155009,27.5704582
47.1549302,27.5704776
47.154038,27.5704737
47.1540356,27.5704761
47.1517456,27.5726352
47.1500602,27.574577
47.1492269,27.5755771
47.1469694,27.5799724
47.1446823,27.5822322
47.1446529,27.5818006
47.1489563,27.5853338
47.1500541,27.5862228
47.150901,27.5870585
47.1539259,27.5872483
47.1548761,27.5861849
47.1591996,27.586782
47.1593588,27.5874274
47.1613766,27.5938333
47.1617257,27.5947942
47.1642057,27.5917855
47.1655633,27.5902813
47.1661787,27.5880519
47.1672621,27.5831857
47.1676967,27.5814529
47.1685119,27.5794049
47.1696793,27.5770374
47.1726407,27.5739562
47.1736701,27.5731215
47.1754472,27.5716464
47.1778265,27.5696791
47.1809868,27.5670502
47.1816193,27.5666654
47.180372,27.5674939
47.1780021,27.5695934
47.1757557,27.5714647
47.174422,27.5724692
47.1734272,27.573338
47.169332,27.5768301
47.1678976,27.5807464
47.1675273,27.5824052
47.16613,27.5883458
47.1646017,27.5909348
47.1639235,27.5924819
47.1612677,27.5934276
47.159897,27.5886811
47.1595883,27.5880059
47.1583298,27.5851396
47.1557354,27.5853925
47.1691217,27.5405296
47.1689811,27.5404797
47.167103,27.5428678
47.1667301,27.545378
47.1667742,27.5505308
47.1667819,27.5543453
47.1667281,27.5558422
47.1667827,27.5567552
47.1657957,27.5593121
47.1636256,27.5638808
47.1626775,27.5656124
47.1611369,27.5689204
47.1597894,27.5704889
47.1569915,27.5704058
47.1565165,27.5704295
47.1555773,27.5704146
47.1546991,27.5704789
47.1538419,27.5705167
47.1536911,27.5706208
47.1525318,27.571956
47.1518187,27.5726155
47.1496037,27.5750542
47.1469693,27.5800461
47.1445938,27.5822032
47.1442783,27.5815195
47.1499297,27.58621
47.1508803,27.5870929
47.153264,27.5879765
47.1544314,27.5867249
47.1560639,27.5852978
47.1585938,27.5854354
47.1599376,27.5891311
47.1606155,27.5912819
47.1618359,27.5949354
47.1636221,27.5929376
47.1658589,27.5893803
47.166608,27.5860634
47.1674375,27.5825574
47.1683252,27.5797988
47.1695871,27.5770865
47.1728537,27.5738368
47.1755403,27.5716059
47.1770154,27.5703837
47.1810449,27.5670555
47.181577,27.5666561
47.1799012,27.5679521
47.1767543,27.5705756
47.1752045,27.5718627
47.1741015,27.5727611
47.1735371,27.5732531
47.1700501,27.5761416
47.1682919,27.579903
47.1677998,27.5812027
47.1668083,27.5853263
47.1660327,27.5886606
47.1646014,27.5910064
47.1636441,27.5930056
47.1611689,27.5930545
47.1606198,27.5915304
47.1596737,27.5883017
47.1571538,27.5850329
47.1540356,27.5871139
47.1521594,27.5879021
47.1504814,27.5868369
47.1494252,27.5859485
47.1504204,27.5740266
47.1523163,27.5720097
47.1540472,27.5702077
47.1562446,27.570368
47.1598726,27.5704194
47.1609002,27.5713696
47.1618232,27.5694992
47.1623315,27.5664577
47.163441,27.5643167
47.1647376,27.5616387
47.1666984,27.5575548
47.1667732,27.5552209
47.1667783,27.5513004
47.1667998,27.5497284
47.1667073,27.5441441
47.1683527,27.5413779
47.1690594,27.5405294
47.1690658,27.5405089
47.1690938,27.5404847
47.1690925,27.5404871
47.1690606,27.5405199
47.1690649,27.5405251
47.1690742,27.5405373
47.1690922,27.5405396
47.168648,27.5410014
47.1668822,27.5431597
47.1667854,27.5463727
47.166776,27.5512375
47.1668539,27.5534064
47.1667974,27.5558072
47.1638674,27.5633027
47.1631608,27.5646101
47.1613906,27.5682628
47.1599342,27.5704741
47.1575591,27.5703671
47.1552656,27.5704475
47.1538445,27.5705104
47.1522402,27.5721084
47.150216,27.5742848
47.148518,27.577242
47.1465822,27.5806052
47.1446131,27.5822103
47.1466734,27.5834729
47.1502731,27.5865247
47.1511501,27.5878201
47.1529246,27.5882695
47.1543189,27.5867745
47.1567234,27.5850075
47.158637,27.5854522
47.1594513,27.5878304
47.1606311,27.5915501
47.1617129,27.5948407
47.1640987,27.5920517
47.1650129,27.5906996
47.1658714,27.588888
47.1670317,27.5844424
47.1677758,27.5812829
47.1685671,27.5793411
47.1699535,27.5765629
47.1726817,27.5739528
47.1755104,27.5716091
47.1774606,27.5699768
47.1809427,27.567082
47.1815237,27.5669612
47.1815237,27.56696
47.1816313,27.5668827
47.1586482,27.5703917
47.1605231,27.5710526
47.1615465,27.5691867
47.1531452,27.6015622
47.1522707,27.602644
47.1336086,27.575727
47.133597,27.5757309
47.1335999,27.5757261
47.1336605,27.5757191
47.1336792,27.5756696
47.1336883,27.5754454
47.1336461,27.5751594
47.1338019,27.5801735
47.135446,27.5866454
47.135858,27.5896502
47.1364076,27.5941778
47.1368516,27.6006663
47.1371013,27.6032506
47.1371819,27.6049839
47.1371626,27.6052306
47.1372596,27.6061115
47.1409339,27.6009144
47.1421608,27.5991152
47.1435163,27.5970203
47.1455044,27.5943656
47.1470298,27.5925638
47.1475056,27.592193
47.1498913,27.5953188
47.1513493,27.5971131
47.1537774,27.6012109
47.1538626,27.603465
47.1542564,27.6040798
47.1567194,27.6032238
47.1585419,27.6013214
47.159062,27.5999016
47.1603782,27.5975042
47.1613438,27.5956534
47.1632403,27.5937918
47.1640983,27.5921027
47.1658147,27.5893692
47.1665141,27.5864626
47.1673005,27.5830458
47.1677197,27.5814495
47.1684942,27.5795352
47.1688464,27.578659
47.1710404,27.5753354
47.17281,27.5738399
47.1747224,27.572211
47.1749111,27.5719797
47.1754691,27.5716108
47.1785802,27.5690396
47.1801501,27.5676929
47.1825292,27.5657262
47.1850955,27.5635077
47.1875358,27.5615051
47.1908365,27.5590073
47.1904884,27.5586136
47.1904635,27.5586522
47.1904594,27.5586481
47.1874906,27.5614996
47.1863438,27.5625826
47.1848439,27.5637839
47.1805553,27.5674537
47.1792806,27.5685697
47.1774738,27.5700158
47.1748101,27.5721426
47.1728425,27.5739
47.1694425,27.5765436
47.1684027,27.5796702
47.1679173,27.5808086
47.1675616,27.5823434
47.166555,27.5861342
47.1657777,27.5896769
47.1644726,27.591126
47.1622994,27.5946514
47.1611742,27.5958872
47.1593887,27.5994999
47.1577892,27.6022068
47.1566656,27.6033533
47.1553065,27.604346
47.1542525,27.6041051
47.1535569,27.6003329
47.150776,27.5964626
47.1495835,27.5949039
47.1477076,27.5923655
47.1476531,27.5923208
47.1465974,27.5929096
47.1459243,27.5937267
47.1441336,27.5961579
47.1413488,27.6001786
47.1394348,27.6030779
47.1371909,27.6057815
47.136935,27.6016222
47.136722,27.5982107
47.1365549,27.5957026
47.1362664,27.5927254
47.1356245,27.5878763
47.1352764,27.5837522
47.1336554,27.5790402
47.1341137,27.5752732
47.1336478,27.5757641
47.1336477,27.5757628
47.1336744,27.5757613
47.133685,27.5757609
47.133685,27.5758051
47.1336842,27.5758032
47.1336723,27.5755195
47.1336337,27.5755328
47.1336383,27.5755444
47.1336665,27.5755117
47.1336667,27.5755109
47.1336233,27.5751268
47.1340156,27.5761252
47.1343374,27.5808583
47.1354776,27.5866881
47.1361105,27.5910568
47.1364777,27.5946694
47.1368703,27.6007342
47.1371609,27.6050454
47.1372523,27.6052936
47.1401886,27.6020243
47.1423773,27.5987227
47.1447031,27.5954272
47.1460542,27.5937546
47.1482863,27.5932088
47.149975,27.5953771
47.1515668,27.5975495
47.1531762,27.5997218
47.1538925,27.6029343
47.1550518,27.604304
47.1574615,27.602472
47.1588187,27.6009846
47.1601662,27.5981025
47.1617471,27.595157
47.1636513,27.5929926
47.1640944,27.5920547
47.1658807,27.5893903
47.1667675,27.5855853
47.1673591,27.5828063
47.1677267,27.581367
47.1677354,27.581348
47.1687568,27.5790072
47.1701046,27.5762169
47.1733772,27.5734044
47.17555,27.5715133
47.1785546,27.5690258
47.1792757,27.5684057
47.1810476,27.5670672
47.184311,27.5641516
47.1859788,27.5627711
47.1907339,27.5590657
47.1908051,27.5589673
47.1906978,27.5588487
47.1905958,27.5585813
47.1906159,27.5585918
47.1906354,27.5585682
47.1906278,27.5585621
47.1906812,27.5585511
47.1906596,27.5585961
47.1906624,27.5585443
47.1906627,27.5585684
47.1906238,27.5585358
47.1906449,27.5586113
47.1906368,27.55856
47.1892802,27.5600122
47.1863037,27.5625904
47.1844821,27.5641197
47.1819072,27.5663083
47.1804327,27.5675201
47.178056,27.5695913
47.1770904,27.5703636
47.1760003,27.5712721
47.1748217,27.5722098
47.1736941,27.5731147
47.1714595,27.5750162
47.1692968,27.5770614
47.1681611,27.5802524
47.1674227,27.5827095
47.1669212,27.5850562
47.1661031,27.5884615
47.1659831,27.5888186
47.1642839,27.5914128
47.1627506,27.594369
47.1613297,27.5956621
47.159404,27.599477
47.1577167,27.6023106
47.1560359,27.6040033
47.1540255,27.6039984
47.1536475,27.6006878
47.1508283,27.5965601
47.148261,27.5931737
47.1476869,27.5924841
47.1475105,27.5921227
47.1467164,27.5929843
47.1449076,27.5950968
47.1432383,27.5974098
47.1410627,27.6007083
47.1389849,27.6037686
47.1376829,27.6057296
47.1369649,27.6019645
47.1365986,27.5968828
47.1364148,27.5946202
47.1357955,27.5891113
47.1353236,27.585809
47.133806,27.5801034
47.1339853,27.5757088
47.1336993,27.5761571
47.1336266,27.5756708
47.1336457,27.5756643
47.1339529,27.5752387
47.1352578,27.5835916
47.1354958,27.5868168
47.1363142,27.5930303
47.1366908,27.597908
47.1370375,27.6027899
47.1371248,27.6038846
47.1372035,27.6050055
47.139537,27.6030094
47.1419894,27.5992269
47.1430644,27.5976313
47.1904572,27.5585583
47.1601083,27.5982172
47.1587827,27.6005894
47.1440524,27.5962269
47.1610345,27.5961245
47.1613509,27.5956736
47.1632125,27.5937239
47.1639524,27.5923673
47.1658333,27.5895518
47.1662944,27.5875446
47.1676647,27.5817766
47.1681098,27.5803567
47.1691977,27.5776771
47.1722701,27.5743586
47.1745209,27.5725212
47.175542,27.5716619
47.1798007,27.5680026
47.1817645,27.5663662
47.1842566,27.5642696
47.1862253,27.5625668
47.1898707,27.559501
47.190728,27.5591045
47.1907197,27.5590467
47.1906298,27.5584164
47.190668,27.5584219
47.1905726,27.5582318
47.190663,27.5583508
47.19073,27.5583733
47.1902569,27.5591869
47.1868121,27.5621759
47.1862621,27.5626576
47.1845521,27.5641063
47.1813553,27.5667985
47.1804554,27.5675363
47.1795655,27.5683828
47.177041,27.5703634
47.1749249,27.5720415
47.1745225,27.5724494
47.1707185,27.5755694
47.1686195,27.5792324
47.1678894,27.5809719
47.1670583,27.584227
47.1661102,27.588313
47.1650937,27.59077
47.1645137,27.5911072
47.1624089,27.5946397
47.1611625,27.5959093
47.1590723,27.6001658
47.1588284,27.6010522
47.1567541,27.6033113
47.1563254,27.6040401
47.1561396,27.6040393
47.1538653,27.603603
47.1511303,27.5969867
47.1507943,27.5964812
47.1497371,27.5951394
47.1473338,27.5920912
47.1467346,27.592852
47.1444195,27.5957721
47.1429418,27.5979206
47.142109,27.5991279
47.1409331,27.6008876
47.137578,27.6058395
47.1370684,27.6027972
47.1367482,27.5990683
47.136444,27.5947289
47.1358351,27.5892758
47.1355568,27.5869067
47.1344197,27.5808866
47.1340715,27.5759894
47.1336364,27.5755271
47.1336394,27.5755215
47.1336197,27.5754811
47.1336476,27.5754439
47.1336747,27.5754317
47.1336657,27.5754498
47.1336589,27.57548
47.1336362,27.5754587
47.1336114,27.5754543
47.1336085,27.5754622
47.1336243,27.5755115
47.1336242,27.5754992
47.1341934,27.5806262
47.1354206,27.5866124
47.1358782,27.5897342
47.1364004,27.5939319
47.1366503,27.5972245
47.1370298,27.6024088
47.1371556,27.6050524
47.1372149,27.6058914
47.1404895,27.6015941
47.1413571,27.6001965
47.1429535,27.5978062
47.1441527,27.5960532
47.1454879,27.5944172
47.1470896,27.5925513
47.1487412,27.5937657
47.1499481,27.5953867
47.1521762,27.5984218
47.1538399,27.6017586
47.1538424,27.6032853
47.1541475,27.6040303
47.1565566,27.6032687
47.1579548,27.601938
47.1587739,27.6010962
47.1593376,27.5995467
47.1611387,27.5959669
47.1640278,27.5922122
47.1648026,27.5908911
47.1658229,27.5895167
47.1669172,27.5848138
47.1675664,27.5820648
47.1683765,27.5798048
47.1693541,27.5771942
47.1728315,27.5738505
47.1755008,27.5716864
47.1755529,27.5715915
47.1788586,27.5688448
47.1810169,27.5670874
47.1835935,27.5648937
47.1857682,27.5629828
47.1902963,27.5591858
47.1906432,27.5583694
47.190656,27.5583667
47.1906403,27.5583791
47.1904763,27.5585622
47.1877776,27.5613178
47.1863525,27.5625199
47.18335,27.5651225
47.1804114,27.5675242
47.1775859,27.5699363
47.1753628,27.5718215
47.1748625,27.5721171
47.1736945,27.5731659
47.1718167,27.5746747
47.1691706,27.5773844
47.1678051,27.58099
47.1674937,27.5825002
47.1667496,27.5853963
47.1664482,27.5871144
47.1648468,27.5908496
47.1643734,27.5912431
47.1624204,27.5946136
47.1611551,27.5958861
47.1588136,27.6003377
47.1581682,27.6018405
47.1561963,27.6040049
47.154727,27.6042532
47.153975,27.6021859
47.1508631,27.5965604
47.1490668,27.5942091
47.146642,27.5929245
47.1459772,27.5937079
47.1442607,27.595876
47.1425709,27.5983564
47.1424766,27.5985676
47.1411365,27.6003799
47.1398652,27.6024791
47.1384101,27.6046138
47.1371248,27.6044149
47.1369054,27.6001463
47.1366181,27.5964914
47.1364367,27.5941538
47.1357029,27.5884951
47.1355222,27.5871367
47.1352731,27.5834252
47.1341338,27.5771332
47.1342855,27.5754658
47.1336515,27.5755484
47.1336665,27.5755259
47.1336519,27.5755331
47.1336584,27.5755308
47.1336504,27.5754955
47.133663,27.5754649
47.1336837,27.5755004
47.1339413,27.5751364
47.134045,27.5805109
47.1353986,27.5866223
47.136364,27.5933218
47.1366627,27.5974795
47.1369179,27.600658
47.137016,27.6018157
47.1370718,27.6028682
47.1371625,27.6049538
47.1372769,27.605666
47.1379037,27.6053343
47.1414312,27.6001905
47.1420026,27.5992229
47.1432304,27.5974766
47.1447416,27.5953591
47.145877,27.5941146
47.1469355,27.592576
47.1487111,27.5937075
47.1501885,27.5957827
47.1523085,27.5986843
47.1538644,27.6031006
47.1539768,27.6041172
47.1845006,27.5640355
47.181098,27.5669032
47.179812,27.567995
47.177661,27.569828
47.1759112,27.5712481
47.1746287,27.5723759
47.1726778,27.5739868
47.1700238,27.5760836
47.1680728,27.5804052
47.1668328,27.5848366
47.1663912,27.586794
47.1645844,27.5909501
47.1614984,27.5953934
47.1609896,27.5961063
47.1586857,27.6004786
47.1561794,27.6039613
47.1554145,27.6043665
47.1539774,27.6026841
47.1507568,27.5964866
47.147863,27.5925675
47.1475362,27.59219
47.1463617,27.5932956
47.1439504,27.5963325
47.1420555,27.5991056
47.140157,27.6019787
47.137973,27.6052404
47.137043,27.6029176
47.1366877,27.5974641
47.1365198,27.5947992
47.1359489,27.5899948
47.1352974,27.5852408
47.1341148,27.5771881
47.1339924,27.5763848
47.133652,27.575629
47.1336687,27.5755907
47.1336393,27.5756489
47.1335812,27.5756779
47.1335987,27.5756705
47.1336411,27.5756503
47.1336878,27.5798918
47.1354045,27.5866279
47.1356815,27.5881878
47.1365155,27.5952081
47.1369392,27.6011712
47.137265,27.6058688
47.1406609,27.601245
47.141209,27.6003696
47.1425909,27.598353
47.1436887,27.5967896
47.1455316,27.5943348
47.1472348,27.5922662
47.1475443,27.5922124
47.1495665,27.5948613
47.1514351,27.5973997
47.1539493,27.602579
47.1538747,27.6034343
47.1539028,27.6040457
47.1564386,27.603481
47.1564946,27.6034239
47.1577003,27.6022295
47.1599946,27.5983763
47.1607451,27.596531
47.1628887,27.594244
47.1640821,27.5920537
47.1650166,27.5906845
47.1659153,27.5889922
47.1671734,27.5840151
47.1676506,27.5818021
47.1685788,27.5794267
47.1697566,27.5770101
47.1722646,27.5743496
47.1800042,27.5678535
47.1830411,27.5652969
47.1858243,27.5629967
47.1902971,27.5591794
47.1908419,27.5584918
47.1907741,27.5584033
47.1907208,27.5583961
47.1907343,27.5583975
47.1907592,27.5584775
47.1907067,27.5583772
47.1907183,27.5584154
47.1907822,27.5584564
47.1907895,27.5584196
47.1907778,27.5584575
47.1878663,27.5611523
47.1858642,27.5628783
47.1828932,27.5654456
47.1800464,27.5678389
47.1761178,27.5710561
47.174788,27.5721314
47.1734744,27.5733049
47.1727833,27.5739046
47.1690836,27.5775711
47.1682052,27.5801697
47.1670721,27.5840293
47.1665663,27.5862417
47.1647261,27.5909045
47.1645397,27.5910653
47.1614365,27.5955046
47.1966476,27.5526975
47.1978418,27.5477354
47.1988595,27.54289
47.2006003,27.5389276
47.2015249,27.5362854
47.2042968,27.5327122
47.20956,27.5317147
47.2075272,27.5310166
47.2026653,27.534859
47.2007645,27.5380877
47.1996762,27.5418649
47.1984129,27.5448369
47.1973983,27.5506097
47.1952769,27.5548996
47.1915691,27.5580542
47.189484,27.5598843
47.1863945,27.5625039
47.1845884,27.5640059
47.1813664,27.5666887
47.1790291,27.5687218
47.1748483,27.5721609
47.1720974,27.5744899
47.1687327,27.5766674
47.166923,27.5756174
47.1663297,27.5716924
47.1663552,27.571561
47.165699,27.5712297
47.1615195,27.5732426
47.1607985,27.5734018
47.1587533,27.5746839
47.1610149,27.5705288
47.1622814,27.56661
47.1635842,27.5637748
47.1668288,27.5571751
47.1666469,27.5553704
47.1666291,27.5511438
47.1667058,27.5479707
47.1666687,27.5439442
47.1688411,27.5408079
47.1690822,27.5405332
47.1690772,27.5405582
47.1691119,27.5405697
47.1690899,27.5405491
47.1693015,27.5402484
47.1684724,27.54118
47.1667125,27.5442132
47.1667061,27.5448281
47.1669119,27.5519245
47.1669477,27.5534576
47.1668466,27.5557705
47.1659471,27.5592403
47.1642027,27.5628461
47.1632126,27.5645914
47.1619123,27.5676832
47.1595241,27.5751764
47.1602026,27.5731713
47.1651174,27.5717109
47.1664455,27.5719486
47.1664083,27.577584
47.1655748,27.5812771
47.1671332,27.5829874
47.1685642,27.5794013
47.1685977,27.5793424
47.1699957,27.5766155
47.1738133,27.573074
47.1758802,27.5713206
47.1790015,27.5686134
47.1811143,27.5669924
47.1837643,27.5646296
47.1857028,27.563009
47.1904906,27.5591708
47.1929407,27.5568467
47.196128,27.5537129
47.1974032,27.5504127
47.198421,27.5445535
47.200533,27.5404897
47.2014497,27.5364374
47.2042969,27.5327128
47.2094103,27.5316474
47.2096435,27.5315876
47.2096493,27.531608
47.2096563,27.531594
47.2066568,27.5307853
47.2025843,27.5348614
47.2007218,27.5380984
47.1990835,27.5427092
47.1979457,27.5475735
47.1970933,27.5520948
47.1944172,27.5556793
47.1905253,27.558641
47.1880022,27.5610858
47.184958,27.563694
47.1819187,27.5662587
47.1797961,27.5681086
47.1761018,27.5711601
47.1748219,27.5721912
47.1732168,27.573513
47.1688431,27.5767103
47.166696,27.5765152
47.166351,27.5717617
47.1663126,27.5716206
47.1654565,27.5714287
47.1614252,27.5732127
47.1596325,27.5751942
47.1608949,27.5732864
47.1690956,27.54049
47.1691071,27.5405009
47.1691239,27.5405376
47.1691141,27.5405265
47.1691105,27.5405165
47.1690847,27.5404915
47.1690801,27.5404976
47.1686291,27.5409676
47.1667081,27.5440973
47.1667308,27.5476918
47.1666825,27.5514182
47.1667033,27.5533035
47.1667825,27.5565954
47.1646883,27.561694
47.1632041,27.5645973
47.1622214,27.5667716
47.1608162,27.573401
47.1611342,27.5733237
47.1645712,27.5719988
47.1667919,27.5728148
47.166167,27.5785756
47.1654579,27.581642
47.1672836,27.5831139
47.1681065,27.5804632
47.1692763,27.5774522
47.1729184,27.5738001
47.1752614,27.5718373
47.1784874,27.5690852
47.1815358,27.5665596
47.1843146,27.5641673
47.1865319,27.5623123
47.1905253,27.5591403
47.1943255,27.5556997
47.1972963,27.551075
47.199448,27.5421389
47.2008235,27.5380087
47.2035031,27.5335961
47.2093943,27.5316143
47.2096638,27.5316313
47.2096548,27.531611
47.2096595,27.5315918
47.2096666,27.531558
47.2096833,27.5315149
47.2096793,27.5315384
47.2096707,27.531566
47.2096579,27.5316031
47.2096725,27.5315721
47.2096841,27.5315779
47.2096992,27.5315989
47.2097216,27.5315498
47.2096923,27.5315432
47.2096616,27.5314726
47.2044123,27.5326245
47.2014283,27.5365867
47.2000058,27.5414745
47.1980415,27.5468998
47.1970478,27.5521648
47.1945218,27.5555252
47.1905451,27.558641
47.187236,27.5617161
47.1846932,27.5638676
47.1811073,27.566919
47.1775694,27.5699371
47.174827,27.5721503
47.1724515,27.5741652
47.1687545,27.5767235
47.1671713,27.5748411
47.1663327,27.5716339
47.1654118,27.5714191
47.1613022,27.5732223
47.1594836,27.5735266
47.1607734,27.5740199
47.161675,27.5683363
47.1634163,27.5644265
47.1665399,27.5576762
47.1667152,27.555664
47.1668008,27.5511533
47.1667483,27.5462189
47.168092,27.541716
47.1692983,27.5403019
47.16922,27.5403496
47.1692203,27.5403491
47.1692205,27.5403474
47.1692216,27.540347
47.1692219,27.5403473
47.1692219,27.5403472
47.1692214,27.5403468
47.1692208,27.540347
47.1695147,27.5399935
47.1667542,27.5438588
47.1667816,27.5446721
47.1669047,27.5513517
47.1668797,27.5544694
47.1664282,27.5581674
47.1622939,27.5664656
47.1622282,27.5667415
47.1592933,27.5751339
47.1615434,27.5733623
47.1656,27.5714937
47.1664727,27.5720456
47.165544,27.5809366
47.1674649,27.5827687
47.1685693,27.5793104
47.1706829,27.5757412
47.1731112,27.5737499
47.1755387,27.5716889
47.1788501,27.5688095
47.1810252,27.5671346
47.1836033,27.5648117
47.1858248,27.5629196
47.1905538,27.5592593
47.1906429,27.5592602
47.1960646,27.5539159
47.1978772,27.54769
47.1999297,27.5415718
47.2008507,27.5378777
47.2030818,27.5343389
47.2090907,27.5315924
47.2096442,27.5315565
47.2096448,27.5315544
47.2096451,27.5315541
47.2096454,27.531554
47.2096468,27.5315555
47.2096479,27.5315577
47.2096503,27.5315595
47.2096514,27.5315601
47.2096516,27.5315608
47.2096511,27.5315608
47.2096645,27.5315908
47.2090712,27.5316318
47.2028927,27.5345367
47.2008086,27.5380645
47.1996133,27.5419574
47.1981505,27.5463692
47.1971174,27.5520022
47.1944427,27.5556652
47.1905835,27.5585921
47.1871917,27.561796
47.1845051,27.5640813
47.1810068,27.5670314
47.1790932,27.5686462
47.1752328,27.5718513
47.1745538,27.5724506
47.1734421,27.5733551
47.1699451,27.5761632
47.1673799,27.5771578
47.1666169,27.5723432
47.1651157,27.5715786
47.1613851,27.5732339
47.1602705,27.5747084
47.1630754,27.5649786
47.1645332,27.561982
47.1667923,27.5560511
47.1667587,27.5544863
47.1667724,27.5494398
47.1668267,27.5432841
47.1685982,27.5410811
47.1690422,27.5404507
47.1691101,27.5405359
47.1691142,27.5405005
47.1691096,27.5405351
47.1690984,27.5404739
47.169078,27.5404826
47.1690786,27.5404813
47.1690969,27.5404764
47.1690761,27.5405097
47.1691004,27.5405217
47.1694073,27.5401594
47.1681358,27.5415681
47.1667741,27.5449095
47.1667856,27.5512916
47.1667995,27.553302
47.1668158,27.5566159
47.1643764,27.5624272
47.1625215,27.5661687
47.1622556,27.5668221
47.1608535,27.5733448
47.1609624,27.5732779
47.1649692,27.5717468
47.1666744,27.5725037
47.1658785,27.5796903
47.1657303,27.5820168
47.167134,27.5830552
47.1681476,27.580332
47.1695439,27.577111
47.1725835,27.5740842
47.1752564,27.571773
47.175539,27.5715994
47.1805733,27.5674152
47.1830384,27.5653149
47.1858769,27.5629142
47.1886394,27.5605289
47.1909081,27.5586773
47.19578,27.5543183
47.1971831,27.5517308
47.1981696,27.5459673
47.2003609,27.5409675
47.2019493,27.5357211
47.2054136,27.5313587
47.2096754,27.531507
47.2096837,27.5314555
47.2096829,27.5314211
47.2096711,27.53143
47.2096779,27.5314614
47.2097006,27.5315437
47.2096871,27.5315383
47.2096862,27.5315376
47.2096667,27.5315238
47.2096724,27.5314298
47.2040464,27.5331358
47.2010384,27.5376113
47.1991757,27.5426122
47.1977484,27.5485832
47.1962731,27.5536143
47.1937548,27.5562873
47.1906113,27.5584429
47.1863688,27.5625019
47.1844871,27.5641093
47.1812578,27.5668207
47.178416,27.5692269
47.1757797,27.5713671
47.1744345,27.5724719
47.1735124,27.5732473
47.1704908,27.5757225
47.1683028,27.5768955
47.1672414,27.5740682
47.1656694,27.571269
47.1614388,27.5731817
47.1587545,27.5746677
47.1611816,27.5699048
47.1633839,27.5644125
47.1655171,27.5598299
47.1667471,27.5566367
47.1667702,27.552252
47.1667094,27.5486884
47.166717,27.5436435
47.1688247,27.540836
47.1690596,27.5405562
47.16906,27.5405254
47.1690235,27.5405764
47.1690193,27.5405862
47.1690203,27.5405843
47.1690217,27.5405834
47.169024,27.54058
47.1690265,27.5405766
47.1690279,27.5405746
47.1690289,27.5405727
47.1690282,27.5405726
47.1685777,27.5410049
47.1667394,27.5442427
47.1668085,27.5500888
47.1669372,27.5535142
47.1666286,27.5577358
47.1633132,27.5644832
47.1632228,27.5646037
47.1611064,27.5698536
47.1596491,27.5734922
47.1632927,27.5727567
47.1659887,27.5710939
47.166253,27.5779997
47.1654103,27.5817317
47.1674218,27.5828638
47.1685013,27.5795762
47.1694444,27.5771713
47.1727025,27.5739543
47.1754955,27.571637
47.1776901,27.5697881
47.1810474,27.567001
