47.1521353,27.6013899
47.1521357,27.60139
47.1521361,27.6013899
47.1521362,27.6013896
47.152163,27.601378
47.1521827,27.6014579
47.1522011,27.6014494
47.1521896,27.6014298
47.1521887,27.6014288
47.1521876,27.6014277
47.1521873,27.6014264
47.1521863,27.6014248
47.1521848,27.6014237
47.1521834,27.6014231
47.1521828,27.6014219
47.1521821,27.6014213
47.1521817,27.6014205
47.1521807,27.6014185
47.1521796,27.6014167
47.1521793,27.6014155
47.1521792,27.6014152
47.1521787,27.6014144
47.1521785,27.6014133
47.1521781,27.6014129
47.1521782,27.6014135
47.1521783,27.6014138
47.1521793,27.601414
47.1521791,27.6014143
47.152179,27.6014143
47.1521791,27.6014142
47.1521797,27.6014135
47.1521796,27.6014124
47.1521795,27.6014117
47.1521792,27.6014108
47.1521785,27.6014104
47.152178,27.6014105
47.152178,27.6014129
47.1521774,27.6014135
47.1521776,27.6014132
47.1521772,27.6014133
47.1521771,27.6014123
47.1521769,27.6014119
47.152176,27.6014123
47.1521755,27.6014123
47.1521748,27.601412
47.1521747,27.6014118
47.1521744,27.6014115
47.1521744,27.6014112
47.1521743,27.6014108
47.1521743,27.6014104
47.1521736,27.6014098
47.1521733,27.6014093
47.1521726,27.6014088
47.152172,27.6014086
47.1521716,27.6014081
47.1521713,27.6014073
47.1521713,27.6014072
47.1521712,27.6014066
47.1521105,27.6013458
47.1521201,27.6013571
47.1521206,27.6013576
47.1521204,27.6013583
47.1521163,27.6013631
47.152118,27.6013625
47.152119,27.601364
47.1521198,27.601362
47.1521201,27.6013631
47.1521218,27.6013658
47.1521222,27.6013694
47.1521228,27.6013716
47.1521233,27.6013723
47.1521231,27.6013707
47.152123,27.6013704
47.1521239,27.6013712
47.1521253,27.601372
47.1521275,27.6013727
47.1521278,27.6013733
47.152127,27.601374
47.1521272,27.6013749
47.1521268,27.6013745
47.1521275,27.6013754
47.1521281,27.6013763
47.1521275,27.6013768
47.1521271,27.6013776
47.1521269,27.6013779
47.1521284,27.6013775
47.1521264,27.6014216
47.1521271,27.6014219
47.1521279,27.6014219
47.1521273,27.6014194
47.1521276,27.6014156
47.1521278,27.6014156
47.1521271,27.6014131
47.1521284,27.601414
47.1521302,27.601415
47.1521324,27.601416
47.1521345,27.601416
47.1521347,27.6014153
47.1521352,27.6014138
47.152135,27.601413
47.1521347,27.6014125
47.1521349,27.6014135
47.1521347,27.6014134
47.1521341,27.6014138
47.1521339,27.6014142
47.152134,27.6014145
47.1521335,27.6014138
47.1521341,27.6014141
47.1521349,27.6014145
47.152135,27.6014159
47.1521299,27.6014134
47.1521304,27.6014135
47.1521298,27.6014121
47.1521297,27.6014121
47.1521305,27.6014119
47.1521298,27.6014108
47.1521293,27.601411
47.1521291,27.6014105
47.152129,27.6014104
47.1521287,27.6014094
47.1521288,27.6014087
47.1521286,27.6014071
47.1521282,27.6014056
47.1521279,27.6014043
47.1521277,27.6014036
47.1521274,27.6014024
47.1521272,27.6014018
47.1521267,27.6014006
47.1521264,27.6013994
47.1521257,27.6013973
47.1521253,27.601396
47.1521245,27.6013945
47.1521243,27.6013951
47.1521231,27.6013938
47.1521248,27.601397
47.1521244,27.6013958
47.1521243,27.6013941
47.1521238,27.6013931
47.1521239,27.601393
47.1521241,27.6013931
47.1521241,27.6013923
47.1521243,27.6013923
47.1521245,27.6013929
47.1521244,27.6013926
47.1521242,27.6013924
47.1521241,27.6013928
47.1521239,27.6013922
47.1521239,27.6013916
47.1521241,27.6013913
47.1521243,27.6013914
47.1521251,27.6013931
47.1521252,27.6013934
47.1521252,27.6013931
47.1521249,27.6013923
47.1521251,27.6013925
47.1521254,27.6013927
47.1521257,27.6013927
47.1521261,27.6013926
47.1521263,27.6013924
47.1521265,27.6013925
47.1521269,27.6013928
47.1521273,27.6013937
47.1521276,27.6013944
47.1521277,27.6013953
47.152128,27.6013959
47.1521284,27.6013965
47.1521283,27.6013969
47.1521462,27.6014066
47.1521455,27.6014066
47.1521455,27.6014072
47.1521449,27.6014073
47.1521444,27.6014074
47.1521433,27.6014074
47.1521428,27.6014062
47.1521425,27.6014061
47.1521419,27.6014058
47.1521413,27.601406
47.1521403,27.6014055
47.1521391,27.6014039
47.1521386,27.6014015
47.1521377,27.6013993
47.152138,27.6013984
47.1521384,27.6013981
47.152138,27.6013972
47.1521393,27.6013988
47.1521395,27.6013988
47.1521394,27.6013992
47.1521393,27.6014002
47.1521394,27.6014005
47.1521396,27.6014009
47.1521396,27.6013999
47.1521395,27.6013998
47.1521387,27.6013984
47.1521383,27.6013971
47.1521381,27.6013964
47.152138,27.6013965
47.1521378,27.6013965
47.1521584,27.6013823
47.1521584,27.6013834
47.1521578,27.6013816
47.152157,27.6013818
47.1521562,27.6013816
47.1521552,27.6013805
47.1521534,27.6013779
47.1521525,27.6013768
47.1521518,27.6013764
47.1521506,27.6013763
47.1521501,27.6013764
47.1521492,27.6013759
47.1521483,27.6013769
47.1521472,27.6013773
47.1521465,27.6013781
47.1521451,27.6013776
47.1521436,27.6013769
47.1521422,27.6013771
47.1521411,27.6013756
47.1521409,27.6013752
47.1521404,27.6013754
47.1521396,27.6013748
47.1521387,27.6013749
47.1521377,27.6013751
47.1521367,27.6013752
47.1521356,27.6013751
47.1521349,27.6013755
47.1521349,27.6013749
47.1521346,27.6013743
47.1521343,27.601373
47.1521335,27.6013697
47.1521324,27.6013696
47.152133,27.6013697
47.1521328,27.6013697
47.1521326,27.6013693
47.1521323,27.6013689
47.1521314,27.6013739
47.1521308,27.6013737
47.15213,27.6013736
47.15213,27.6013734
47.1521291,27.6013739
47.1521284,27.6013743
47.152128,27.6013748
47.1521282,27.6013747
47.1521286,27.6013751
47.1521283,27.6013755
47.1521277,27.6013753
47.1521278,27.6013751
47.1521277,27.6013746
47.1521267,27.6013741
47.1521263,27.6013746
47.1521263,27.6013747
47.1521263,27.6013749
47.1521258,27.6013747
47.1521257,27.6013746
47.1521251,27.6013749
47.1521243,27.6013748
47.1521238,27.6013746
47.1521234,27.6013748
47.1521246,27.6013757
47.1521245,27.6013757
47.1521247,27.601376
47.1521248,27.6013765
47.1521247,27.6013774
47.1521249,27.6013778
47.1521248,27.6013781
47.1521243,27.6013779
47.1521246,27.6013782
47.1521238,27.6013778
47.1521235,27.6013782
47.1521233,27.6013785
47.152123,27.6013789
47.1521235,27.6013792
47.1521234,27.6013792
47.1521238,27.6013796
47.152124,27.6013796
47.1521242,27.6013797
47.1521241,27.6013797
47.1521238,27.6013795
47.1521238,27.6013799
47.152124,27.6013805
47.1521239,27.6013803
47.1521235,27.6013803
47.1521232,27.6013803
47.1521227,27.6013801
47.1521229,27.6013803
47.1521233,27.6013805
47.1521231,27.6013809
47.1521234,27.6013812
47.1521234,27.6013823
47.1521233,27.6013828
47.1521234,27.6013834
47.1521235,27.6013842
47.1521238,27.6013845
47.1521238,27.6013847
47.1521237,27.6013857
47.1521234,27.6013867
47.1521234,27.6013874
47.1521232,27.6013876
47.1521233,27.6013879
47.1521235,27.6013881
47.1521235,27.6013887
47.1521236,27.6013887
47.1521238,27.6013887
47.1521235,27.6013891
47.1521234,27.6013893
47.1521233,27.6013898
47.1521234,27.60139
47.1521233,27.6013904
47.1521229,27.6013903
47.1521225,27.6013905
47.1521223,27.6013906
47.1521223,27.6013904
47.1521222,27.6013908
47.1521222,27.6013911
47.1521111,27.6014254
47.1521116,27.601425
47.1521118,27.6014234
47.1521401,27.6014185
47.1521388,27.6014179
47.1349113,27.6098042
47.1360665,27.6080518
47.1362044,27.6078298
47.1398535,27.6024599
47.1421137,27.5991094
47.1436905,27.5966965
47.1452088,27.5947357
47.1468298,27.5928107
47.1474486,27.592209
47.1488462,27.5939483
47.1504695,27.5961395
47.1524561,27.5988471
47.1538125,27.60356
47.1560588,27.6038057
47.158406,27.6014262
47.1587145,27.6005538
47.1606705,27.5967317
47.1615209,27.5954192
47.1631828,27.5936778
47.1637436,27.5926942
47.1650423,27.5908067
47.165105,27.590754
47.1658339,27.5894181
47.1660821,27.5882514
47.1677617,27.5813731
47.1687865,27.5786394
47.1706893,27.5720034
47.1721092,27.5670176
47.1722568,27.5639449
47.1733197,27.5606987
47.1738448,27.5572612
47.1743008,27.5520926
47.1744588,27.5496495
47.1747681,27.543919
47.1747032,27.5425163
47.1733872,27.5369373
47.1727382,27.5325009
47.1733892,27.5369341
47.1736612,27.5387604
47.1747387,27.544204
47.174612,27.5494121
47.1742149,27.5543143
47.1736162,27.5588182
47.1735153,27.5598946
47.1731758,27.5613258
47.1731471,27.5614733
47.1714316,27.5689138
47.1703572,27.573536
47.1680758,27.5804261
47.1675182,27.582426
47.1661405,27.5878574
47.1653205,27.5904699
47.1641911,27.5916905
47.162268,27.5947558
47.1604322,27.5973765
47.1589154,27.6001547
47.1567976,27.6032609
47.1539387,27.6031072
47.1518885,27.5981611
47.1509412,27.596807
47.149558,27.5949207
47.1478215,27.5926524
47.1478191,27.5926404
47.1474405,27.5921476
47.146681,27.5928913
47.1458688,27.5937613
47.1417003,27.599703
47.1391233,27.6035257
47.1358996,27.6084038
47.1344629,27.610433
47.13118,27.6134953
47.1286358,27.615614
47.1256105,27.619023
47.1235801,27.6224995
47.12129,27.6253321
47.1189502,27.6298944
47.116495,27.6320328
47.1166565,27.6321578
47.1166549,27.6321538
47.1168105,27.6320266
47.1168099,27.6320254
47.1168057,27.6320286
47.1167824,27.6320281
47.116783,27.6320256
47.1187395,27.6304224
47.1208524,27.6260244
47.1232517,27.6231179
47.1260535,27.6182753
47.1279071,27.6161736
47.1306278,27.613926
47.1336121,27.6117254
47.1353568,27.6090673
47.1391167,27.6035468
47.1420051,27.5991299
47.1435614,27.5968842
47.1452442,27.594555
47.1470598,27.592393
47.147495,27.5921412
47.1492707,27.5943745
47.150878,27.5964621
47.1539185,27.6020067
47.1541174,27.6041378
47.1567134,27.6031699
47.1590177,27.6000291
47.1603885,27.5974523
47.1612403,27.5957322
47.1637295,27.5925848
47.1658804,27.5894077
47.1666125,27.586112
47.1673828,27.582409
47.16849,27.5795771
47.1700017,27.5747882
47.1710736,27.5704082
47.1722935,27.5642837
47.1724843,27.5632333
47.173674,27.5589403
47.173929,27.5567971
47.1743817,27.5519395
47.1745064,27.5492201
47.1747092,27.5447878
47.1747473,27.5439595
47.1738521,27.5396833
47.1734607,27.5372224
47.1730308,27.5333704
47.1729235,27.5333555
47.1735752,27.5386307
47.1742079,27.5405693
47.1747321,27.5431164
47.1746804,27.5467064
47.1746469,27.549072
47.1742729,27.5531646
47.1738277,27.5574916
47.1735661,27.5592078
47.1726441,27.5625456
47.1712921,27.5693699
47.1701757,27.574398
47.1680009,27.5806027
47.1678538,27.5810189
47.1664215,27.5869292
47.1661372,27.5884294
47.1646115,27.5910398
47.1643565,27.5915497
47.1635915,27.5932777
47.1623089,27.5946944
47.1612637,27.5956742
47.1589535,27.6002012
47.1567315,27.6032794
47.1560791,27.6038589
47.1547166,27.6041254
47.1539392,27.6031239
47.151402,27.5974559
47.14935,27.594596
47.1477394,27.5924475
47.1475467,27.5922224
47.1466624,27.5929726
47.1442795,27.5959364
47.1428088,27.5980508
47.14123,27.6004039
47.1398194,27.6025246
47.1379969,27.6052555
47.1374236,27.6060985
47.1345554,27.6103893
47.1307195,27.6138041
47.1275522,27.6165415
47.1242346,27.621543
47.1235183,27.6227549
47.120519,27.6266038
47.1179313,27.6316264
47.1166573,27.6321527
47.1166558,27.6321453
47.1197047,27.6285333
47.124054,27.6218006
47.1276823,27.6163468
47.1331661,27.6124223
47.1334616,27.611984
47.1338522,27.611429
47.1340921,27.6109621
47.1346646,27.610147
47.1351411,27.6094861
47.1358345,27.6084701
47.1364244,27.6075489
47.1389796,27.6037767
47.1426705,27.6017885
47.145008,27.6066943
47.1461556,27.6091903
47.1470155,27.6098553
47.1477703,27.604359
47.1518747,27.6033639
47.1525096,27.6030625
47.152509,27.6030618
47.1525097,27.6030608
47.1525106,27.6030602
47.1525098,27.6030585
47.153405,27.6026018
47.1533986,27.6026018
47.1533981,27.6026027
47.1533973,27.6026039
47.1533967,27.6026035
47.1534452,27.6016655
47.152712,27.6017711
47.1524183,27.6020205
47.1524183,27.6020139
47.1524163,27.6020064
47.1524036,27.602001
47.1523995,27.6019962
47.1523961,27.6019919
47.1523912,27.6019883
47.1523842,27.6019867
47.1523809,27.6019824
47.1523802,27.6019791
47.1523791,27.601975
47.1523768,27.6019706
47.1523773,27.6019666
47.1523761,27.6019639
47.1523658,27.6019457
47.152365,27.6019385
47.1523643,27.6019275
47.1523623,27.6019259
47.1523607,27.6019236
47.1523608,27.6019202
47.1523445,27.601902
47.1523329,27.6018878
47.1523332,27.6018868
47.1523317,27.6018782
47.1523315,27.6018786
47.1523318,27.6018787
47.1523319,27.6018786
47.1523323,27.6018795
47.1523321,27.6018797
47.1523323,27.6018797
47.1523321,27.6018796
47.152332,27.6018798
47.1523324,27.6018799
47.1523325,27.6018797
47.1523325,27.6018799
47.1523323,27.6018803
47.1523326,27.6018815
47.1523327,27.6018811
47.1523321,27.6018799
47.1523316,27.6018794
47.152332,27.6018797
47.1523324,27.6018795
47.1523327,27.6018793
47.1523325,27.6018786
47.1523326,27.6018782
47.1523326,27.6018777
47.1523327,27.6018775
47.1523327,27.6018777
47.1523329,27.601878
47.152333,27.6018778
47.1523333,27.6018774
47.1523335,27.6018771
47.1523337,27.6018766
47.1523342,27.6018758
47.1523344,27.6018747
47.1523345,27.6018739
47.1523347,27.601874
47.1523349,27.6018737
47.1523351,27.6018733
47.1523352,27.6018728
47.1523354,27.6018723
47.1523355,27.6018721
47.1523358,27.601872
47.1523359,27.6018719
47.1523361,27.6018711
47.1523362,27.6018711
47.1523363,27.6018709
47.1523361,27.6018709
47.1523361,27.601871
47.1523371,27.60187
47.1523375,27.601869
47.1523374,27.6018685
47.1523377,27.6018686
47.1523381,27.6018685
47.1523386,27.6018685
47.1523388,27.6018685
47.1523392,27.6018681
47.1523391,27.6018675
47.1523397,27.6018671
47.1523399,27.6018663
47.15234,27.6018656
47.1523401,27.6018653
47.1523402,27.6018651
47.1523404,27.6018649
47.1523403,27.6018647
47.1523403,27.6018642
47.1523404,27.6018633
47.1523406,27.6018623
47.1523405,27.6018621
47.1523405,27.601861
47.1523406,27.6018603
47.1523405,27.60186
47.1523408,27.6018606
47.1523408,27.6018607
47.152341,27.6018616
47.1523408,27.6018614
47.1523404,27.6018606
47.1523404,27.6018604
47.1523402,27.6018604
47.1523402,27.6018603
47.1523487,27.6019583
47.1523468,27.6019519
47.1523457,27.6019473
47.1523455,27.601944
47.1523456,27.6019415
47.1523455,27.6019423
47.1523444,27.6019403
47.1523437,27.6019386
47.1523435,27.6019349
47.1523428,27.6019308
47.1523425,27.6019298
47.1523427,27.6019291
47.152343,27.6019282
47.1523433,27.6019267
47.1523445,27.6019274
47.1523446,27.6019262
47.1523442,27.6019243
47.1523442,27.6019232
47.152344,27.6019229
47.1523425,27.6019205
47.1523419,27.6019167
47.1523415,27.601916
47.1523408,27.601914
47.1523417,27.6019111
47.1523421,27.6019095
47.1523428,27.6019072
47.1523439,27.6019074
47.1523441,27.6019063
47.1523444,27.6019064
47.1523445,27.6019059
47.1523454,27.6019054
47.1523452,27.6019037
47.1523453,27.6019034
47.1523456,27.6019033
47.152346,27.6019045
47.1523464,27.6019042
47.1523467,27.6019042
47.1523476,27.6019034
47.1523478,27.6019016
47.1523477,27.6018996
47.1523477,27.6018997
47.1523476,27.6018982
47.152348,27.6018977
47.152348,27.6018963
47.1523479,27.6018965
47.1523478,27.6018966
47.152348,27.6018947
47.1523485,27.6018935
47.1523486,27.6018925
47.1523486,27.6018906
47.1523487,27.6018902
47.1523483,27.6018883
47.1523486,27.6018861
47.1523489,27.6018855
47.1523492,27.601884
47.152349,27.6018828
47.1523492,27.6018822
47.1523495,27.6018823
47.1523495,27.6018819
47.1523497,27.6018808
47.1523507,27.6018803
47.1523505,27.6018798
47.1523503,27.6018789
47.15235,27.601878
47.1523501,27.6018776
47.1523501,27.6018772
47.1523505,27.601877
47.1523506,27.6018763
47.1523493,27.6018767
47.1523492,27.6018767
47.152349,27.6018751
47.1523489,27.6018745
47.1523491,27.601874
47.152349,27.6018731
47.1523494,27.6018717
47.1523494,27.6018711
47.1523491,27.6018705
47.152349,27.6018693
47.152349,27.6018692
47.152349,27.6018699
47.1523486,27.6018692
47.152348,27.6018689
47.1523482,27.6018686
47.1523483,27.6018679
47.1523483,27.6018664
47.1523483,27.6018656
47.1523489,27.6018657
47.1523487,27.6018659
47.1523486,27.6018662
47.1523486,27.6018661
47.1523493,27.6018667
47.1523493,27.6018668
47.1523495,27.6018675
47.1523492,27.6018667
47.1523486,27.6018663
47.1523482,27.601866
47.1523478,27.6018655
47.1523475,27.601865
47.1523472,27.6018644
47.1523469,27.6018642
47.1523467,27.601864
47.1523464,27.601863
47.1523466,27.6018623
47.1523462,27.6018614
47.1523461,27.6018608
47.152346,27.6018605
47.1523459,27.6018601
47.1523458,27.60186
47.1523459,27.6018591
47.1523461,27.6018577
47.152346,27.601857
47.1523459,27.6018563
47.1523461,27.6018567
47.1523461,27.6018572
47.1523461,27.6018566
47.152346,27.6018566
47.152346,27.6018567
47.1523459,27.6018565
47.1523458,27.6018562
47.1523468,27.6018562
47.1523469,27.6018558
47.1523469,27.6018555
47.1523471,27.6018554
47.1523472,27.6018546
47.1523472,27.6018538
47.1523472,27.6018535
47.1524053,27.6020035
47.1524012,27.6019966
47.1523983,27.6019891
47.1523957,27.6019863
47.1523953,27.6019831
47.1523948,27.6019817
47.1523933,27.601978
47.1523921,27.6019745
47.1523906,27.6019703
47.1523896,27.6019669
47.1523888,27.6019652
47.1523881,27.6019629
47.1523868,27.601962
47.1523859,27.6019608
47.1523845,27.6019578
47.152385,27.601958
47.1523841,27.6019553
47.1523826,27.6019522
47.1523818,27.6019505
47.1523806,27.6019483
47.1523796,27.6019461
47.1523793,27.6019454
47.1523786,27.6019441
47.1523773,27.6019407
47.1523732,27.6019331
47.1523724,27.6019309
47.1523709,27.6019288
47.1523698,27.6019267
47.1523689,27.6019237
47.1523675,27.6019207
47.1523666,27.6019181
47.1523654,27.6019144
47.1523643,27.6019131
47.152364,27.6019115
47.1523631,27.6019104
47.1523619,27.6019077
47.1523612,27.6019064
47.1523601,27.6019047
47.1523592,27.6019039
47.1523588,27.6019038
47.1523584,27.6019034
47.152358,27.6019036
47.152358,27.6019035
47.1523568,27.6019026
47.1523566,27.6019027
47.1523564,27.6019018
47.1523557,27.601901
47.1523553,27.6019012
47.1523554,27.6019011
47.1523547,27.6019009
47.1523536,27.6019002
47.1523527,27.6019001
47.1523517,27.6018993
47.1523512,27.6018991
47.1523508,27.6018983
47.1523504,27.6018975
47.1523501,27.6018966
47.1523495,27.6018952
47.1523494,27.6018951
47.1523494,27.6018942
47.1523491,27.6018935
47.1523488,27.6018927
47.1523486,27.6018918
47.1523486,27.6018916
47.152348,27.6018901
47.1523479,27.6018891
47.1523469,27.6018877
47.1523463,27.6018865
47.1523458,27.6018852
47.1523455,27.6018848
47.1523446,27.6018833
47.1523441,27.6018826
47.1523437,27.6018816
47.1523432,27.6018805
47.152343,27.6018793
47.152343,27.6018784
47.1523421,27.6018773
47.1523413,27.6018759
47.1523412,27.6018745
47.1523413,27.6018745
47.152341,27.601874
47.1523409,27.6018736
47.1523408,27.6018734
47.1523391,27.6018724
47.1523394,27.601873
47.1523395,27.6018742
47.1523391,27.6018736
47.1523389,27.6018741
47.1523386,27.6018743
47.1523385,27.6018753
47.1523385,27.6018754
47.1523386,27.6018755
47.1523375,27.6019254
47.152341,27.6019314
47.1523425,27.6019226
47.1523423,27.6019198
47.1523439,27.601916
47.152345,27.6019133
47.1523461,27.6019098
47.1523465,27.6019069
47.1523474,27.6019057
47.1523481,27.6019037
47.1523489,27.6019017
47.1523486,27.6019
47.1523489,27.6018999
47.1523493,27.6018989
47.1523487,27.6018975
47.1523485,27.601895
47.1523494,27.6018944
47.15235,27.6018937
47.1523498,27.6018927
47.15235,27.6018906
47.1523492,27.6018881
47.1523373,27.6018856
47.1523366,27.6018858
47.1523368,27.6018859
47.1523359,27.6018869
47.1523344,27.6018848
47.1523328,27.6018851
47.1523314,27.6018851
47.1523314,27.6018838
47.152331,27.6018822
47.1523308,27.6018813
47.1523307,27.6018785
47.1523313,27.6018798
47.1523314,27.6018805
47.1523312,27.6018818
47.1523313,27.6018818
47.152331,27.6018803
47.1523309,27.6018782
47.1523311,27.6018766
47.1523321,27.601875
47.1523335,27.6018751
47.1523346,27.6018757
47.1523354,27.6018768
47.1523355,27.6018769
47.1523363,27.6018786
47.1523368,27.6018789
47.152337,27.6018784
47.1523362,27.6018765
47.1523363,27.601877
47.1523355,27.6018761
47.1523366,27.601878
47.1523347,27.601877
47.1523343,27.6018779
47.1523333,27.6018781
47.1523325,27.6018752
47.1523318,27.6018738
47.152331,27.6018721
47.1523298,27.6018698
47.1523297,27.6018686
47.1523288,27.6018659
47.1523282,27.6018647
47.1523284,27.6018646
47.1523286,27.6018649
47.1523289,27.601865
47.1523291,27.6018643
47.1523287,27.6018651
47.1523286,27.6018658
47.1523282,27.6018645
47.1523277,27.6018634
47.1523276,27.6018635
47.1523281,27.6018648
47.1523283,27.601866
47.1523289,27.6018658
47.1523291,27.6018647
47.1523289,27.6018643
47.1523281,27.6018626
47.1523278,27.6018615
47.1523272,27.6018599
47.1520314,27.602177
47.1520316,27.602177
47.1520317,27.6021774
47.1520315,27.6021774
47.1520318,27.6021772
47.1520318,27.6021771
47.1520386,27.6021617
47.1520392,27.6021634
47.1520391,27.6021638
47.1520395,27.6021651
47.1520397,27.6021656
47.1520389,27.6021659
47.1520394,27.6021656
47.1520391,27.6021652
47.1520404,27.6021641
47.1520383,27.6021735
47.1521633,27.6022839
47.1524036,27.6028785
47.1524028,27.6028788
47.1524012,27.6028791
47.152401,27.6028804
47.1524039,27.6028796
47.1524028,27.6028806
47.1524022,27.6028799
47.1524023,27.6028772
47.1522954,27.6033514
47.1534098,27.6038139
47.1542088,27.604027
47.1557592,27.6040206
47.1587079,27.6011077
47.1605039,27.5970712
47.1638314,27.5924863
47.1654703,27.5903984
47.165947,27.5887225
47.1673689,27.5828527
47.1673847,27.5826453
47.169022,27.5776583
47.1723545,27.5742102
47.1776206,27.5697918
47.179239,27.5684116
47.1835732,27.5648349
47.1857428,27.5630119
47.1895718,27.5597665
47.1907021,27.558356
47.1907019,27.5583576
47.1907017,27.5583664
47.1907411,27.5584327
47.1907462,27.5584372
47.1905224,27.5585125
47.1905172,27.55844
47.1871562,27.561898
47.1846616,27.5639385
47.1809574,27.5671522
47.1798365,27.5680517
47.1767355,27.570645
47.1748425,27.5721703
47.1706544,27.5756287
47.1709203,27.5711232
47.1725123,27.5657128
47.1722588,27.5640474
47.1724079,27.5633135
47.1725192,27.5630016
47.1688227,27.5581319
47.1672587,27.5578009
47.1643807,27.5624266
47.1632628,27.564612
47.1616796,27.5678289
47.1602111,27.5704046
47.1602512,27.570597
47.160298,27.570681
47.1618169,27.5694793
47.1622925,27.566587
47.1633153,27.564541
47.164342,27.562282
47.166781,27.5574454
47.1682699,27.5576239
47.1723914,27.5621001
47.1722991,27.5638383
47.1709257,27.5711545
47.1699287,27.5759356
47.1715553,27.5749296
47.174857,27.5721021
47.1772248,27.570155
47.1806517,27.5672617
47.1829189,27.5653549
47.1852426,27.5633358
47.1884985,27.5606784
47.1907745,27.5584017
47.190782,27.5584322
47.1907978,27.5584198
47.1907531,27.5585311
47.1907704,27.5584928
47.1907694,27.5584937
47.1907693,27.5584947
47.1907687,27.5584972
47.1907681,27.5584986
47.1907681,27.5584996
47.1907686,27.5584988
47.1907692,27.5584989
47.1892876,27.5600689
47.1864986,27.5624197
47.1844918,27.5640687
47.1806499,27.5672769
47.1789196,27.568821
47.1751649,27.5718942
47.1734486,27.5733531
47.1704122,27.5758121
47.1706641,27.5721892
47.1723498,27.5664103
47.1722344,27.5641933
47.1723663,27.5635186
47.1724703,27.563218
47.172558,27.5628407
47.1724648,27.5622115
47.1682021,27.5577644
47.1666186,27.5576664
47.164722,27.5616916
47.1632439,27.5644974
47.1617817,27.5676809
47.1601623,27.5702985
47.1604119,27.5708394
47.1618509,27.5694848
47.1628737,27.5653756
47.1634067,27.564371
47.1668323,27.557424
47.1688341,27.5579523
47.1725622,27.5622846
47.1724813,27.5657236
47.1709704,27.5711536
47.1695384,27.57646
47.1724488,27.5741862
47.1754514,27.571638
47.1774132,27.5699503
47.1810353,27.5670293
47.1835869,27.5648758
47.1855496,27.563175
47.1885797,27.5606334
47.1907828,27.5590784
47.190664,27.5583664
47.1906638,27.5583697
47.1906639,27.5583722
47.1906641,27.5583743
47.1906649,27.5583757
47.1906639,27.5583755
47.1906518,27.5583865
47.190659,27.558422
47.1906598,27.5584226
47.1906515,27.5584273
47.1889663,27.5603664
47.1865815,27.5623789
47.1845458,27.5640988
47.1810109,27.5670741
47.1791099,27.5686924
47.1753552,27.5717533
47.1739597,27.5729112
47.1699997,27.5756448
47.1709429,27.5710707
47.1722813,27.5638543
47.17242,27.5633462
47.1725172,27.5629382
47.1691607,27.5584162
47.1680061,27.5577719
47.1666287,27.5577048
47.1633022,27.5644794
47.1618805,27.5673474
47.1601642,27.570343
47.1601724,27.5703381
47.1601736,27.5703405
47.1601745,27.5703485
47.160152,27.5703576
47.160359,27.5707589
47.1620689,27.5702555
47.1618689,27.5676923
47.1630324,27.5649646
47.165585,27.5596502
47.1671719,27.5574853
47.1703549,27.5598143
47.1724918,27.5655816
47.1708937,27.5714547
47.1695562,27.576982
47.1750015,27.5720641
47.1764619,27.570795
47.180985,27.5670571
47.1848557,27.5638023
47.1880819,27.5610188
47.1904783,27.559137
47.1906903,27.5584003
47.1907003,27.5584102
47.1907015,27.5584108
47.1907036,27.5584104
47.1907179,27.5584213
47.1907079,27.5584589
47.1906842,27.5584754
47.1906852,27.5584757
47.1906885,27.5584621
47.1906899,27.5584637
47.1906958,27.5585114
47.1907162,27.5585346
47.1878241,27.5612816
47.1845922,27.5640652
47.180817,27.5672315
47.1793024,27.5685594
47.1771454,27.5702971
47.1722007,27.5743967
47.1700742,27.574782
47.170907,27.571083
47.172441,27.5632435
47.1697409,27.5591545
47.1676299,27.5577638
47.1667465,27.55733
47.1641471,27.5628644
47.1622677,27.5665406
47.1605507,27.5697519
47.1601318,27.5703558
47.1601695,27.5703813
47.160156,27.5703539
47.1601662,27.5703695
47.1601609,27.5703583
47.1601636,27.5703627
47.1601562,27.5703579
47.1601489,27.5703584
47.1603467,27.5707862
47.1618209,27.5694811
47.1626045,27.5659097
47.1633846,27.5643393
47.1663642,27.5578988
47.1671655,27.5575302
47.1694601,27.5587045
47.1726074,27.5623618
47.1712773,27.5698188
47.170743,27.5722717
47.1700264,27.5763809
47.1730252,27.573692
47.1754482,27.5716422
47.1788134,27.5687656
47.180825,27.5671243
47.1835621,27.5649368
47.1857671,27.5629469
47.1902199,27.5592496
47.1906374,27.5584386
47.1907067,27.5584483
47.19071,27.5584798
47.1906771,27.5584382
47.1906822,27.5584393
47.1907217,27.5584148
47.1907078,27.5584183
47.1906885,27.5584333
47.1903399,27.5590816
47.1864993,27.5623961
47.1833728,27.5650371
47.1796214,27.5682606
47.1748741,27.5721148
47.1709752,27.5754546
47.1699996,27.5748608
47.1708206,27.5713108
47.1724311,27.5660553
47.1724683,27.5630768
47.1701752,27.5598039
47.1680387,27.5577998
47.1666016,27.5577854
47.1632574,27.5645358
47.1618702,27.567466
47.1601541,27.5703767
47.1601503,27.5703924
47.1601596,27.5703944
47.1601592,27.5703891
47.1601355,27.5703672
47.1601948,27.5703668
47.160195,27.570367
47.1601946,27.570368
47.1601923,27.5703671
47.1601626,27.5704403
47.1621804,27.5700276
47.1619768,27.5672112
47.1634275,27.5641081
47.1662681,27.5578685
47.1672371,27.55764
47.1697275,27.5590472
47.1723922,27.5634303
47.1708605,27.5711876
47.1695843,27.577
47.1728429,27.5738492
47.1753157,27.5717916
47.178749,27.5688925
47.1811081,27.5669729
47.1844821,27.5640719
47.1904638,27.5592245
47.1906817,27.5584257
47.1907115,27.5584587
47.1907063,27.5584697
47.1907058,27.5584717
47.1906916,27.5584395
47.1907081,27.558637
47.1906697,27.5585917
47.190644,27.5584816
47.1885443,27.5607407
47.1862662,27.5625843
47.1844367,27.5641458
47.1795277,27.5683681
47.1762665,27.5710901
47.1747125,27.572293
47.1723521,27.5743125
47.1700311,27.5748684
47.170837,27.5713233
47.1722455,27.5645541
47.1725324,27.562916
47.1723089,27.5621156
47.168274,27.5577707
47.166904,27.5574539
47.1660442,27.5588458
47.1632281,27.5645186
47.1618599,27.567422
47.1601369,27.5703969
47.160153,27.5703664
47.1601548,27.5703669
47.1601551,27.5703682
47.160155,27.5703694
47.160153,27.5703695
47.1607266,27.5713633
47.161673,27.5683953
47.1633648,27.5644051
47.1656675,27.5595427
47.1674692,27.5575656
47.1717865,27.5614651
47.1718417,27.5677037
47.1706824,27.5724066
47.1699498,27.5767267
47.1730403,27.5736625
47.1754886,27.5716564
47.1807789,27.5672138
47.183517,27.5649055
47.1857639,27.5629796
47.1897619,27.5595474
47.1907789,27.5584476
47.1906625,27.558399
47.1906788,27.5584302
47.1906658,27.5584148
47.1906834,27.5583944
47.1906601,27.5584675
47.1906563,27.5584491
47.1906715,27.5584875
47.1906696,27.5584501
47.1906855,27.5584377
47.190415,27.5587936
47.1866565,27.5623191
47.1847648,27.563901
47.1809774,27.5670981
47.1794254,27.5684263
47.1749577,27.5720832
47.1735311,27.5732791
47.1700006,27.5752157
47.1708911,27.5711691
47.1725435,27.5629233
47.1725386,27.5628997
47.1722133,27.5620172
47.1680838,27.5577071
47.1665891,27.5577283
47.1636029,27.563953
47.1621899,27.5666723
47.1619284,27.5673006
47.1601695,27.5703435
47.160167,27.5703719
47.1601628,27.5703944
47.160163,27.5703938
47.1601648,27.5703948
47.1601992,27.5703922
47.1601996,27.5703929
47.1611359,27.5714006
47.1615627,27.5687324
47.1634622,27.5641567
47.1666197,27.5577112
47.1676702,27.5575427
47.1712194,27.5608505
47.1724697,27.5657068
47.1707786,27.571917
47.169521,27.5769348
47.1733949,27.5734127
47.1766002,27.5707082
47.1789269,27.5687455
47.1811311,27.5668978
47.1838391,27.564624
47.1858344,27.5629382
47.1889608,27.5602633
47.190845,27.5590981
47.1906652,27.5584323
47.1906731,27.5584391
47.1906735,27.5584385
47.1906871,27.5584247
47.1907131,27.5585521
47.1906904,27.5585248
47.1886448,27.5606348
47.1864194,27.5625224
47.1846307,27.5640087
47.1819074,27.5663107
47.1798504,27.5680019
47.1756467,27.5715529
47.1749205,27.5720866
47.1741057,27.5728361
47.1717861,27.5747699
47.1700738,27.5746335
47.1710357,27.5705799
47.1723207,27.5636165
47.1724368,27.5631855
47.1725499,27.562895
47.1723696,27.5621422
47.1687037,27.5577783
47.1669227,27.557364
47.164901,27.5614923
47.1632973,27.5644867
47.1619205,27.5673478
47.1602151,27.5702948
47.160219,27.5702995
47.1602057,27.5703077
47.1601917,27.5702781
47.1603693,27.5707652
47.1620657,27.5697775
47.163109,27.564817
47.1637009,27.563625
47.1667329,27.557538
47.1689017,27.558023
47.1724593,27.5631634
47.1709377,27.5711541
47.169907,27.5756896
47.1714778,27.5749886
47.1736086,27.5731622
47.1766873,27.570611
47.1809424,27.5670452
47.183581,27.5647901
47.18614,27.5626112
47.1907908,27.5590419
47.1906737,27.5584403
47.1906646,27.5583913
47.1906719,27.5583846
47.1906474,27.5583829
47.1906665,27.5583715
47.1906541,27.5584131
47.1906761,27.5584315
47.1906763,27.5584426
47.187355,27.5617104
47.184642,27.5640011
47.1813529,27.5667124
47.1804512,27.5674418
47.1779527,27.5696222
47.1758647,27.5713304
47.1747963,27.5721728
47.1737562,27.5731125
47.1699781,27.5757824
47.1707939,27.5716703
47.1714081,27.5688689
47.1722814,27.563765
47.1724474,27.5631286
47.1724579,27.5631282
47.1701032,27.5595995
47.168084,27.5576775
47.1669685,27.5575061
47.1634447,27.5641898
47.1629633,27.5650922
47.1617835,27.5675492
47.1601989,27.5704291
47.1601998,27.5704307
47.160203,27.5704288
47.1602136,27.5703928
47.1605894,27.5710941
47.1618229,27.569403
47.1629145,27.5650705
47.1633371,27.5641679
