47.1524101,27.6022036
47.1524108,27.6022106
47.152416,27.6022173
47.1524203,27.6022229
47.1524212,27.6022235
47.1524222,27.6022232
47.1524231,27.6022242
47.1524564,27.6022941
47.153242,27.6023368
47.1532415,27.6023621
47.1532533,27.6023774
47.1532529,27.6024063
47.1532552,27.6024059
47.1532812,27.6023744
47.1532567,27.602358
47.1532574,27.6023581
47.1532574,27.6023584
47.1532576,27.6023589
47.1532579,27.6023599
47.1532549,27.6023453
47.1532669,27.6023319
47.1532684,27.6023338
47.1532606,27.6023334
47.1532601,27.6023334
47.1532567,27.6023339
47.1532562,27.602333
47.1532551,27.6023334
47.1532512,27.6023327
47.1532487,27.6023322
47.1532497,27.6023325
47.1532483,27.6023333
47.1532478,27.6023348
47.1532478,27.6023357
47.1532459,27.6023366
47.1532452,27.6023367
47.1532439,27.6023365
47.1532427,27.6023364
47.1532426,27.6023361
47.1532428,27.6023364
47.153243,27.6023366
47.1532433,27.6023372
47.1532437,27.6023375
47.1532434,27.6023374
47.1532442,27.6023367
47.1532457,27.602337
47.1532455,27.6023376
47.153246,27.6023381
47.153246,27.6023386
47.1532457,27.6023396
47.1532461,27.6023401
47.1532507,27.6023504
47.1532512,27.6023514
47.1532512,27.6023527
47.1532512,27.6023541
47.1532743,27.6023861
47.1532749,27.6023825
47.1532745,27.6023856
47.1532735,27.6023837
47.1532729,27.602381
47.1532728,27.6023797
47.1532732,27.6023794
47.1532742,27.602379
47.1532745,27.6023775
47.153274,27.6023509
47.1532783,27.6023529
47.1532789,27.6023523
47.153279,27.6023527
47.1532793,27.6023541
47.1532801,27.6023543
47.1532803,27.6023557
47.1532787,27.6023357
47.15328,27.6023381
47.1532529,27.6023533
47.1532524,27.6023548
47.1532521,27.6023552
47.1532446,27.6023592
47.1532436,27.6023504
47.1532417,27.6023512
47.153241,27.6023506
47.1532412,27.6023512
47.1532415,27.6023518
47.1532415,27.6023524
47.1532419,27.6023527
47.1532416,27.6023528
47.1532596,27.6023346
47.153258,27.6023373
47.1532568,27.6023396
47.1532556,27.6023408
47.1532552,27.6023413
47.1532548,27.6023412
47.1532517,27.6023277
47.1532434,27.602299
47.1532498,27.6023144
47.1532531,27.6023276
47.1532381,27.6023729
47.153237,27.6023749
47.1532371,27.6023736
47.1532268,27.6023835
47.1532309,27.6023414
47.1532308,27.6023425
47.1532302,27.6023438
47.1532297,27.6023458
47.1532304,27.602357
47.1532257,27.6023576
47.1532353,27.6023566
47.1532275,27.6023543
47.1532221,27.6023545
47.1532214,27.602354
47.1532204,27.6023534
47.1532196,27.6023532
47.1532193,27.6023529
47.1532188,27.6023522
47.1532188,27.6023519
47.1532062,27.6023649
47.1532137,27.6023491
47.153214,27.6023492
47.1532146,27.6023487
47.1532442,27.6023379
47.153257,27.6023489
47.1532545,27.6023466
47.1532548,27.6023468
47.1532103,27.6023968
47.1532093,27.6023985
47.1532412,27.6023829
47.1532465,27.6023655
47.1532526,27.6023717
47.1532501,27.6023707
47.1532668,27.6023644
47.1532678,27.6023637
47.1532677,27.6023621
47.1532673,27.6023612
47.1532843,27.602346
47.1532786,27.6023436
47.1532773,27.6023742
47.1532749,27.6023752
47.1532687,27.6023744
47.1532456,27.6023437
47.1532605,27.6023309
47.1532603,27.6023309
47.1532597,27.602331
47.1532486,27.6023297
47.1532354,27.6023368
47.1532347,27.6023392
47.1532337,27.6023438
47.1532668,27.6023708
47.1532609,27.6023655
47.1532556,27.6023637
47.1532556,27.6023645
47.1532547,27.6023646
47.1532541,27.6023647
47.1532545,27.6023647
47.153236,27.6023724
47.153238,27.6023707
47.1532379,27.6023708
47.1532375,27.6023704
47.1532377,27.6023702
47.1532384,27.6023693
47.1532388,27.6023697
47.1532394,27.6023687
47.1532403,27.6023691
47.1532416,27.6023675
47.1532401,27.6023663
47.1532399,27.6023628
47.1532388,27.6023554
47.1532393,27.6023541
47.1532393,27.6023547
47.1532403,27.6023537
47.1532411,27.6023538
47.1532413,27.6023535
47.153241,27.6023544
47.153241,27.6023556
47.1532218,27.6023428
47.1532064,27.6023366
47.1532058,27.6023387
47.1532055,27.6023408
47.1532051,27.6023427
47.153205,27.6023444
47.1532463,27.6023294
47.1532519,27.6023258
47.1532498,27.6023271
47.1532488,27.6023275
47.1532479,27.6023277
47.1532471,27.602328
47.1532463,27.6023279
47.1532456,27.602327
47.1532459,27.6023257
47.1532457,27.6023252
47.1532455,27.6023251
47.153245,27.6023257
47.1532454,27.6023259
47.1532456,27.6023261
47.1532456,27.6023257
47.1532449,27.6023255
47.1532474,27.6023271
47.1532466,27.6023284
47.1532462,27.6023292
47.1532458,27.6023295
47.1532453,27.6023302
47.1532445,27.6023315
47.153244,27.6023317
47.153244,27.6023313
47.1532455,27.6023311
47.1532457,27.6023315
47.1532459,27.6023316
47.153246,27.6023319
47.1532463,27.6023319
47.1532463,27.6023315
47.153252,27.6023285
47.1532424,27.6023268
47.1532419,27.6023291
47.1532613,27.6023284
47.1532611,27.6023288
47.1532608,27.6023298
47.1532609,27.602332
47.1532605,27.6023324
47.1532597,27.6023336
47.153259,27.6023349
47.1532582,27.6023367
47.1532582,27.602339
47.1532582,27.6023401
47.1532584,27.6023416
47.1532586,27.6023437
47.1532591,27.602343
47.1532592,27.6023427
47.1532595,27.6023422
47.1532591,27.6023429
47.1532588,27.6023428
47.1532589,27.6023431
47.1532591,27.6023416
47.1532508,27.6023488
47.1532583,27.6023496
47.1532693,27.6023593
47.1532697,27.6023601
47.1532709,27.6023597
47.1532721,27.6023597
47.1532724,27.6023594
47.153272,27.602359
47.1532716,27.6023586
47.1532716,27.6023581
47.1532712,27.6023574
47.1532712,27.6023567
47.1532709,27.6023553
47.1532698,27.6023538
47.15327,27.6023518
47.1532703,27.6023504
47.1532759,27.6023136
47.1532752,27.6023139
47.1532745,27.6023147
47.1532743,27.6023166
47.1532743,27.6023164
47.1532743,27.6023156
47.1532747,27.6023141
47.1532748,27.6023137
47.1532745,27.6023131
47.1532742,27.6023116
47.1532744,27.6023112
47.1532742,27.6023122
47.1532748,27.6023129
47.152118,27.6014809
47.1521169,27.6014812
47.1521165,27.601481
47.1521164,27.6014808
47.1521191,27.6015032
47.1521191,27.601504
47.1521192,27.6015032
47.1521189,27.6015022
47.1521182,27.6015019
47.152118,27.6015002
47.1521175,27.6015007
47.1521169,27.6015007
47.1521166,27.601501
47.1521154,27.6015019
47.1521151,27.6015016
47.1521147,27.6015009
47.1521141,27.6015011
47.1521144,27.6015003
47.1521146,27.6014999
47.1521145,27.6015005
47.1521143,27.6015008
47.1521136,27.6015019
47.152113,27.6015029
47.1521131,27.6015038
47.1521129,27.6015038
47.1521125,27.6015042
47.1521122,27.601504
47.1521118,27.601504
47.1521114,27.6015044
47.1521111,27.6015048
47.1521109,27.6015048
47.1521106,27.6015048
47.1521104,27.6015046
47.1521101,27.6015046
47.1521098,27.6015037
47.1521092,27.6015037
47.1521087,27.6015036
47.1521076,27.6015038
47.1521073,27.601504
47.1521066,27.6015035
47.1521065,27.6015034
47.1521063,27.6015035
47.1521056,27.6015041
47.1521051,27.6015046
47.1521051,27.6015044
47.1521051,27.601504
47.1521049,27.601504
47.152105,27.6015038
47.1521046,27.6015035
47.1521047,27.6015036
47.1521043,27.6015032
47.1521037,27.6015031
47.1521037,27.6015024
47.1521035,27.6015023
47.1521025,27.6015013
47.152102,27.6015008
47.1521014,27.6015003
47.1521009,27.6015002
47.1521007,27.6015
47.1521004,27.6015
47.1521002,27.6015002
47.1520999,27.6015002
47.1520999,27.6015003
47.1520996,27.6015006
47.1520993,27.6015013
47.1520991,27.6015013
47.1520989,27.6015011
47.1520989,27.601501
47.152099,27.6015011
47.1520996,27.6015013
47.1520997,27.6015008
47.1520973,27.6014693
47.1520987,27.6014672
47.1520975,27.6014716
47.1520973,27.6014768
47.1520987,27.6014756
47.1520999,27.6014747
47.1521013,27.6014764
47.1521026,27.6014745
47.1521017,27.6014771
47.152102,27.6014762
47.152102,27.6014759
47.1521045,27.6014793
47.1521051,27.6014805
47.1521052,27.6014823
47.152105,27.6014825
47.1521047,27.6014825
47.1521047,27.6014817
47.152105,27.6014813
47.1521051,27.601482
47.1521051,27.6014829
47.1521059,27.6014835
47.1521063,27.6014844
47.1521068,27.6014862
47.1521185,27.6015413
47.1521187,27.6015422
47.1521183,27.6015425
47.1521184,27.601543
47.1521203,27.6015363
47.1521204,27.6015379
47.1521239,27.6015493
47.1521241,27.6015478
47.1521239,27.6015468
47.152124,27.601546
47.1521239,27.6015454
47.1521241,27.6015451
47.1521236,27.6015449
47.1521229,27.6015424
47.1521226,27.6015417
47.152122,27.6015411
47.1521219,27.6015405
47.1521213,27.6015397
47.1521206,27.6015392
47.1521199,27.6015385
47.1521189,27.6015381
47.1521183,27.6015371
47.1521342,27.6015214
47.1521336,27.6015203
47.1521304,27.6015288
47.1521303,27.6015265
47.1521413,27.6015366
47.1521405,27.6015364
47.1521405,27.601536
47.1521395,27.6015345
47.1521384,27.6015331
47.1521372,27.6015323
47.1521359,27.6015317
47.1521358,27.601531
47.1521355,27.6015302
47.1521351,27.60153
47.152135,27.6015294
47.1521345,27.6015286
47.1521344,27.6015283
47.1521339,27.6015288
47.1521339,27.6015278
47.1521338,27.6015277
47.1521339,27.601527
47.1521131,27.6015388
47.1521122,27.6015382
47.1521145,27.6015363
47.1521136,27.6015354
47.1521137,27.6015337
47.1521129,27.6015331
47.1521123,27.6015333
47.1521116,27.6015328
47.1521116,27.6015326
47.152111,27.6015325
47.1521114,27.6015321
47.1521109,27.6015313
47.1521108,27.6015309
47.1521107,27.6015312
47.1521121,27.6015279
47.1521132,27.6015238
47.152113,27.6015239
47.1521129,27.6015231
47.1521136,27.601522
47.1521343,27.6015171
47.1521343,27.601516
47.1521336,27.6015155
47.1521339,27.6015138
47.1521346,27.6015145
47.1521343,27.601515
47.1521338,27.6015138
47.1521333,27.6015132
47.1521329,27.6015128
47.1521326,27.6015119
47.152131,27.6015147
47.1521299,27.6015141
47.1521299,27.6015136
47.1521289,27.6015134
47.152139,27.601512
47.1521183,27.6015314
47.1521211,27.6015196
47.1521237,27.6015143
47.1521236,27.6015144
47.1521231,27.6015141
47.152123,27.6015137
47.1521213,27.6015144
47.15212,27.6015155
47.1521195,27.6015162
47.1521193,27.6015163
47.1521202,27.6015152
47.1521196,27.6015139
47.1521098,27.6015034
47.1521084,27.6015027
47.1521068,27.601503
47.1521062,27.6014931
47.1521049,27.601494
47.1521037,27.6014944
47.1521024,27.6014947
47.1521025,27.6014952
47.1521017,27.6014953
47.1521008,27.6014962
47.1521007,27.6014964
47.1521,27.6015285
47.1521009,27.6015204
47.1521171,27.6015054
47.152116,27.6015048
47.1521082,27.601524
47.1520888,27.601528
47.1521215,27.601481
47.1521206,27.6014816
47.1520908,27.601484
47.1520918,27.6014837
47.1520927,27.6014836
47.1520945,27.6014845
47.1521263,27.6015357
47.1521268,27.6015479
47.1521273,27.6015475
47.152137,27.6014994
47.1521271,27.6014856
47.1521451,27.6015173
47.1521588,27.6015085
47.1521218,27.6015192
47.1521221,27.6015192
47.1521382,27.6014998
47.1521326,27.6014991
47.1521484,27.6015093
47.1521145,27.6014901
47.1521264,27.6014897
47.1521333,27.6015102
47.1521333,27.6015145
47.1521458,27.6015254
47.152145,27.6015252
47.1521538,27.6014876
47.1521703,27.6015362
47.1521468,27.6015242
47.1521438,27.6014901
47.1521047,27.6015157
47.1521343,27.601513
47.1521553,27.6015016
47.1521175,27.6015044
47.152118,27.6015049
47.1521208,27.6015176
47.152113,27.6015203
47.1520923,27.6015238
47.1520927,27.6015246
47.1520959,27.6015057
47.152114,27.601524
47.1521674,27.6015373
47.1521409,27.6015286
47.1521399,27.6015289
47.1521817,27.6015249
47.1521849,27.6015253
47.1521844,27.6015258
47.1521824,27.6015254
47.1521811,27.6015263
47.1521801,27.6015267
47.152179,27.6015258
47.1521766,27.6015238
47.1521731,27.6015226
47.1521701,27.601522
47.1521692,27.6015204
47.1521648,27.6015174
47.1521614,27.6015158
47.152159,27.601514
47.1521562,27.6015109
47.152154,27.6015088
47.1521515,27.6015093
47.1521183,27.6015041
47.1521189,27.6015063
47.1521189,27.6015067
47.1521182,27.6015073
47.1521172,27.6015075
47.1521162,27.6015084
47.1521161,27.6015093
47.1521162,27.6015098
47.1521152,27.6015106
47.1521135,27.6015122
47.1521121,27.6015129
47.1521109,27.6015137
47.1521088,27.601515
47.1521071,27.6015148
47.1521061,27.6015151
47.1521057,27.6015147
47.1521053,27.6015158
47.1521054,27.6015154
47.1521055,27.6015153
47.1521056,27.6015148
47.1521055,27.6015151
47.1521058,27.6015159
47.152106,27.601517
47.1521063,27.601517
47.1521073,27.6015164
47.1521076,27.6015163
47.1521081,27.601516
47.1521086,27.6015159
47.1521088,27.6015155
47.1521103,27.601514
47.1521107,27.6015109
47.1521105,27.6015113
47.1521104,27.6015114
47.1521106,27.6015117
47.1521108,27.6015118
47.1521111,27.601511
47.1521112,27.6015116
47.1521111,27.6015111
47.1521112,27.6015114
47.1521112,27.6015117
47.1521108,27.6015119
47.1521105,27.6015128
47.1521104,27.6015133
47.1521101,27.6015135
47.1521097,27.6015142
47.1521094,27.6015143
47.152109,27.6015136
47.1521087,27.6015144
47.1521085,27.6015141
47.1521085,27.6015143
47.1521081,27.6015143
47.1521079,27.6015136
47.1521075,27.6015139
47.1521073,27.6015145
47.1521074,27.6015149
47.1521075,27.6015156
47.1521073,27.6015161
47.1521072,27.6015162
47.1521075,27.6015167
47.1521079,27.601517
47.152108,27.6015174
47.1521081,27.6015181
47.1521086,27.6015176
47.1521087,27.6015172
47.1521088,27.6015172
47.1521088,27.6015171
47.1521089,27.6015173
47.1521089,27.6015174
47.1521252,27.6015353
47.1521233,27.6015514
47.1521342,27.6015783
47.1521375,27.6015756
47.1521394,27.6015564
47.1521385,27.6015575
47.1521257,27.6015463
47.1521391,27.6015006
47.15214,27.6015059
47.1521479,27.6014966
47.1521373,27.6015146
47.1521574,27.601557
47.152155,27.6015545
47.1521536,27.6015547
47.1521526,27.6015537
47.1521516,27.6015535
47.1521507,27.6015531
47.1521488,27.6015536
47.1521482,27.6015535
47.1521475,27.6015527
47.1521464,27.6015516
47.1521459,27.6015505
47.1521452,27.6015496
47.1521448,27.6015487
47.152144,27.6015482
47.1521358,27.6015421
47.1521165,27.6015377
47.1520976,27.6015232
47.1520975,27.6015231
47.1520959,27.6015221
47.152096,27.6015208
47.1520779,27.6014665
47.1520938,27.6014748
47.1520939,27.6014752
47.152094,27.6014748
47.1520947,27.601476
47.1521039,27.6015001
47.1521037,27.6015001
47.1521031,27.6014996
47.1521033,27.6014981
47.1520674,27.6015683
47.1520686,27.6015648
47.1520745,27.601551
47.1520779,27.6015497
47.1520802,27.6015488
47.1520829,27.6015485
47.1521151,27.6015109
47.1521225,27.6014722
47.1520939,27.6014862
47.1520957,27.6014857
47.1520852,27.6014786
47.1520854,27.6014797
47.1520853,27.6014815
47.1520852,27.6014825
47.152098,27.601482
47.152098,27.6014823
47.152098,27.6014838
47.1520976,27.6014865
47.1520974,27.6014869
47.1521171,27.6014833
47.1521427,27.6014963
47.152143,27.6014965
47.1521415,27.6014974
47.1521402,27.6015
47.152139,27.6015019
47.1521382,27.6015036
47.1521377,27.6015049
47.1521384,27.6015059
47.1521382,27.6015063
47.1521379,27.601505
47.1521374,27.6015037
47.1521426,27.6015019
47.1521426,27.6015016
47.1521429,27.6015021
47.1521568,27.6014953
47.1521546,27.6014915
47.152152,27.6014954
47.1521515,27.6014964
47.1521515,27.6014973
47.152152,27.6014972
47.1521503,27.6014972
47.1521344,27.6014834
47.1521332,27.6014826
47.1521328,27.6014833
47.1521329,27.6014838
47.1521326,27.6014843
47.1521327,27.6014842
47.1521329,27.601484
47.152132,27.6014846
47.1521321,27.6014846
47.1521316,27.6014837
47.1521316,27.601483
47.1521304,27.6014836
47.1521134,27.6014805
47.1521093,27.6014775
47.1521093,27.601477
47.1521278,27.6014718
47.1521254,27.6014786
47.1521271,27.6014866
47.1521119,27.6014888
47.1521085,27.6014892
47.1521037,27.6014895
47.1521,27.6014894
47.1520953,27.6014896
47.1521175,27.601486
47.1521149,27.6014862
47.1521118,27.6014864
47.1521088,27.6014873
47.1520959,27.6014769
47.1520947,27.6014781
47.1521107,27.6014952
47.152136,27.6015201
47.1521468,27.6015149
47.1521455,27.6015153
47.1521449,27.6015157
47.1521431,27.6015152
47.1521413,27.6015147
47.1521397,27.6015139
47.1521304,27.601505
47.1521371,27.6015059
47.1521355,27.6015056
47.1520919,27.6015149
47.1520943,27.6015041
47.1520908,27.6014617
47.1524292,27.6013318
47.1524329,27.6013285
47.1524343,27.6013278
47.152436,27.6013262
47.1524364,27.6013261
47.1524376,27.6013253
47.1524396,27.6013247
47.1524417,27.6013254
47.1524409,27.6013251
47.1524414,27.6013229
