47.1337214,27.5785658
47.1353217,27.5839948
47.1356615,27.5879541
47.1361608,27.5918861
47.1365153,27.5950001
47.1368669,27.6007948
47.1371351,27.6052598
47.1393212,27.6033545
47.1421109,27.5993062
47.1430749,27.5979206
47.1450471,27.5949979
47.1453656,27.5946968
47.1472987,27.5922886
47.1492874,27.5897876
47.1509044,27.5877446
47.1512823,27.5877647
47.1518847,27.5878215
47.1519133,27.5878397
47.1528673,27.5863376
47.153464,27.5849076
47.1541667,27.5832306
47.1565007,27.5782826
47.1584001,27.5755071
47.1605368,27.5732369
47.1612929,27.5733398
47.1654822,27.5715196
47.1669819,27.5694886
47.1674768,27.568554
47.1688456,27.5660038
47.1715608,27.5603714
47.1729115,27.5549402
47.1735383,27.5523836
47.1734663,27.54707
47.1734229,27.5461665
47.1731288,27.5408434
47.1729836,27.5397036
47.1723834,27.5377256
47.1723664,27.5376753
47.1722918,27.5374086
47.1724819,27.5376376
47.1731105,27.5424731
47.1732376,27.5443877
47.1735713,27.5507747
47.1722082,27.5583052
47.1694159,27.5647614
47.1684313,27.5667056
47.1664978,27.5702251
47.1664818,27.5701617
47.1612014,27.5731087
47.1592642,27.5737824
47.1569496,27.5744218
47.1511866,27.576085
47.1489142,27.5793266
47.1465033,27.5833733
47.1460427,27.5872366
47.1471017,27.5915729
47.1462826,27.5933861
47.1446693,27.5953274
47.1425673,27.5983342
47.1418629,27.5993578
47.1417342,27.5995552
47.1409202,27.6008954
47.1392831,27.6031897
47.13761,27.6056677
47.1340881,27.6109256
47.1309311,27.6136727
47.1273458,27.6165889
47.124425,27.620961
47.121285,27.6254177
47.1166849,27.6319516
47.1166952,27.6319036
47.1166943,27.631903
47.1166945,27.6319043
47.1166956,27.6319032
47.1167224,27.6317663
47.1167203,27.6317769
47.1166951,27.6318623
47.1166944,27.6318668
47.1164814,27.6319732
47.1204647,27.6266786
47.1237201,27.6224078
47.1270897,27.6168844
47.1303972,27.6140862
47.1318718,27.6131952
47.1340789,27.611122
47.1346505,27.6101952
47.1350762,27.6095987
47.1354813,27.6089777
47.1367964,27.6070307
47.1408296,27.6010544
47.1419406,27.5993658
47.1422417,27.5989351
47.1422212,27.5989138
47.1422091,27.5989965
47.1422101,27.5989956
47.1422131,27.5989973
47.1422015,27.598969
47.1422027,27.5989702
47.1422287,27.5989265
47.1422939,27.5988434
47.1458822,27.5940444
47.147355,27.5921775
47.1461992,27.5893473
47.1461156,27.5860809
47.1475884,27.5814755
47.148925,27.5793276
47.1530191,27.5740458
47.158882,27.5754837
47.1602896,27.5731494
47.1632906,27.5727544
47.1663661,27.5706559
47.1690855,27.5693531
47.1677193,27.5732272
47.1665447,27.5770392
47.1654852,27.5809215
47.1654123,27.5818903
47.1674934,27.5823456
47.167708,27.5815143
47.1694285,27.5771483
47.1728876,27.5737707
47.1752715,27.5717751
47.1791288,27.5685508
47.1807847,27.5671627
47.1864663,27.5623741
47.191296,27.5582476
47.1971536,27.5518686
47.1995347,27.5420765
47.2007454,27.537776
47.2027057,27.534817
47.2072079,27.5308304
47.2096788,27.5314419
47.2096758,27.5314366
47.2096617,27.5314264
47.2096497,27.5314133
47.2096361,27.5314377
47.2096366,27.53144
47.2096375,27.5314427
47.2096393,27.5314455
47.2096413,27.5314477
47.2096443,27.5314501
47.2096621,27.5314614
47.209682,27.531482
47.2096828,27.5314828
47.2097162,27.5314464
47.2097288,27.5314652
47.2097249,27.5314846
47.2097247,27.5314837
47.2097037,27.531483
47.2097223,27.5314645
47.209724,27.5314647
47.2097284,27.5314386
47.209732,27.531429
47.209722,27.5314832
47.2096933,27.5314678
47.2096925,27.5314662
47.2096904,27.5314607
47.2096999,27.5314397
47.2096986,27.5314405
47.2096971,27.5314392
47.2096991,27.5314378
47.2073117,27.5308476
47.2014585,27.5362179
47.1989082,27.5428613
47.1969935,27.5521918
47.1918934,27.5577777
47.1879041,27.5611145
47.1825987,27.5656948
47.1774649,27.5699864
47.175051,27.5719221
47.1736807,27.5730378
47.1704358,27.5757753
47.167577,27.5770722
47.1668264,27.5761832
47.1662512,27.5711926
47.1680679,27.5674698
47.1709382,27.5616005
47.1722711,27.5581765
47.173465,27.5522797
47.1735651,27.5508003
47.1729984,27.5414838
47.172379,27.5378006
47.1723982,27.5377927
47.1722866,27.5377728
47.1722879,27.5377747
47.1722914,27.5377765
47.1728832,27.5391272
47.1732207,27.5441095
47.1732853,27.5454269
47.1734734,27.5489759
47.1734973,27.5516424
47.1720493,27.55898
47.1700326,27.5633905
47.1679017,27.5674472
47.1673668,27.5685831
47.1662429,27.5703418
47.1658973,27.5709786
47.1643497,27.5719751
47.1603967,27.5729879
47.1575886,27.5748907
47.1565835,27.5762562
47.1537423,27.5827223
47.1519937,27.5860525
47.1503338,27.5883638
47.1486881,27.5904124
47.1472713,27.5921261
47.1462007,27.5934586
47.1440045,27.5962362
47.1418412,27.5994335
47.1411001,27.6003817
47.13933,27.6030795
47.1378504,27.6053244
47.1369895,27.6028619
47.1367522,27.598265
47.1365412,27.5946062
47.1356626,27.5882857
47.1355317,27.5868831
47.1336406,27.5796399
47.1339784,27.5756888
47.1336573,27.5755984
47.1336384,27.5754768
47.1336547,27.5754645
47.1336569,27.5754614
47.1336567,27.5754618
47.133673,27.5754765
47.1339764,27.5750475
47.1338558,27.5803211
47.1354086,27.586617
47.1363334,27.5934693
47.1365503,27.5963815
47.1369181,27.6014228
47.1372479,27.6060534
47.137619,27.6059002
47.1412768,27.6004306
47.1428108,27.5981542
47.1448218,27.5953081
47.1458555,27.5941765
47.1473382,27.5922646
47.1501055,27.5887382
47.1506909,27.5880706
47.1515168,27.5876907
47.1528261,27.5863827
47.1536667,27.5845121
47.1541058,27.5835901
47.1572762,27.5765816
47.1591068,27.5741143
47.1621072,27.5733035
47.1656751,27.5716251
47.1673002,27.5689999
47.1674804,27.5686018
47.1692268,27.5652944
47.1722349,27.5581805
47.1733234,27.5528999
47.173455,27.5486355
47.1732727,27.5446858
47.1729422,27.5400366
47.1727405,27.5374718
47.1723914,27.5375025
47.1723979,27.5375083
47.1723978,27.537509
47.1723971,27.5375097
47.1724227,27.5374938
47.1723667,27.5374447
47.1723886,27.5375248
47.172388,27.5375245
47.1723731,27.5375164
47.17236,27.5377039
47.1723693,27.5377859
47.1726951,27.5379963
47.1731911,27.5437191
47.1733074,27.5457735
47.1735084,27.5493155
47.1731212,27.5537638
47.1707806,27.5617095
47.1686326,27.5660375
47.1678037,27.5675792
47.1664715,27.5701146
47.1633152,27.5725885
47.1600674,27.5730382
47.1570818,27.5745966
47.155241,27.5794453
47.153447,27.583375
47.1509049,27.5871955
47.1491122,27.5897899
47.1466768,27.5927841
47.1445413,27.5954526
47.1429966,27.5976738
47.1403128,27.601739
47.1372048,27.6055512
47.136964,27.6009913
47.1366626,27.5966452
47.1364997,27.5946781
47.1359194,27.589786
47.135647,27.5878411
47.1353376,27.5842413
47.1340992,27.5773026
47.1340982,27.5763752
47.1337715,27.575713
47.1337689,27.5757079
47.1337745,27.5757149
47.1337394,27.5754946
47.1337412,27.5754929
47.13374,27.5754908
47.1337381,27.5754898
47.1337369,27.5754895
47.1337352,27.5754889
47.1337332,27.5754888
47.1337323,27.5754891
47.1337276,27.5754866
47.1336973,27.5754739
47.1336819,27.575472
47.133681,27.5754719
47.1338865,27.5756009
47.1349431,27.5820224
47.135462,27.5867633
47.1363078,27.5933021
47.1723596,27.5376054
47.1723587,27.5376051
47.1723596,27.5376375
47.1520422,27.6023615
47.1520419,27.6023633
47.1356892,27.588074
47.1352795,27.5841456
47.1339069,27.5780491
47.1343363,27.5756481
47.1337627,27.5761996
47.1336526,27.5755984
47.1336964,27.5755008
47.1336927,27.5754993
47.1336912,27.5754988
47.1336669,27.5755018
47.1336308,27.5754831
47.1335998,27.5755193
47.1336166,27.5754992
47.1336242,27.5754912
47.1336215,27.5754909
47.133652,27.575507
47.1336504,27.5755081
47.1336297,27.5755165
47.133605,27.5755226
47.1336034,27.5755241
47.1339501,27.5753685
47.133556,27.5793259
47.1353197,27.5859757
47.1356943,27.5886461
47.1363401,27.5939539
47.1367223,27.5989782
47.1370095,27.6016932
47.1370498,27.602137
47.1371427,27.6031748
47.1370992,27.6039913
47.1371823,27.6051229
47.1388769,27.6040379
47.1412801,27.6004793
47.1422937,27.5989092
47.1434234,27.5972925
47.1453092,27.5947092
47.1469365,27.592734
47.1495467,27.5894008
47.1502455,27.5886344
47.1503833,27.5884729
47.1518116,27.5877451
47.1526802,27.586746
47.1540565,27.5836994
47.1556944,27.5799802
47.1580969,27.5757262
47.1591229,27.5749772
47.1611955,27.5733721
47.1622769,27.5733351
47.1655361,27.571578
47.1667129,27.5700498
47.1674247,27.5687853
47.167877,27.5679024
47.1714263,27.5606669
47.172385,27.5575401
47.1735544,27.5518446
47.1734482,27.5478744
47.1734318,27.5471418
47.1732414,27.5434622
47.1731523,27.5423437
47.1730839,27.5416213
47.1729726,27.5407159
47.1724288,27.5373987
47.1723375,27.5377966
47.1723383,27.5377964
47.1723404,27.5377945
47.1723392,27.5377931
47.1723545,27.5377756
47.17276,27.5380388
47.1731095,27.5414257
47.1732793,27.5445815
47.173367,27.5464508
47.1735216,27.549786
47.1734264,27.5518545
47.172204,27.5579089
47.170901,27.5613402
47.1684664,27.5663017
47.1680619,27.5670703
47.1672058,27.5685708
47.1662909,27.570315
47.1655423,27.5712292
47.1616599,27.5732094
47.160705,27.5731124
47.1575686,27.5748916
47.1565193,27.5762201
47.1541137,27.5817293
47.153125,27.5839791
47.1509138,27.5871888
47.150305,27.5882999
47.1483092,27.5908144
47.1465372,27.5929645
47.1440452,27.5961259
47.14105,27.6003808
47.1387648,27.6038289
47.1370865,27.604278
47.1367155,27.5990486
47.1365059,27.5955512
47.1361886,27.5919636
47.1355385,27.5869454
47.1346936,27.5813298
47.1340819,27.5773728
47.134282,27.5754573
47.1336545,27.5755041
47.1336536,27.5754928
47.1336529,27.5754918
47.1336514,27.5754923
47.1336513,27.5754923
47.1336505,27.5754922
47.1336455,27.5754949
47.1336433,27.5754961
47.1336422,27.5754959
47.1336436,27.5754958
47.1336433,27.575495
47.1336442,27.575495
47.1336401,27.5754855
47.1336433,27.5754931
47.1337896,27.5748606
47.1339878,27.5758379
47.1343668,27.5809078
47.1354244,27.5867175
47.1356979,27.5882714
47.1363949,27.5939415
47.1368287,27.5991032
47.1370098,27.6028988
47.1372446,27.6061169
47.1372386,27.6061577
47.1406588,27.6013046
47.1421861,27.5990414
47.1435551,27.596986
47.1452819,27.5946684
47.1470009,27.5925549
47.1483361,27.5909457
47.1503089,27.5882997
47.1507419,27.5878394
47.1517779,27.587809
47.1517991,27.5877794
47.1528809,27.5862358
47.1540717,27.5836388
47.1559077,27.5795874
47.157413,27.5764134
47.1596925,27.5732907
47.1613443,27.5732938
47.1626209,27.5730849
47.1655991,27.5712415
47.1661958,27.5710727
47.1673875,27.5686854
47.1674825,27.568543
47.1713141,27.5610253
47.1724274,27.5572753
47.1733677,27.5528137
47.1735367,27.5488142
47.1733048,27.5444252
47.1730241,27.541341
47.172947,27.5409582
47.1724274,27.5374668
47.1723686,27.5377844
47.1724307,27.5377491
47.1724379,27.5377492
47.172422,27.5377764
47.1724201,27.5377755
47.1724213,27.5377724
47.1724197,27.5377719
47.1724104,27.5377689
47.1724249,27.5377589
47.1728419,27.5381659
47.1730961,27.542297
47.1732558,27.5449645
47.1733751,27.5469532
47.173527,27.5500619
47.1730711,27.5542636
47.1713485,27.5604187
47.1707009,27.562204
47.1677346,27.567807
47.1663827,27.5703471
47.1663897,27.5703475
47.165283,27.5715372
47.1614029,27.5732338
47.1580221,27.5750377
47.1548675,27.5804276
47.1535606,27.582963
47.1516378,27.5872193
47.1507225,27.5878454
47.150291,27.5883179
47.1477588,27.5915023
47.1477559,27.5915133
47.1465855,27.5929804
47.1454334,27.5943227
47.1435649,27.596895
47.1411852,27.6006198
47.1399558,27.6022849
47.138503,27.6043995
47.1372183,27.6049172
47.1369739,27.60125
47.1367484,27.5974311
47.136446,27.594574
47.1359422,27.5902753
47.1356613,27.58836
47.1354676,27.5864886
47.1337617,27.5799402
47.13405,27.5757908
47.1336942,27.5754399
47.1336933,27.5754076
47.1336865,27.5754053
47.1336931,27.5753949
47.1336975,27.5753872
47.1336662,27.5753743
47.133852,27.5747975
47.1348253,27.5816371
47.1353825,27.5866445
47.1361516,27.5920195
47.1364846,27.5953571
47.1368283,27.600735
47.137078,27.6036015
47.137116,27.6049995
47.1372222,27.6057839
47.1379538,27.6054755
47.1417578,27.5997006
47.1435943,27.5970346
47.1452985,27.5946908
47.1464864,27.5932423
47.1490095,27.5901231
47.1733164,27.5447681
47.1508727,27.5873141
47.1502164,27.588563
47.13682,27.5987086
47.1365051,27.5944185
47.1358069,27.5885535
47.1353791,27.584853
47.1338597,27.5783441
47.1342678,27.5754486
47.1337349,27.5755041
47.1337355,27.5755041
47.1337357,27.5755051
47.1337348,27.5755068
47.1337345,27.5755088
47.1337345,27.5755095
47.1337343,27.5755093
47.1337891,27.5748155
47.133591,27.5794932
47.1350457,27.5822883
47.1354028,27.5866286
47.1361832,27.5924769
47.1364559,27.5947335
47.1368778,27.6006328
47.1371433,27.6043663
47.1371981,27.6056092
47.1372406,27.6059061
47.1372225,27.6059162
47.1404959,27.6015889
47.1421059,27.5992741
47.1446329,27.5955468
47.1455036,27.5944344
47.1471253,27.5924659
47.1498246,27.5891021
47.150598,27.5879768
47.1518854,27.5877939
47.1519378,27.5878566
47.1529388,27.5861117
47.1542399,27.5833115
47.1568166,27.5775353
47.1581477,27.5756261
47.160196,27.5731532
47.1622384,27.5733289
47.1648409,27.5717969
47.1655776,27.5714968
47.1658106,27.5714987
47.1673348,27.5689415
47.1674398,27.568621
47.1699612,27.5639044
47.1721281,27.5589037
47.1733742,27.5528652
47.173597,27.5513941
47.1733974,27.547264
47.1731577,27.5428206
47.1730714,27.5420329
47.1730435,27.540742
47.1729727,27.5396673
47.1723342,27.5375467
47.1723342,27.5375468
47.1723461,27.5375909
47.1723134,27.5376343
47.173122,27.5419272
47.1732578,27.5459575
47.1734838,27.5503367
47.1721526,27.5584797
47.1697738,27.5640667
47.1677869,27.5676806
47.1673974,27.5684448
47.1663317,27.5703388
47.1663191,27.5703498
47.163792,27.5723566
47.1613892,27.5731783
47.1576306,27.5749436
47.157004,27.5746674
47.1560592,27.5777815
47.1537308,27.5827466
47.1521037,27.5863071
47.1507939,27.5877108
47.1501095,27.5885331
47.1480086,27.5912828
47.1469862,27.5924786
47.1459988,27.5936718
47.1437022,27.5966212
47.1418546,27.5993557
47.1412273,27.6005021
47.1392069,27.6033349
47.1371656,27.6043665
47.1368638,27.6001055
47.1367304,27.5966306
47.1364982,27.5946707
47.1358176,27.5888525
47.1354839,27.5867085
47.1336531,27.5795927
47.1340407,27.575619
47.1337407,27.5762019
47.1337754,27.5757242
47.1337751,27.5757243
47.1337912,27.5756767
47.1337802,27.5756805
47.1337802,27.5756665
47.1337868,27.5756545
47.1337789,27.5756715
47.133778,27.5756725
47.133763,27.5757225
47.133772,27.5757384
47.1337433,27.5757547
47.1337448,27.5757345
47.1337414,27.5757432
47.1337415,27.5757428
47.133742,27.5757417
47.1337417,27.5757418
47.1337409,27.575741
47.1337404,27.575741
47.1337418,27.5757386
47.1338126,27.5757336
47.1338048,27.5757428
47.1337806,27.5755125
47.1339231,27.5779804
47.13523,27.5850144
47.1360289,27.5908859
47.1364893,27.5955461
47.1368702,27.6008335
47.1371379,27.6049598
47.1351987,27.6094088
47.1321803,27.6129971
47.1285767,27.6154788
47.1246495,27.6204577
47.1220902,27.6243155
47.1190189,27.6297729
47.1166978,27.6319433
47.1167329,27.6319751
47.1167228,27.6320073
47.1167356,27.6319552
47.1167216,27.6319435
47.1167618,27.6318762
47.1167415,27.6319546
47.1167396,27.6320057
47.1167348,27.6320336
47.1167156,27.6320081
47.1167075,27.6319865
47.1167426,27.6318954
47.116743,27.6318832
47.1167424,27.6318463
47.1167365,27.6318708
47.1167489,27.6318659
47.116728,27.6318996
47.1167214,27.6318248
47.1166557,27.6319018
47.1167187,27.6319276
47.1167126,27.6319094
47.1166806,27.6318179
47.116673,27.6318554
47.1166612,27.6319103
47.1167026,27.6319461
47.1166786,27.6319605
47.1166995,27.6319653
47.1166855,27.6319844
47.1167168,27.6318969
47.1167116,27.631929
47.1167371,27.6317976
47.1167346,27.6318132
47.1166837,27.6318307
47.1166956,27.6318398
47.1167198,27.631836
47.1167119,27.6318616
47.1166795,27.631867
47.1166856,27.6318575
47.1166972,27.6318844
47.1170851,27.6319354
47.1217014,27.624849
47.1256495,27.6189548
47.1294889,27.6148405
47.1307261,27.6138901
47.1307552,27.6139282
47.1307649,27.6139246
47.1307455,27.6138922
47.1328399,27.6127997
47.134881,27.6098449
47.1359475,27.6083581
47.1367909,27.6070639
47.1403333,27.601794
47.1422528,27.5989619
47.1422262,27.5989506
47.1422314,27.5990242
47.1422478,27.5989873
47.1422713,27.5989717
47.1422233,27.598982
47.1422356,27.5989648
47.1422359,27.5989629
47.1422585,27.5990126
47.1442522,27.5959325
47.1462782,27.5933842
47.1469111,27.5925969
47.1469577,27.5925096
47.1472808,27.5922292
47.146196,27.5895001
47.1461038,27.5861913
47.1482605,27.5804521
47.1520496,27.5749662
47.1533234,27.5739699
47.159024,27.5754228
47.1617069,27.5733805
47.1654091,27.5715727
47.1673359,27.5737602
47.165628,27.5805471
47.166073,27.5822417
47.1674364,27.5826257
47.1688887,27.5785758
47.1712821,27.5751422
47.173024,27.5736935
47.1782353,27.5693333
47.1802246,27.5676815
47.1839164,27.5645945
47.1861187,27.562714
47.1910532,27.5584568
47.1955982,27.5545654
47.1979673,27.5472067
47.2005455,27.538976
47.2027219,27.5347139
47.2049974,27.5317212
47.2094966,27.531854
47.2095409,27.5318197
47.209479,27.5317876
47.2094968,27.5318329
47.2094816,27.5317973
47.2094418,27.5317612
47.2094709,27.5317643
47.2095183,27.5317349
47.2096296,27.5317349
47.2096755,27.5316815
47.2096987,27.5314764
47.2096864,27.5315961
47.209687,27.5315914
47.2096885,27.5315879
47.2096895,27.5315841
47.2096896,27.5315822
47.2096701,27.5315436
47.2096794,27.5315454
47.2096955,27.5315469
47.2096939,27.531548
47.2096536,27.5314626
47.2096549,27.5314616
47.2096597,27.5314546
47.2096855,27.531481
47.2096849,27.5314811
47.2096842,27.5314796
47.2096878,27.5314866
47.2096882,27.5314861
47.2096773,27.5314773
47.2096662,27.5314795
47.2096671,27.5314793
47.209667,27.5314759
47.2096852,27.531466
47.2096854,27.5314654
47.2096851,27.5314657
47.209685,27.5314657
47.2096849,27.5314648
47.2096845,27.5314641
47.2073385,27.5309218
47.2024954,27.534995
47.1997847,27.5416906
47.1976256,27.5492426
47.1947456,27.5552914
47.1907157,27.5584974
47.1880785,27.560969
47.1865543,27.5622893
47.1847003,27.5638088
47.1824565,27.5657166
47.1790654,27.5685602
47.1744839,27.5723225
47.1718567,27.5745913
47.1691002,27.5766561
47.1670974,27.5751106
47.1664428,27.5720241
47.1669438,27.5695
47.1689602,27.5656378
47.1722333,27.5583547
47.1734066,27.5528182
47.1734329,27.5473481
47.1732919,27.5449314
47.1724271,27.5373414
47.1723411,27.5375151
47.1723586,27.5374901
47.1724009,27.5374471
47.1723392,27.5375762
47.1723718,27.5375904
47.1723808,27.5376075
47.1723745,27.5375774
47.1727753,27.5379632
47.1732464,27.54427
47.1734159,27.5484679
47.173569,27.55014
47.1727738,27.5555631
47.170998,27.5613704
47.1677836,27.5676669
47.1664051,27.570253
47.1661678,27.5706782
47.1631591,27.5726984
47.1593983,27.5735985
47.1574626,27.5748355
47.1566163,27.576397
47.1537321,27.5827357
47.1526543,27.5852379
47.1516711,27.5872239
47.1500264,27.5885882
47.1480243,27.5912906
47.1465939,27.5929387
47.1441208,27.596041
47.1420116,27.5991134
47.1411816,27.6003543
47.1385408,27.6042756
47.1370971,27.6042776
47.1367989,27.5999829
47.1366027,27.5962833
47.1364221,27.5942186
47.1355581,27.5872427
47.1353077,27.5834314
47.1341011,27.5762826
47.1336795,27.5762186
47.1336582,27.5755301
47.1336893,27.5755124
47.1336802,27.5755119
47.1336795,27.5755111
47.1336816,27.5754653
47.1336698,27.5754947
47.1336694,27.575496
47.1336675,27.5755131
47.1340148,27.5761294
47.1352428,27.5833912
47.1356595,27.5878827
47.136405,27.5939359
47.1367155,27.5972455
47.1368839,27.6008936
47.1371814,27.6057941
47.1405826,27.6014305
47.1428012,27.5981416
47.1438766,27.5964231
47.1452887,27.5946741
47.1469871,27.5926659
47.1492496,27.589822
47.1512286,27.5878108
47.1516896,27.5877602
47.152832,27.5864248
47.1548949,27.5817256
47.1573761,27.5765027
47.1595349,27.5736178
47.1612871,27.5733977
47.1655101,27.5715413
47.1671941,27.5691736
47.1674656,27.5685393
47.1689488,27.5659414
47.1715636,27.5603849
47.1727596,27.5555786
47.1735795,27.5515686
47.1735914,27.5506735
47.1732869,27.5444476
47.1728941,27.5399814
47.1724607,27.537395
47.1722748,27.5376408
47.172368,27.5378322
47.172374,27.5378176
47.1723682,27.5378266
47.1724124,27.5378061
47.172447,27.537806
47.1724491,27.5378056
47.1724266,27.5378156
47.1724304,27.5378402
47.1724021,27.5378815
47.1723826,27.5379283
47.1723851,27.5378979
47.1723839,27.5378973
47.1723826,27.537895
47.1728055,27.5380524
47.1730157,27.5414767
47.1732366,27.544673
47.1733153,27.5461662
47.1735195,27.5513184
47.172362,27.5574327
47.1520112,27.6025442
47.1520103,27.6025477
47.1520009,27.602511
47.151984,27.6025618
47.1519755,27.6025565
47.1519747,27.6025569
47.1519722,27.6025583
47.1519795,27.602597
47.1519788,27.6025973
47.1519789,27.6025966
47.1519781,27.6025967
47.1519776,27.6025985
47.1519767,27.6026009
47.1519756,27.6026042
47.1519756,27.6026049
47.1519755,27.602605
47.1519761,27.6026043
47.1519762,27.6026039
47.1519777,27.6026029
47.1519781,27.6026016
47.1519771,27.6026014
47.1519768,27.6026009
47.1519773,27.6026008
47.1519771,27.6026027
47.1520262,27.6025741
47.1520199,27.6025631
47.1520192,27.6025628
47.1520001,27.6025755
47.1519892,27.6025784
47.1519889,27.6025776
47.1519885,27.602578
47.1519882,27.6025781
47.1519879,27.6025786
47.1519883,27.6025778
47.1519886,27.6025777
47.1519884,27.6025768
47.1519884,27.6025769
47.1519887,27.6025773
47.1519886,27.602577
47.1519886,27.6025771
47.152004,27.6026102
47.1520026,27.6026411
47.1521967,27.602247
47.1524242,27.6029582
47.1524243,27.6029594
47.1524253,27.6029615
47.1524255,27.6029614
47.1524136,27.6029523
47.1524131,27.6029527
47.1523086,27.6032017
47.1488313,27.602542
47.147366,27.6070312
47.1471006,27.6090686
47.1452437,27.6070575
47.1423767,27.6011447
47.142123,27.600755
47.1381335,27.6049599
47.1346449,27.6101433
47.131044,27.6135508
47.1252543,27.6196456
47.1233331,27.6230228
47.1190423,27.629539
47.1164861,27.6319939
47.1168246,27.6321189
47.1168617,27.6320619
47.1168628,27.632059
47.1168692,27.6320738
47.1168817,27.6320851
47.1169159,27.6321126
47.1169163,27.6321127
47.1168902,27.6321215
47.116863,27.6321155
47.1168622,27.6321155
47.1168841,27.6321072
47.1168672,27.632103
47.116868,27.6321011
47.116826,27.6321197
47.1168207,27.6321519
47.1167986,27.6321443
47.1167976,27.632173
47.1168144,27.6321782
47.1168405,27.632178
47.1168632,27.6321489
47.1168624,27.6321312
47.1168318,27.6321271
47.1182467,27.6313243
47.120677,27.6263114
47.1242138,27.6215468
47.1252887,27.6196585
47.1286764,27.615554
47.1308091,27.6138123
47.1352369,27.6093809
47.1369677,27.6068139
47.141215,27.600477
47.142359,27.598799
47.1453187,27.5947176
47.1474795,27.5921885
47.1499046,27.5954361
47.1522206,27.5985671
47.1538543,27.603498
47.1537591,27.6038404
47.1565232,27.6034611
47.158513,27.6013976
47.1602929,27.5978153
47.1629473,27.5941614
47.165716,27.589852
47.1662306,27.5880541
47.1674793,27.5825095
47.1675388,27.582565
47.1684716,27.5797089
47.170115,27.5751874
47.1711587,27.5702097
47.1725568,27.5628758
47.1738306,27.5583489
47.17439,27.5522028
47.1746628,27.5496468
47.1749574,27.5439926
47.1747597,27.5420727
47.1734601,27.5371444
47.1730641,27.5329448
47.1730583,27.5328325
47.1730832,27.5328048
47.1730779,27.5328321
47.1731291,27.5329122
47.1730793,27.5328755
47.1730889,27.5328152
47.1730908,27.5328134
47.1729194,27.5334687
47.1735775,27.5389346
47.173637,27.5391303
47.1748521,27.5443309
47.1744358,27.55062
47.1743029,27.55247
47.1742621,27.5524408
47.1735949,27.5590289
47.1724743,27.5660351
47.1706271,27.5725789
47.1682307,27.5800071
47.1678691,27.5809292
47.1667718,27.5851557
47.1661903,27.5878526
47.1643893,27.5909649
47.1631724,27.5938147
47.1620458,27.5948738
47.1612261,27.5957519
47.1589159,27.600196
47.1566427,27.6033238
47.1545164,27.6041329
47.153623,27.6004854
47.1502574,27.5957931
47.1467531,27.5927953
47.1456058,27.5941108
47.1439394,27.596316
47.1412289,27.6004599
47.1399013,27.6023494
47.1383222,27.6047181
47.1359517,27.6081805
47.1330322,27.6125114
47.1303075,27.6141145
47.1265469,27.6173821
47.124263,27.6213627
47.1213301,27.6253275
47.1174999,27.6317606
47.1166541,27.6321868
47.1166506,27.6321862
47.1166523,27.6321851
47.1166668,27.6322244
47.116666,27.6322242
47.1166447,27.6322139
47.1166416,27.6322155
47.1166311,27.6321993
47.1167894,27.6320884
47.1167722,27.6321066
47.1167842,27.6320971
47.1167931,27.6321009
47.1167936,27.6320997
47.1167925,27.6321013
47.1167868,27.6321156
47.1167859,27.6321136
47.1167859,27.6321134
47.1168152,27.6320987
47.1168022,27.6321132
47.1167825,27.6321267
47.1197086,27.6285041
47.123186,27.6233064
47.1237291,27.6223595
47.1279048,27.6162347
47.1306937,27.6139418
47.1353702,27.6092091
47.1380125,27.6052448
47.1418887,27.5995384
47.1436098,27.5969504
47.1452978,27.5947652
47.1471801,27.5924401
47.1475703,27.5922883
47.1496551,27.5951098
47.1522273,27.5986638
47.1538785,27.6030097
47.1542075,27.6041106
47.1567795,27.6031803
47.1590337,27.600036
47.1612892,27.5957904
47.1623975,27.5946754
47.164819,27.5909673
47.1659512,27.5893196
47.1669489,27.5848136
47.1677249,27.5816938
47.1685824,27.5794012
47.170121,27.574782
47.1712174,27.5699798
47.173096,27.5615353
47.1742436,27.5542969
47.1745645,27.5506072
47.1748284,27.5439529
47.174548,27.5415381
47.1735133,27.5373796
47.1731244,27.5332302
47.1731609,27.5327634
47.1731361,27.5327871
47.1732351,27.5328437
47.1732331,27.5328426
47.1732018,27.5328159
47.1731289,27.5325159
47.1732728,27.5352365
47.1736517,27.5389887
47.1748323,27.5435082
47.1746692,27.5480268
47.1743884,27.5525317
47.173366,27.5608301
47.1728483,27.562169
47.171325,27.5694797
47.1700758,27.5750407
47.1682208,27.5800579
47.1676624,27.5818596
47.1669926,27.5854422
47.1649071,27.5908647
47.1641381,27.5918598
47.162301,27.5945908
47.161071,27.5959895
47.1602342,27.5978689
47.1587724,27.601211
47.1562017,27.6038572
47.1553288,27.6041478
47.1538967,27.6017565
47.1509779,27.5963069
47.1479422,27.5924303
47.1462347,27.5934627
47.1418921,27.5993457
47.1396594,27.6027309
47.1358888,27.6084119
47.1345246,27.6103951
47.1303401,27.6140928
47.1272875,27.6165989
47.1235633,27.622554
47.1202829,27.6270262
47.1172736,27.6318543
47.1166707,27.6321182
47.1166736,27.6321033
47.1167128,27.6320511
47.1167681,27.6320315
47.1167541,27.6320764
47.1167611,27.6320679
47.1167592,27.6320683
47.1165841,27.6320865
47.1165816,27.63208
47.1166009,27.6320503
47.1166079,27.6320488
47.116716,27.6321031
47.119135,27.6296536
47.122224,27.6242524
47.1247703,27.6205006
47.1281863,27.6159949
47.1324784,27.6129924
47.1360568,27.6081562
47.1382236,27.6050936
47.1420862,27.5992395
47.1452612,27.5946857
47.1470819,27.5925043
47.1472394,27.5924243
47.1490251,27.5942064
47.1502423,27.5958057
47.153366,27.6001609
47.1539444,27.604058
47.1568309,27.603116
47.158497,27.6012935
47.160557,27.5970856
47.1639949,27.5922141
47.1652056,27.5906712
47.1652023,27.5906688
47.1661804,27.5879135
47.1667614,27.5856071
47.1677009,27.5815245
47.1685863,27.5794302
47.169213,27.577457
47.1716762,27.5683334
47.1734314,27.5605554
47.1742636,27.5542241
47.1745753,27.5504839
47.1749434,27.5439506
47.1735521,27.5373063
47.1730814,27.5333794
47.1730886,27.5328275
47.1731052,27.5328833
47.173152,27.5329269
47.1730915,27.5328712
47.1730928,27.5327928
47.1731052,27.5328306
47.1731117,27.5328544
47.1728922,27.5331459
47.1729398,27.5335889
47.1736279,27.539042
47.1749277,27.5443948
47.1743711,27.5516268
47.1737282,27.5577958
47.1728843,27.5620638
47.1723091,27.5637299
47.1708653,27.5712359
47.1698418,27.5763984
47.167608,27.5819812
47.1667467,27.5856445
47.1647008,27.5909262
47.1639856,27.5921375
47.1611559,27.5958522
47.1603175,27.5976265
47.1587056,27.6007728
47.1567831,27.6032097
47.1560458,27.6040875
47.15397,27.6025661
47.1508223,27.596505
47.1496647,27.595012
47.1476785,27.5923786
47.1470237,27.5926056
47.1450029,27.5949319
47.141953,27.5992506
47.1412233,27.6003144
47.1391172,27.6034115
47.1350745,27.6095207
47.1316621,27.6131534
47.1302583,27.614157
47.1270289,27.6168392
47.1235954,27.6224508
47.1204413,27.6265712
47.1180636,27.631399
47.116754,27.6321406
47.1167459,27.6321546
47.1167434,27.6321262
47.1167864,27.6320835
47.1197928,27.6284223
47.1232696,27.6232297
47.1265955,27.6173975
47.1279609,27.6161562
47.1305572,27.6140213
47.1337694,27.6115964
47.135056,27.6097784
47.1375026,27.6060483
47.1413323,27.6002542
47.1425284,27.5985269
47.1443483,27.5958698
47.1462124,27.5935568
47.1488572,27.5939459
47.1498042,27.5953282
47.1523524,27.598773
47.1538583,27.6033174
47.1538373,27.6032582
47.1549082,27.6043287
47.1566699,27.603319
47.1590286,27.6000463
47.1610638,27.5961708
47.1629347,27.5942063
47.164544,27.5911479
47.165907,27.5894552
47.1668811,27.5854516
47.1677431,27.5818887
47.1680176,27.5806949
47.1689361,27.5783484
47.1709594,27.5710394
47.1723288,27.564584
47.1727332,27.5624067
47.173742,27.5586139
47.1743648,27.5520997
47.1745235,27.5501833
47.1748906,27.5438466
47.1747438,27.5421534
47.1733203,27.5360329
47.1727009,27.5325324
47.1727914,27.5326082
47.1727517,27.5326284
47.1727658,27.5326956
47.1727749,27.5326668
47.1729864,27.5337007
47.1736521,27.5391936
47.1747275,27.5445411
47.1742696,27.5522091
47.1735738,27.5590114
47.1724921,27.5659199
47.1707206,27.5721297
47.1685787,27.5795251
47.1678656,27.5809092
47.166779,27.585967
47.1650158,27.5907248
47.1642208,27.5917605
47.16221,27.5946745
47.1613177,27.5955513
47.1591604,27.5998492
47.1568868,27.603134
47.155949,27.6038985
47.1545419,27.6040804
47.1539637,27.6030368
47.1510728,27.5968751
47.1496291,27.5950483
47.146678,27.5927493
47.1454017,27.5944189
47.1433927,27.597069
47.1405271,27.6014368
47.1371279,27.6064636
47.1342866,27.6107314
47.1309969,27.6136428
47.1289597,27.6152563
47.1262732,27.617809
47.1235421,27.6225444
47.1196267,27.6286454
47.1165278,27.6319035
47.1168166,27.6321355
47.1168105,27.6321426
47.1168181,27.6321419
47.1168107,27.6321003
47.116811,27.6321
47.116817,27.6320955
47.1168063,27.6320898
47.1167901,27.632124
47.1167911,27.6321099
47.1168004,27.6321252
47.1167968,27.6321396
47.1167769,27.6321358
47.1167752,27.6321316
47.1191184,27.6297565
47.1210593,27.6257811
47.1233683,27.623051
47.1252725,27.619698
47.1287088,27.615613
47.1326376,27.6128881
47.1354438,27.6090912
47.1396764,27.6027828
47.1415587,27.6000287
47.1421248,27.5991075
47.1453109,27.5947158
47.1472536,27.59233
47.1483842,27.5933257
47.1502629,27.5957945
47.1538244,27.6017818
47.1537802,27.6038188
47.1557102,27.6041787
47.1582475,27.601689
47.1601917,27.5979663
47.160689,27.5967631
47.16142,27.595607
47.1644506,27.5912566
47.1660421,27.5890737
47.1675037,27.5825686
47.1676973,27.5814188
47.168727,27.5794379
47.1704034,27.573471
47.1716455,27.5682072
47.1734837,27.5600022
47.1743278,27.55284
47.1745003,27.5504438
