47.1668299,27.5435076
47.1668137,27.546326
47.1683483,27.5488401
47.1686271,27.5492691
47.1693835,27.5539811
47.1688882,27.5575645
47.1676728,27.5593684
47.1648674,27.5652656
47.1632147,27.5687743
47.1607046,27.5713702
47.1596349,27.5705352
47.1565068,27.5706614
47.1561042,27.5705326
47.1553763,27.5704818
47.1544156,27.5704628
47.1538155,27.5705791
47.1519971,27.5724392
47.1507396,27.5737974
47.1496072,27.5750774
47.1481307,27.5782779
47.1463695,27.5809915
47.1445732,27.5821799
47.1448842,27.5818837
47.1499799,27.5862253
47.1504045,27.5865247
47.150555,27.5881388
47.1488986,27.5903234
47.1476666,27.5918931
47.149347,27.5945331
47.1508439,27.5965532
47.1530088,27.5996419
47.1539496,27.6030048
47.1549651,27.6042621
47.1567607,27.6031728
47.1590916,27.6017346
47.1600012,27.6066837
47.16011,27.6093628
47.1600558,27.6136532
47.1598906,27.6147655
47.1591831,27.6191588
47.1565209,27.6234649
47.1563869,27.6236115
47.1559885,27.6244252
47.1588804,27.6203856
47.1598621,27.6148236
47.1599601,27.6143766
47.1601707,27.6118863
47.1601335,27.6105621
47.1596996,27.6053124
47.1591168,27.602256
47.1566349,27.6033752
47.1562318,27.6041762
47.1539402,27.603078
47.1519358,27.598142
47.1502782,27.5958787
47.1478745,27.5925423
47.1476237,27.5919394
47.150259,27.5883065
47.1507972,27.5877051
47.1504043,27.5867364
47.1489685,27.5854441
47.145384,27.5824147
47.1449616,27.5814026
47.1456177,27.5819155
47.1479897,27.5782326
47.1495845,27.575003
47.1518606,27.5724202
47.1525663,27.571498
47.1534447,27.5707314
47.1550273,27.570285
47.1568008,27.5700466
47.1604618,27.5707974
47.1621252,27.5702908
47.1641622,27.5662797
47.164524,27.5656403
47.1663784,27.5616274
47.1683987,27.5580839
47.1693117,27.5553503
47.1693842,27.5508288
47.1693884,27.5496353
47.16945,27.5457623
47.169538,27.5407146
47.1695026,27.5406906
47.1692041,27.5402238
47.168904,27.5406296
47.1689422,27.5405476
47.1689466,27.5405877
47.1687389,27.5408817
47.1687318,27.5408966
47.1687446,27.5408535
47.1687336,27.5408957
47.16874,27.5409361
47.1687361,27.5409437
47.1687285,27.5409567
47.1687309,27.5409676
47.1687343,27.540983
47.1687159,27.54096
47.1686975,27.5409411
47.168742,27.5409541
47.1687419,27.5409552
47.1683676,27.541364
47.1666791,27.5445362
47.1669506,27.5469312
47.1685288,27.5491373
47.1690671,27.5505213
47.1693876,27.5532619
47.1688708,27.557479
47.1675906,27.5593117
47.1649262,27.5648855
47.1644182,27.5660535
47.1622442,27.5701028
47.1606803,27.5713833
47.1598976,27.5705011
47.1590894,27.5704909
47.1580459,27.5704736
47.1573141,27.5704588
47.1562497,27.570448
47.1552568,27.5704382
47.1546003,27.5704971
47.1535838,27.5707203
47.1524501,27.5719337
47.1509087,27.5734821
47.1493271,27.5754278
47.1469649,27.5799836
47.1447738,27.582241
47.1441807,27.5816199
47.1467759,27.5834998
47.1503632,27.5864615
47.1503238,27.5864749
47.1507068,27.5878589
47.1491502,27.5899113
47.148558,27.5907136
47.1484717,27.5908613
47.1477499,27.5916549
47.1477425,27.5916685
47.1479923,27.5927477
47.1499738,27.5953882
47.1522521,27.598585
47.1538724,27.6029226
47.1538284,27.6037746
47.1549468,27.6042407
47.1567303,27.6031105
47.1587448,27.6011567
47.1600206,27.6077164
47.1602006,27.6108064
47.1601409,27.6137513
47.1594423,27.6177694
47.1588782,27.6203056
47.1564142,27.6235807
47.1560396,27.6243856
47.1587428,27.6204579
47.1588514,27.620222
47.1599571,27.6146282
47.1600623,27.6106017
47.1598571,27.6066821
47.1589844,27.6017248
47.1578069,27.6021592
47.1560902,27.6040534
47.155039,27.6044165
47.1539526,27.6023264
47.1507604,27.5963263
47.1494408,27.5946185
47.1477486,27.592467
47.149069,27.589916
47.1505356,27.5879047
47.1511194,27.5878412
47.1502143,27.5865468
47.1491299,27.5856056
47.145255,27.582333
47.1449682,27.5815683
47.1459916,27.5813408
47.1480894,27.5782964
47.1495068,27.5751162
47.1513251,27.5730402
47.1519087,27.5722755
47.1531848,27.5709348
47.1533957,27.5706723
47.154806,27.5703206
47.1561707,27.5702064
47.1580638,27.5703279
47.1603323,27.5707483
47.1609507,27.5714089
47.1635615,27.5676166
47.1646255,27.5653981
47.1669345,27.5605175
47.1684102,27.5581596
47.1693677,27.553235
47.169404,27.5495477
47.1694483,27.5434126
47.1694921,27.5404452
47.1694911,27.5404427
47.1694916,27.540441
47.1695193,27.5404661
47.1695181,27.5404641
47.1695175,27.5404626
47.1695175,27.5404593
47.1684762,27.5412083
47.1667253,27.544417
47.1672089,27.5471533
47.1689177,27.5496913
47.1694288,27.5519692
47.1689835,27.5572663
47.1680449,27.558545
47.1666943,27.5611779
47.1643689,27.5660217
47.1619056,27.5706179
47.1598865,27.5705098
47.1580166,27.5704855
47.1553912,27.5704983
47.1544251,27.5705219
47.1536905,27.5706405
47.1518252,27.5725595
47.1496897,27.5749839
47.1477146,27.5788155
47.1453356,27.5822368
47.1441547,27.5816297
47.1482315,27.5847441
47.1503261,27.5864992
47.1507016,27.587867
47.1503671,27.5883524
47.1477737,27.591644
47.1477164,27.5917004
47.1488308,27.5938353
47.150381,27.5959745
47.153489,27.6004176
47.1538335,27.6039809
47.1565647,27.6033616
47.1579543,27.6019865
47.1600365,27.6078389
47.1602352,27.6115638
47.1601184,27.6138187
47.1592069,27.619194
47.1563796,27.6236069
47.1563837,27.6236228
47.1564325,27.6236975
47.1564078,27.6236807
47.1564192,27.6236997
47.1560208,27.6243956
47.1590056,27.6200599
47.1598671,27.6146348
47.1598575,27.6143994
47.1599961,27.6103984
47.1596482,27.6049907
47.1591685,27.6029489
47.1589578,27.6016431
47.1569334,27.6031184
47.1553781,27.6043841
47.1538599,27.6039845
47.1539061,27.6020117
47.150731,27.5963823
47.1481784,27.5929563
47.1477003,27.5922865
47.1500174,27.5887842
47.1508285,27.5877393
47.1511982,27.587809
47.1496954,27.5860686
47.1488353,27.5852348
47.14432,27.5814581
47.1454075,27.5819406
47.1479864,27.5784164
47.1500094,27.5744831
47.1516789,27.5726719
47.1533108,27.5708365
47.1542644,27.5702654
47.1560841,27.5701836
47.1603177,27.5704914
47.1630453,27.5687792
47.1648851,27.5647351
47.1684267,27.5580518
47.169296,27.5552189
47.1693384,27.5501441
47.1693424,27.5462781
47.1695127,27.5404126
47.169159,27.5403806
47.1692062,27.5404227
47.1692354,27.5404404
47.1691971,27.5403929
47.1691934,27.5404086
47.1691991,27.5403974
47.1691979,27.5404005
47.1691962,27.5404015
47.1691951,27.5404036
47.1684902,27.5411881
47.166761,27.5447482
47.1680614,27.5483881
47.1691954,27.5507306
47.168913,27.5573141
47.1672567,27.5601311
47.1645245,27.5656568
47.1625625,27.5695839
47.1599095,27.5705339
47.1567917,27.5704323
47.1540762,27.5704926
47.1530035,27.5713559
47.1507308,27.5738074
47.1485314,27.5773935
47.1463636,27.5808796
47.1440841,27.5816406
47.1497056,27.5859512
47.1499628,27.5861348
47.1507467,27.5878754
47.1497483,27.5892288
47.1484606,27.5933705
47.1499956,27.5954501
47.1530025,27.5995789
47.1538526,27.603177
47.155912,27.603938
47.1582397,27.6018514
47.1601209,27.6087678
47.1601344,27.6120985
47.1598239,27.6152358
47.1587501,27.6204324
47.1567202,27.623476
47.1567388,27.6234773
47.1567374,27.623477
47.1526053,27.6030788
47.1526055,27.6030783
47.1526058,27.6030782
47.1526541,27.6030753
47.1526471,27.6030851
47.1336619,27.5755195
47.1336763,27.5755148
47.1336609,27.5755312
47.1336567,27.5755295
47.133646,27.5755089
47.134099,27.5768727
47.1346986,27.5814018
47.135456,27.5866277
47.1360592,27.5909482
47.1364879,27.5945155
47.1368366,27.600278
47.1370928,27.6041381
47.1372125,27.6049026
47.1385879,27.6043883
47.1413309,27.600377
47.1423565,27.5988321
47.143568,27.5969757
47.1452653,27.5947091
47.146694,27.5929842
47.1480311,27.5912846
47.1503529,27.5883597
47.1505411,27.5878852
47.1515455,27.5875843
47.1521709,27.5877594
47.1535757,27.5846219
47.1541312,27.5833751
47.1570737,27.5769999
47.1583598,27.575466
47.1603408,27.5731499
47.1613566,27.5732819
47.1650887,27.5718083
47.1657711,27.571427
47.1668226,27.5697466
47.1674824,27.568584
47.1684205,27.5668084
47.1715527,27.5603332
47.1725503,27.5564697
47.1733079,27.5528179
47.1735482,27.5505673
47.1731591,27.544447
47.1729202,27.5410509
47.1728199,27.5391127
47.172321,27.537798
47.1723211,27.5377976
47.1723214,27.5377972
47.1723216,27.5377962
47.1723222,27.5377964
47.1723226,27.5377952
47.1729884,27.5386953
47.1732937,27.5438412
47.1733052,27.5451701
47.1734333,27.5481407
47.1735563,27.5494023
47.1735738,27.5510732
47.1725292,27.5568303
47.171765,27.5597009
47.1710179,27.5614522
47.1684942,27.5665022
47.167338,27.5686766
47.1666479,27.569907
47.1656462,27.5713058
47.1614927,27.5732543
47.1593231,27.5736836
47.1568263,27.5754554
47.1548953,27.5800923
47.1537035,27.58264
47.1519579,27.5866978
47.1505571,27.5879616
47.1492544,27.589612
47.1478895,27.5913044
47.147858,27.5913883
47.1466169,27.5928877
47.1457183,27.5939062
47.1423289,27.5987193
47.1418495,27.5994503
47.1406646,27.6012918
47.1372466,27.6057873
47.1369579,27.6024118
47.1366891,27.5990079
47.1362691,27.594543
47.1357665,27.5892568
47.135491,27.587101
47.1352364,27.5836255
47.13363,27.5791482
47.1340177,27.5758949
47.1336821,27.57611
47.133632,27.5761315
47.133572,27.5761647
47.1335401,27.5761607
47.1336684,27.5760987
47.1336536,27.5760912
47.1336713,27.5760687
47.1336911,27.575662
47.1336331,27.5757144
47.1335995,27.5757467
47.1335978,27.5757465
47.1336796,27.5756872
47.1336691,27.575689
47.1335667,27.5757052
47.1335804,27.5757089
47.1335809,27.5757082
47.1339051,27.5750243
47.1341251,27.5805844
47.135442,27.5865056
47.1357137,27.5881665
47.1364533,27.5938581
47.1367943,27.5982705
47.1371352,27.6030907
47.1372078,27.6050025
47.1395177,27.6030524
47.141438,27.6002175
47.1425009,27.598629
47.1436709,27.59681
47.1452731,27.5947187
47.1462664,27.5935263
47.1492674,27.58976
47.1506175,27.5878533
47.1512926,27.5877178
47.151897,27.5878157
47.1528785,27.5862834
47.1540571,27.5836392
47.155104,27.5812334
47.1573319,27.5765192
47.1583959,27.5754611
47.1610953,27.5732515
47.1631099,27.5728416
47.1655553,27.5715026
47.1663315,27.5707398
47.1673342,27.5687738
47.1704419,27.5628305
47.1719979,27.5592198
47.173316,27.5528608
47.1736131,27.551293
47.1733535,27.5474012
47.1732482,27.5449585
47.1730661,27.5417114
47.1729934,27.5413905
47.1728405,27.5398522
47.1725849,27.5373788
47.1724648,27.5377497
47.1724666,27.5377427
47.1724694,27.5377414
47.1724734,27.5377371
47.1724605,27.537738
47.1724352,27.5377504
47.1724502,27.5377579
47.1724497,27.5377739
47.1724383,27.5377384
47.1724072,27.5377884
47.1724073,27.5377902
47.1727798,27.5379939
47.1732618,27.5434791
47.1732709,27.5449556
47.1733456,27.54582
47.1735118,27.5501117
47.1731668,27.5538596
47.1710246,27.5612903
47.1688525,27.5658386
47.1681434,27.5671866
47.1667743,27.5697351
47.1663769,27.5703078
47.1655026,27.5714327
47.1614342,27.5732127
47.1582853,27.5749947
47.1566205,27.576298
47.1543689,27.5813782
47.1534539,27.5834226
47.1510721,27.5871108
47.1503359,27.5884396
47.1480764,27.5912582
47.1477676,27.5915401
47.1469806,27.5925899
47.1457192,27.5940134
47.1431175,27.5976274
47.1412787,27.6003743
47.1380549,27.6050842
47.1370847,27.6041917
47.1367023,27.5984825
47.1365042,27.5955488
47.1363293,27.5931564
47.1355549,27.5873324
47.1351352,27.5825288
47.1340642,27.5762161
47.1342748,27.5762757
47.1336423,27.5754503
47.1336356,27.575452
47.1336144,27.5754548
47.1336131,27.5754545
47.1336105,27.5754283
47.1336075,27.5754032
47.1339988,27.575696
47.1342042,27.5807052
47.1354438,27.586682
47.1359918,27.5905935
47.1364381,27.5943491
47.1368438,27.6003634
47.13713,27.6033462
47.1371918,27.6053599
47.1379562,27.6054053
47.1410654,27.6006781
47.1420709,27.5991864
47.1436115,27.5967591
47.1452951,27.594677
47.1469498,27.5926714
47.147864,27.5914491
47.1503241,27.5884148
47.1507436,27.5877567
47.150824,27.5876901
47.152294,27.5874434
47.1535494,27.5845146
47.1537082,27.5841843
47.1544185,27.5826827
47.1570524,27.576948
47.1582627,27.5755713
47.1603194,27.5731063
47.1613329,27.5732751
47.1644724,27.5720682
47.1657479,27.5713194
47.1664722,27.5704926
47.1672653,27.5686447
47.1520761,27.5864702
47.1336464,27.5756479
47.1336463,27.5756474
47.1372014,27.6054021
47.1396744,27.6027445
47.1414249,27.6001766
47.143295,27.5972861
47.1453847,27.5944526
47.1472101,27.5922386
47.150215,27.5884238
47.1503631,27.587983
47.1507846,27.5876284
47.151584,27.5874469
47.1519469,27.5877992
47.1535217,27.5847693
47.1561064,27.5790441
47.1581945,27.5755008
47.159079,27.5743535
47.1621409,27.5733518
47.164211,27.5721634
47.1654244,27.5715184
47.1664884,27.5703801
47.1673355,27.5687908
47.1677685,27.5680513
47.1714735,27.5605523
47.1728642,27.5551944
47.1733373,27.5528144
47.1736252,27.551236
47.1733655,27.5469442
47.1732602,27.544516
47.1730399,27.5413583
47.1729907,27.5409516
47.1726756,27.5374844
47.1723092,27.537534
47.172317,27.5375772
47.172317,27.5375803
47.1723179,27.5375853
47.1723179,27.5376428
47.1723345,27.5376946
47.1723435,27.537671
47.1723325,27.5377044
47.1723423,27.5376762
47.1729066,27.5382464
47.1731302,27.5420514
47.173389,27.5445122
47.1735142,27.5478876
47.1736127,27.5503414
47.1735699,27.5519227
47.1722925,27.5580382
47.1707598,27.5618432
47.1680582,27.5672721
47.1678467,27.5676801
47.1664396,27.57017
47.1663373,27.5704221
47.1637522,27.5724385
47.1604637,27.5730435
47.1566833,27.5760668
47.15391,27.5824455
47.1519279,27.5869091
47.151683,27.5873439
47.1508486,27.5875787
47.1504452,27.5883776
47.1479254,27.5914142
47.1478256,27.5916129
47.1467289,27.5928693
47.1456425,27.5941684
47.1438963,27.5964484
47.1413272,27.6002725
47.1389062,27.6038583
47.1370512,27.6043454
47.1367677,27.5997595
47.1365006,27.5955032
47.1363092,27.5929972
47.1355045,27.5870504
47.1339443,27.5802864
47.1340085,27.575975
47.1336748,27.576141
47.1336387,27.5754456
47.1336347,27.5754466
47.1336273,27.5754566
47.1336085,27.5754655
47.1335998,27.5754832
47.1335918,27.5755069
47.133599,27.5754295
47.1339628,27.5777531
47.1352724,27.583645
47.1355208,27.5867895
47.1363962,27.5937049
47.1368201,27.5999231
47.1371811,27.604939
47.1376852,27.6058023
47.1415201,27.6000015
47.1420741,27.5991365
47.1436388,27.5967461
47.144427,27.5957214
47.1460528,27.5938147
47.1479505,27.5913603
47.150336,27.5884094
47.1505422,27.587952
47.1509849,27.5876956
47.1514891,27.5876238
47.1528775,27.586291
47.1535803,27.584702
47.1540585,27.5836997
47.1573429,27.5764354
47.1584054,27.5754938
47.1623497,27.573267
47.1655355,27.5715389
47.165725,27.5713166
47.1673181,27.5689728
47.1674695,27.5686089
47.1691977,27.5652266
47.1715903,27.5603514
47.1732659,27.5530856
47.1734616,27.552212
47.1734201,27.5472259
47.1733204,27.5463586
47.1731277,27.5430097
47.1730069,27.5418849
47.1729322,27.5406885
47.1723204,27.5378003
47.172324,27.5377854
47.1722913,27.5377166
47.1722977,27.5377334
47.1723268,27.5377535
47.1723286,27.5377508
47.1723288,27.5377474
47.1723227,27.5377373
47.1723252,27.5377234
47.1723293,27.5377196
47.172336,27.5377128
47.1723382,27.5377125
47.1723422,27.5377103
47.1723412,27.5377059
47.1724299,27.5378565
47.1731338,27.5422145
47.1732274,27.5440941
47.1734748,27.547378
47.17358,27.5502883
47.1735865,27.5519565
47.1719351,27.5594376
47.1700451,27.5636864
47.1680436,27.5673989
47.1677499,27.5680184
47.1664265,27.5702705
47.166273,27.5706226
47.1627881,27.5728787
47.1594447,27.5736146
47.1566477,27.5760697
47.1539434,27.5823619
47.15247,27.5857434
47.1506676,27.5878493
47.1492204,27.5898124
47.1477146,27.59163
47.1468236,27.5926293
47.1450037,27.5949739
47.1422211,27.5989019
47.1420071,27.5992393
47.1411182,27.6005614
47.1398424,27.6024585
47.1380946,27.6050835
47.1370681,27.6036325
47.136749,27.5991706
47.1364266,27.5945962
47.1359178,27.5898736
47.1355054,27.5869097
47.1344572,27.581021
47.1340605,27.5760998
47.1337706,27.5762952
47.133687,27.5755142
47.1336865,27.5755148
47.1336969,27.5755351
47.133697,27.5755371
47.1336959,27.5755547
47.1336933,27.5755528
47.1336933,27.5755523
47.1340764,27.5762463
47.1353051,27.5836984
47.135699,27.5885372
47.1364236,27.5940483
47.1368915,27.6002601
47.1371236,27.6038453
47.1370638,27.6038761
47.1371265,27.6044958
47.1372399,27.6059431
47.1373535,27.6062621
47.1414724,27.6002009
47.1421531,27.5991327
47.1435362,27.5970278
47.1444658,27.5957693
47.1454812,27.5944218
47.1488394,27.5903684
47.1504574,27.5881625
47.1522594,27.5876356
47.1536118,27.584705
47.1542464,27.5832148
47.1570206,27.5771351
47.158617,27.5753925
47.1605991,27.5731627
47.1637317,27.5724911
47.1657822,27.5714596
47.1665507,27.5704101
47.1674005,27.56869
47.1680238,27.5675514
47.1716369,27.5603248
47.1731968,27.5535118
47.173477,27.5522273
47.1735691,27.551217
47.1734223,27.548105
47.1732661,27.545315
47.1729386,27.5407079
47.1723065,27.5377535
47.172316,27.5377433
47.1723265,27.5377301
47.1723537,27.5377618
47.1723585,27.5377564
47.1728769,27.5384309
47.1732714,27.5448196
47.1733647,27.545352
47.1734635,27.5493692
47.1735962,27.5506827
47.1718689,27.5595438
47.1709645,27.5613475
47.1677688,27.5677627
47.166364,27.57027
47.1656682,27.57129
47.1614159,27.5731911
47.1593753,27.5736621
47.1575017,27.5748794
47.1566481,27.5761701
47.1540349,27.5821576
47.1523516,27.5859348
47.1507264,27.58793
47.1491166,27.5899924
47.1477454,27.5916772
47.1475568,27.5919233
47.1458997,27.5937528
47.1432656,27.5973637
47.1428171,27.598108
47.1421306,27.5990689
47.1412237,27.6005168
47.1403652,27.6017993
47.1382998,27.6047995
47.136986,27.6034908
47.1366989,27.598399
47.1364151,27.5947036
47.1357455,27.5885139
47.135087,27.5823866
47.134036,27.5760395
47.1337465,27.5763618
47.1336453,27.5756758
47.1336401,27.5756733
47.1336066,27.5756343
47.1335986,27.5756593
47.1335989,27.5756586
47.1336028,27.5756382
47.1335973,27.5756148
47.1335755,27.5756231
47.1335738,27.5756245
47.1335722,27.5756246
47.1335698,27.5756288
47.133565,27.5756344
47.133575,27.5755211
47.1335607,27.5755278
47.1335584,27.5755112
47.1339985,27.5758325
47.1352765,27.5837141
47.1355876,27.5870249
47.1362457,27.5926009
47.1369525,27.6006464
47.137306,27.6056735
47.1372776,27.6058668
47.1372842,27.605846
47.1409249,27.600873
47.1414928,27.6001361
47.1430522,27.5977283
47.1452735,27.594714
47.1467012,27.5929406
47.1474661,27.5919709
47.150299,27.5883692
47.151138,27.5876874
47.1528439,27.5862808
47.1543396,27.5829179
47.1564787,27.5782575
47.158689,27.5754732
47.1613404,27.5733108
47.1649811,27.5717776
47.1668033,27.5697894
47.1674184,27.568741
47.1693288,27.5650618
47.1712135,27.561124
47.1725984,27.5564568
47.1734382,27.5522974
47.1735149,27.5501418
47.1733574,27.5465566
47.1730903,27.5417001
