47.1231701,27.6232464
47.1251936,27.6198288
47.1280012,27.6161081
47.1285197,27.6156601
47.1335661,27.6118384
47.1353855,27.6091217
47.1376056,27.6058776
47.141304,27.6003768
47.1421089,27.5991512
47.1430782,27.5976216
47.14518,27.5947463
47.1454909,27.5943847
47.1470592,27.5923902
47.1471586,27.5922639
47.1473854,27.5919828
47.1461527,27.5893071
47.1461106,27.5860633
47.1468689,27.5827669
47.1484483,27.5801823
47.1492119,27.5789642
47.1495635,27.5785607
47.1529597,27.5740489
47.1563422,27.5741804
47.1590816,27.5752709
47.1611696,27.5732994
47.1644267,27.5720754
47.1664185,27.5706292
47.1673312,27.5687048
47.1681899,27.5672109
47.1713706,27.5607562
47.1725304,27.5567376
47.1733261,27.5529518
47.1734975,27.5485238
47.1733397,27.5472763
47.1731741,27.543797
47.1728456,27.540337
47.172406,27.5377178
47.1724492,27.5376954
47.1725115,27.5376958
47.1725022,27.5376754
47.1723806,27.5376548
47.1724096,27.5376754
47.1723991,27.5377009
47.1724147,27.5377152
47.1724157,27.5377127
47.1724204,27.5376512
47.1724237,27.5376461
47.172423,27.5375981
47.1723877,27.5375436
47.1729083,27.5388058
47.1733496,27.544741
47.1734361,27.5453907
47.1735841,27.5484057
47.1736544,27.5502943
47.1736091,27.5504836
47.1725054,27.5573853
47.1711929,27.5609883
47.1689317,27.5656789
47.1679868,27.5674811
47.1666714,27.5699635
47.1665021,27.5702164
47.1645524,27.571939
47.1613866,27.5732395
47.1579071,27.5749801
47.1563236,27.5740926
47.1550729,27.5736597
47.1511673,27.5761078
47.1498647,27.5779245
47.149347,27.578771
47.1470708,27.5822251
47.1460945,27.585518
47.1461527,27.5874557
47.1466664,27.5909185
47.1473246,27.5919858
47.1461955,27.5935378
47.1449492,27.5951708
47.1433096,27.5974482
47.1428497,27.5981471
47.1419637,27.5994145
47.1417377,27.599797
47.1409642,27.600975
47.1407635,27.6012684
47.1386298,27.6043336
47.1352435,27.6093821
47.132501,27.6129516
47.129406,27.6149524
47.1266008,27.6174599
47.123654,27.6225187
47.1211775,27.6255295
47.1189749,27.6298767
47.1164808,27.6319787
47.1166159,27.6320581
47.1165548,27.6320061
47.1166084,27.6320648
47.116626,27.6320828
47.1166212,27.6320761
47.1166445,27.632012
47.1166394,27.6320216
47.1166515,27.6320672
47.116653,27.6320099
47.1192224,27.6295047
47.120973,27.6257161
47.1242076,27.621458
47.1258854,27.618554
47.1295324,27.6148184
47.1327906,27.6127088
47.1335035,27.6118371
47.1336683,27.6116357
47.1340212,27.6110769
47.134645,27.6101724
47.1351942,27.6093898
47.1354372,27.6089481
47.1372115,27.6063604
47.1411909,27.600423
47.1420177,27.5992274
47.1446681,27.5953565
47.1463017,27.5933787
47.1470451,27.591397
47.1461431,27.5894274
47.1460446,27.5852825
47.1466617,27.5832073
47.1482875,27.5803575
47.1489052,27.5794076
47.149191,27.5790189
47.1513639,27.5760002
47.1554834,27.5737671
47.1564528,27.5742671
47.1590821,27.5752058
47.1613507,27.5733077
47.1653079,27.5715528
47.1655348,27.5714028
47.1662022,27.5708797
47.1673054,27.5688752
47.1675946,27.5682627
47.1706786,27.5622283
47.1717066,27.5599154
47.1728194,27.5548248
47.1731545,27.5533733
47.1734179,27.5522958
47.1732981,27.5455262
47.1729121,27.5401484
47.1725381,27.537364
47.1724121,27.5377854
47.1723968,27.5377848
47.172402,27.5377964
47.1724212,27.5377045
47.172423,27.5377008
47.1724259,27.5377019
47.1723875,27.5377555
47.1724184,27.5378194
47.172419,27.5378413
47.1724184,27.5378336
47.1724263,27.537812
47.1725913,27.537963
47.1733704,27.5440027
47.1733467,27.5454311
47.1734198,27.5458733
47.1736416,27.5503025
47.1735246,27.551974
47.1724508,27.5570924
47.1708653,27.5617495
47.1677066,27.5680975
47.1665047,27.5702675
47.1657031,27.5712551
47.1619015,27.5732892
47.1605104,27.573081
47.1571751,27.5746503
47.156082,27.5740731
47.154001,27.5736376
47.1502904,27.5773085
47.1492516,27.5788506
47.1473105,27.5818206
47.1460961,27.5851652
47.1465497,27.5908249
47.1470883,27.5916778
47.1457385,27.5940056
47.143728,27.5966977
47.1431382,27.5978386
47.1424072,27.598741
47.1423293,27.5988876
47.1418985,27.5994108
47.1417229,27.5996708
47.1408946,27.6010524
47.1392159,27.6034227
47.1365413,27.6074215
47.1346686,27.61024
47.1317764,27.6131813
47.1290101,27.6152417
47.1274155,27.6166125
47.125262,27.6196383
47.1236847,27.6225009
47.1223062,27.6241224
47.120584,27.6263962
47.1190137,27.6298909
47.1171943,27.6319507
47.1165169,27.6320684
47.1166529,27.6320973
47.1166418,27.6320771
47.1169466,27.6319786
47.1187559,27.6303813
47.1203274,27.6270328
47.1224236,27.623986
47.1237837,27.62222
47.1257109,27.6189022
47.127977,27.616093
47.1305715,27.6139165
47.1332768,27.6122577
47.1349198,27.6098239
47.1357838,27.6085549
47.1362177,27.6078691
47.1377943,27.6055181
47.1399365,27.6024466
47.1413467,27.6002501
47.143141,27.5976394
47.1453418,27.5945752
47.1472825,27.5922965
47.1493233,27.5946195
47.1516286,27.5976069
47.153643,27.6006785
47.153775,27.6036679
47.1523679,27.6030649
47.1523524,27.6030705
47.1532699,27.6031577
47.153329,27.6028709
47.1533751,27.6025977
47.153371,27.6026202
47.1533951,27.6026011
47.1533985,27.6026413
47.1533971,27.6026409
47.1533891,27.6025744
47.152686,27.602715
47.152756,27.6026771
47.1527599,27.6026841
47.1527592,27.6026835
47.1527596,27.6026826
47.1527716,27.6032181
47.1532128,27.6024372
47.1532149,27.6024387
47.1532363,27.6024489
47.1532364,27.6024484
47.1532372,27.6024473
47.1532375,27.6024483
47.1532374,27.6024485
47.1532373,27.6024491
47.1532374,27.6024503
47.1532374,27.6024513
47.1532372,27.6024527
47.1532374,27.6024546
47.1532383,27.602456
47.1532397,27.602456
47.1532399,27.602456
47.1532402,27.6024569
47.1532409,27.6024572
47.1532415,27.6024575
47.1532415,27.602458
47.1532412,27.6024583
47.153241,27.602459
47.1532412,27.6024592
47.1532416,27.6024598
47.1532418,27.6024607
47.1532426,27.6024604
47.1532428,27.6024596
47.1532432,27.6024584
47.1532436,27.6024574
47.1532439,27.6024571
47.1532541,27.6024419
47.1532741,27.6024216
47.1532796,27.6024089
47.153279,27.6024094
47.1532782,27.6024101
47.1532775,27.6024116
47.1532766,27.6024119
47.153276,27.6024116
47.1532715,27.6024236
47.1532732,27.6024434
47.1532731,27.6024444
47.1532742,27.6024449
47.1532759,27.6024705
47.1532758,27.6024704
47.15326,27.6024387
47.1532568,27.602441
47.1532542,27.6024451
47.1532592,27.6024664
47.153258,27.6024657
47.1532572,27.6024657
47.1532562,27.6024668
47.1532551,27.6024677
47.153254,27.602488
47.1532505,27.6024834
47.1532066,27.6024718
47.1531894,27.6024759
47.1531837,27.6024725
47.1531975,27.6024806
47.1532353,27.6024902
47.153246,27.6024921
47.1532445,27.6024957
47.1532436,27.6024934
47.1532429,27.6024914
47.1532425,27.6024895
47.1532424,27.6024881
47.153242,27.6024864
47.1532248,27.6024558
47.1532244,27.6024561
47.1532309,27.602447
47.1532304,27.6024463
47.1532297,27.6024457
47.1532271,27.6024382
47.1532051,27.6024192
47.1532048,27.6024191
47.1532045,27.6024196
47.1532042,27.6024202
47.1532036,27.6024201
47.1532034,27.6024199
47.1532028,27.60242
47.1531987,27.6024411
47.1532548,27.6024554
47.1532541,27.6024555
47.1532526,27.6024547
47.1531973,27.6024923
47.1532648,27.6024996
47.1658735,27.589388
47.1660106,27.58849
47.1678054,27.5810925
47.1689004,27.5781833
47.1709301,27.5710823
47.172345,27.5647926
47.1736502,27.5589016
47.1736323,27.5588012
47.1740017,27.5556633
47.1742513,27.5520623
47.1744841,27.5489814
47.1747604,27.5439046
47.1747721,27.5423982
47.1734205,27.5371434
47.172865,27.5330441
47.1733087,27.5361546
47.1736597,27.5391721
47.174904,27.544443
47.1746685,27.5494187
47.174377,27.5525733
47.1736211,27.5589834
47.173286,27.56082
47.1720042,27.56735
47.1709145,27.5713963
47.1690907,27.5779891
47.1678641,27.580947
47.1671452,27.5838062
47.166732,27.5856046
47.1646575,27.5910787
47.1637634,27.5927744
47.1612169,27.5956288
47.1589268,27.600206
47.1561983,27.6038357
47.1547078,27.6042269
47.1538966,27.6031722
47.1508317,27.5966549
47.1494494,27.5949144
47.1478335,27.5927666
47.1477245,27.592488
47.1474714,27.592301
47.146615,27.5929772
47.1448105,27.5950908
47.1426201,27.5982515
47.1417876,27.5993923
47.1401692,27.6020409
47.1379169,27.6053017
47.1364132,27.6076283
47.1345553,27.6103879
47.1310821,27.6135925
47.1295224,27.6148772
47.125935,27.6185015
47.1235414,27.6225047
47.1212887,27.6254683
47.1184989,27.6307721
47.11666,27.6321516
47.1166605,27.6321504
47.1167848,27.6321035
47.1168524,27.6320891
47.1168529,27.632088
47.1168537,27.6320864
47.1168952,27.6320018
47.1168954,27.632
47.116898,27.6319836
47.1169018,27.6319809
47.1169017,27.6319801
47.1169166,27.6319708
47.1197277,27.628359
47.1224601,27.6239947
47.1248777,27.6203338
47.1279553,27.6161695
47.1304027,27.6141554
47.1329033,27.612663
47.1361373,27.6080496
47.1381132,27.6049848
47.1412274,27.6004312
47.1420292,27.5991504
47.1435931,27.5968117
47.1453016,27.5945982
47.1472111,27.5923345
47.1473039,27.5923933
47.1486891,27.5936778
47.1499793,27.5953822
47.1515238,27.5974114
47.1538442,27.6015303
47.1538453,27.6037997
47.1542838,27.6041043
47.1567578,27.6031243
47.1586277,27.6012761
47.158839,27.6008736
47.160338,27.5976149
47.1622365,27.5947829
47.1635524,27.5931965
47.1645432,27.5911157
47.1658154,27.5893847
47.1662684,27.5876862
47.1672404,27.583278
47.1676502,27.5813464
47.1676989,27.5814304
47.1687549,27.5792116
47.1706561,27.5722316
47.1714302,27.5687295
47.1725523,27.5628976
47.1737422,27.5580396
47.1742237,27.5530305
47.1745778,27.5478501
47.1747556,27.5440872
47.1739696,27.5401013
47.1732251,27.5353587
47.1729484,27.5333709
47.1730094,27.5333864
47.1728498,27.5330936
47.1736305,27.538533
47.1738145,27.5395352
47.1748799,27.542789
47.1749248,27.5447246
47.1747462,27.5476596
47.1744254,27.5511448
47.1742885,27.5524202
47.1738516,27.5574724
47.1730942,27.5613017
47.1727552,27.5622279
47.1718457,27.5677954
47.1706665,27.5725246
47.1683397,27.5797492
47.1677261,27.5815577
47.1671388,27.5855943
47.1661051,27.5882333
47.1645826,27.5910973
47.1639726,27.5922907
47.1621913,27.5948409
47.1612072,27.5957806
47.1591425,27.5999195
47.1574634,27.6025702
47.1562031,27.6040729
47.1546226,27.6042461
47.1538856,27.6032184
47.1528992,27.5994784
47.1512569,27.5972092
47.149026,27.5941093
47.1476964,27.5922915
47.1473298,27.5921654
47.1463767,27.5933874
47.1430764,27.5977009
47.1412896,27.6003226
47.1404285,27.6016607
47.1394473,27.6030583
47.1392024,27.6035398
47.1380922,27.6051004
47.1366393,27.607265
47.1347144,27.6101924
47.1315023,27.6132679
47.1298557,27.6145767
47.1274419,27.6165853
47.1243605,27.6213409
47.1225234,27.6239385
47.120353,27.6269644
47.1182781,27.6311385
47.1166116,27.6322491
47.1166465,27.6321107
47.1166703,27.6321102
47.1168684,27.6320167
47.1168656,27.6319718
47.1168857,27.631954
47.1168346,27.6319866
47.1168391,27.6319528
47.1168554,27.6320124
47.1168361,27.6319613
47.1168321,27.6319621
47.1168587,27.6319624
47.1168576,27.6319676
47.1168401,27.6319411
47.1168407,27.6319396
47.1177888,27.6316926
47.1200581,27.6277379
47.1225562,27.6238236
47.1244905,27.6210572
47.12746,27.6165343
47.1306439,27.6139199
47.1332086,27.6122749
47.1337176,27.6116351
47.1340611,27.6111008
47.1344347,27.6105585
47.1344339,27.6105207
47.1343982,27.6105426
47.1353321,27.6091984
47.1358814,27.6083941
47.1398378,27.6025058
47.1423335,27.5986967
47.1452644,27.5946585
47.1471615,27.5924755
47.1474895,27.5921424
47.1488138,27.5938575
47.1507557,27.5964861
47.1535641,27.6003945
47.1538919,27.6033599
47.1541587,27.6040403
47.156607,27.6032789
47.1584489,27.601323
47.1589867,27.6001128
47.1609589,27.5961969
47.1615401,27.5953989
47.1622736,27.5946684
47.1634155,27.5932363
47.163748,27.5927104
47.1650723,27.5907321
47.1653827,27.5904948
47.1658305,27.5891734
47.1671284,27.5839072
47.1675265,27.5822453
47.1678285,27.58125
47.1686416,27.5789178
47.1708089,27.5711545
47.1724447,27.5652255
47.1728998,27.5617786
47.1735065,27.5591986
47.1740464,27.5552905
47.1741696,27.5523703
47.1743877,27.5504562
47.1747324,27.5442358
47.1747985,27.5433654
47.1442154,27.596121
47.130629,27.6138255
47.133668,27.6115268
47.1498079,27.5951899
47.1507641,27.5964052
47.1539126,27.6022675
47.153852,27.6041346
47.1565961,27.6031918
47.1587591,27.6007395
47.1599253,27.5984345
47.161419,27.5954911
47.1618232,27.5949814
47.1643188,27.5913799
47.1651264,27.5906507
47.1658792,27.5893825
47.1661619,27.5880495
47.1675793,27.5820996
47.1676024,27.5820447
47.1686018,27.5793602
47.1705749,27.5724266
47.1718817,27.5675182
47.1725735,27.5628604
47.1736478,27.5589163
47.1742679,27.5527012
47.1743755,27.5506624
47.1747392,27.5448639
47.174881,27.5439581
47.1735634,27.5379832
47.1730652,27.5344197
47.1730067,27.5332971
47.1726325,27.5326586
47.1726457,27.5326678
47.1726253,27.5326818
47.1728942,27.5334956
47.1736161,27.538824
47.1743848,27.5409384
47.1748603,27.5436087
47.1747433,27.5475253
47.1745157,27.5508728
47.1742722,27.5540998
47.173726,27.5584083
47.1736279,27.5594721
47.1731805,27.5612811
47.1728596,27.5622405
47.1721031,27.5671761
47.1706168,27.5729273
47.1678879,27.580831
47.1675756,27.5822429
47.1661183,27.588512
47.1656519,27.5901842
47.1643741,27.5915092
47.1624316,27.5945938
47.1609361,27.5962464
47.1591004,27.6000148
47.1565546,27.6035516
47.1562004,27.6039722
47.1538946,27.6032733
47.1516495,27.5977295
47.1499649,27.5955613
47.1478344,27.5926806
47.1478237,27.5926737
47.1476038,27.5923279
47.1466902,27.5929338
47.1445109,27.5956551
47.1426018,27.5983722
47.1405787,27.6015009
47.1376275,27.6058118
47.1374338,27.6062327
47.1344501,27.6106419
47.130757,27.6138458
47.1275465,27.6165913
47.1244531,27.6211171
47.1227295,27.6237057
47.1198435,27.6282126
47.1167166,27.631999
47.1166565,27.6320623
47.1166699,27.6320566
47.1166697,27.6320546
47.1166675,27.6320548
47.1192488,27.6294588
47.1225285,27.6238641
47.1258018,27.6186937
47.1295478,27.6147839
47.1331836,27.6123305
47.1360313,27.6081359
47.1409509,27.6008897
47.1425413,27.5983799
47.1437066,27.5965837
47.1455056,27.5943097
47.1471071,27.5923871
47.1483042,27.5931953
47.1499938,27.595474
47.1523176,27.5986018
47.1539158,27.6028074
47.154581,27.6042168
47.1567955,27.6030505
47.1590138,27.5999636
47.160461,27.5971518
47.161581,27.5953463
47.1630982,27.5940654
47.1644743,27.5911472
47.1658909,27.5893468
47.1658857,27.5888958
47.167129,27.5838267
47.1675944,27.5818931
47.1686025,27.5793319
47.1708578,27.5712995
47.1722457,27.566616
47.1722669,27.5637378
47.1732615,27.5608066
47.174168,27.554144
47.1745228,27.5491996
47.1746934,27.5456702
47.1748103,27.5438763
47.1747095,27.5422759
47.1734606,27.5371853
47.172988,27.5325249
47.173358,27.5370811
47.1735771,27.5387725
47.1748272,27.5433612
47.174868,27.5445936
47.1745413,27.5507857
47.1743399,27.5525255
47.1737159,27.5589651
47.1733387,27.5609387
47.1730142,27.561768
47.1719612,27.5675567
47.1703245,27.5738139
47.1685247,27.57959
47.1679462,27.5809208
47.1663599,27.5876866
47.1645777,27.5911327
47.1643095,27.5917663
47.162203,27.5947797
47.1616106,27.5953321
47.1604595,27.5973554
47.1588132,27.6006417
47.1563862,27.603799
47.1546612,27.6042366
47.1538896,27.6034225
47.1519226,27.5982185
47.1496134,27.5950844
47.148862,27.5940255
47.1466577,27.592916
47.1457149,27.5939512
47.144131,27.5962058
47.1412808,27.6003551
47.1394321,27.6031294
47.1375678,27.6059622
47.1374043,27.6062401
47.134518,27.6105148
47.1308811,27.6137158
47.1274886,27.616578
47.1243097,27.621308
47.1219471,27.6245575
47.1189939,27.6299199
47.1165717,27.6320283
47.1166419,27.6321452
47.1166424,27.632142
47.1166929,27.6321249
47.1167039,27.6320868
47.1179409,27.6315723
47.1216587,27.6247802
47.126015,27.6182553
47.1302779,27.614163
47.1340741,27.6110891
47.1350865,27.6096248
47.1360436,27.6082019
47.1382794,27.604952
47.1422829,27.601019
47.1436615,27.6039039
47.1436616,27.6039028
47.1441884,27.6048765
47.1455137,27.6076956
47.1461687,27.6091409
47.1461512,27.6091585
47.1460091,27.6169119
47.1444218,27.6278234
47.1433903,27.6403747
47.1433914,27.643193
47.1434891,27.6441726
47.14359,27.6502691
47.1430653,27.6553794
47.1410409,27.660667
47.1384545,27.6672718
47.1358523,27.6737913
47.1348554,27.6813647
47.1325609,27.6911149
47.1321979,27.6925731
47.1306822,27.6984899
47.1307833,27.6981812
47.1307829,27.69818
47.1307946,27.6981595
47.1307924,27.6981748
47.1307794,27.6981881
47.1307402,27.6981528
47.1307403,27.6981699
47.1307522,27.6981888
47.1307464,27.6981836
47.1307579,27.6982407
47.1319357,27.693439
47.1327125,27.6901736
47.1345328,27.68277
47.1358083,27.6737017
47.1380539,27.6681308
47.1403627,27.6622768
47.141917,27.6582114
47.1434373,27.6506513
47.1434498,27.6460957
47.1434371,27.6431948
47.1432526,27.6433404
47.1432788,27.6434337
47.1433082,27.643443
47.1433011,27.6434163
47.143315,27.6434124
47.1435102,27.6480572
47.1435458,27.6529902
47.1412212,27.6601016
47.1391162,27.6654349
47.1363313,27.6722989
47.134768,27.6818443
47.1325872,27.6909073
47.1323604,27.6919722
47.1306464,27.6982064
47.1306595,27.6984991
47.130691,27.698282
47.1306797,27.6982921
47.1306433,27.6982563
47.1306205,27.6982656
47.1306765,27.6981269
47.1307327,27.6981342
47.1307258,27.6981244
47.130716,27.6981089
47.1306875,27.6980937
47.1306672,27.6980912
47.1306623,27.6980821
47.1307121,27.6979802
47.1321219,27.6929573
47.1330114,27.6891012
47.1350127,27.6795331
47.1358578,27.6736211
47.1390628,27.6656052
47.141067,27.660202
47.1433827,27.6537615
47.1434456,27.6473872
47.1434282,27.6431553
47.1433182,27.6434618
47.1434007,27.6434315
47.1434757,27.6433919
47.1434313,27.6434904
47.1434556,27.6435997
47.1435639,27.6494427
47.1431483,27.6550167
47.1430011,27.6555587
47.1429895,27.655675
47.1429593,27.6556222
47.1426834,27.6564676
47.1418986,27.6583694
47.1413052,27.6599101
47.1399315,27.6634247
47.1359741,27.6733749
47.1346081,27.6826485
47.1325234,27.6911885
47.1318892,27.6939341
47.1307575,27.6981629
47.1307448,27.6980762
47.1307441,27.6980754
47.1307423,27.698075
47.1307408,27.6980733
47.1307118,27.6980437
47.1306829,27.6980798
47.1309711,27.697257
47.1322736,27.6922698
47.1344112,27.6831941
47.1355173,27.6753431
47.137942,27.6684665
47.1405334,27.661785
47.1422665,27.657268
47.1434802,27.648135
47.1434738,27.6431159
47.1433908,27.6434121
47.1433745,27.6435079
47.1434009,27.643436
47.14343,27.6434023
47.1434402,27.6433371
47.1434356,27.6440496
47.1435712,27.6512073
47.1413391,27.6597364
47.138814,27.6662318
47.1354957,27.6760331
47.133596,27.6867183
47.1324805,27.6912951
47.130928,27.6976421
47.1306914,27.6981363
47.1306476,27.698145
47.130652,27.6981755
47.1306522,27.6982047
