47.1480919,27.5782406
47.1501354,27.5743829
47.1519237,27.5723635
47.1520354,27.5722405
47.1524749,27.5718017
47.1531277,27.5710028
47.1542805,27.5701228
47.1556884,27.5701256
47.1577768,27.5703201
47.1599771,27.5703434
47.1616545,27.5709605
47.1632813,27.5682447
47.165088,27.5644196
47.1680374,27.5584325
47.1694012,27.5551492
47.1694342,27.5495972
47.1695425,27.5443845
47.1695352,27.5407503
47.1695206,27.5407155
47.1695414,27.5407356
47.1695305,27.5407264
47.1695338,27.540704
47.1695432,27.5408171
47.1684862,27.5411539
47.1667695,27.5446828
47.1675142,27.5476348
47.1687147,27.5493021
47.1690517,27.550469
47.1694357,27.5515684
47.1693912,27.5557819
47.1689744,27.5572336
47.1680737,27.5585022
47.1660355,27.5626346
47.1644605,27.5660467
47.1617193,27.5709088
47.1599823,27.5704563
47.1584753,27.5705033
47.157293,27.5704413
47.1560267,27.5705302
47.1556249,27.5704805
47.1548528,27.5705532
47.1546246,27.5705385
47.153856,27.5705213
47.1527736,27.5716253
47.1517275,27.5726047
47.1500691,27.5745679
47.1489178,27.5760409
47.1469454,27.5800001
47.1446299,27.5821938
47.1451064,27.5821024
47.1496711,27.5859142
47.1505116,27.586487
47.1503204,27.5883122
47.1485638,27.590723
47.1477662,27.591742
47.14752,27.5920239
47.149379,27.5945942
47.1515229,27.5975064
47.1533191,27.6000132
47.153835,27.6032393
47.154336,27.604108
47.1566848,27.6031285
47.1587468,27.6013327
47.1598092,27.6054957
47.160205,27.6093664
47.1601648,27.613149
47.1599738,27.6145338
47.1590991,27.6196206
47.15633,27.6236162
47.1563827,27.623559
47.1560697,27.6242205
47.158883,27.6203529
47.159735,27.6153358
47.159898,27.6143508
47.16014,27.6116372
47.1601091,27.6088996
47.15934,27.6030963
47.1589793,27.6014232
47.1564465,27.6035396
47.1561386,27.6040049
47.1556447,27.604362
47.1550265,27.6044253
47.1539545,27.6028524
47.1510608,27.5968958
47.1496334,27.5949311
47.1476035,27.592022
47.1502938,27.5884716
47.1506337,27.5879051
47.1514611,27.5872655
47.1494245,27.5858535
47.1459496,27.5829134
47.1443342,27.5812106
47.145332,27.5817562
47.1479603,27.5783525
47.1498706,27.5746882
47.1518042,27.5725281
47.1525282,27.5717652
47.1542117,27.5702764
47.1562372,27.5703235
47.1591675,27.5704513
47.1604551,27.5708417
47.1626276,27.5693532
47.1645569,27.5655531
47.166752,27.5610184
47.1683665,27.5581334
47.1693372,27.553532
47.1694316,27.5486232
47.1695547,27.5407332
47.1695799,27.5406118
47.1695694,27.5406042
47.1695206,27.5405855
47.1690412,27.5404218
47.169073,27.5404237
47.1690784,27.5404189
47.1690774,27.5404196
47.1690664,27.5404312
47.1690769,27.5404155
47.1690664,27.5404369
47.1690642,27.5405042
47.1672835,27.5427675
47.1667431,27.5465782
47.1685846,27.5490961
47.1690631,27.5507072
47.1693011,27.5507762
47.1694266,27.5537767
47.1694031,27.5550548
47.1687535,27.5575719
47.1672955,27.5599642
47.1647831,27.5652053
47.163386,27.568115
47.1623082,27.5699522
47.1621946,27.570181
47.161192,27.5714304
47.1598499,27.5704025
47.1588888,27.5705193
47.1585859,27.5705489
47.1581026,27.57045
47.1571614,27.5704303
47.1562963,27.5704124
47.1553501,27.5704609
47.1544066,27.5705169
47.153184,27.5711293
47.151759,27.5725184
47.1504386,27.5740059
47.1487958,27.5760602
47.1469449,27.5799553
47.1445706,27.5822258
47.1441222,27.5817264
47.1465334,27.5833362
47.1482516,27.5847576
47.1503468,27.5865593
47.1505112,27.5866564
47.1503523,27.5883258
47.1481483,27.5911665
47.1486554,27.5936621
47.1498633,27.5953546
47.1520755,27.5983217
47.153809,27.6014815
47.1538172,27.6033481
47.1541064,27.6041508
47.1567543,27.6030889
47.1587489,27.6012254
47.1599544,27.6065266
47.1601655,27.6107194
47.1601085,27.6136693
47.1593243,27.6187905
47.1571687,27.6226112
47.1562743,27.6238356
47.1585725,27.620856
47.1595504,27.6166631
47.1599506,27.614448
47.1601188,27.6114918
47.1601106,27.6096983
47.1597476,27.6056416
47.1591556,27.602414
47.1589285,27.6013884
47.1589217,27.6013709
47.1562518,27.6037632
47.1553529,27.6042466
47.1539133,27.6032176
47.1515609,27.5975728
47.1505473,27.5961793
47.1476306,27.591983
47.1503767,27.5883319
47.1508986,27.5877808
47.1504241,27.5867373
47.1481548,27.5847495
47.1450772,27.5820662
47.1450052,27.5816275
47.1454691,27.5819667
47.1480133,27.5783248
47.1495932,27.5750346
47.1502011,27.5742488
47.152116,27.5721546
47.153054,27.5712266
47.1533216,27.5710813
47.1546854,27.5703023
47.1570082,27.5702143
47.1603198,27.5707729
47.1626327,27.5692715
47.1646319,27.565474
47.1670895,27.5602696
47.1690033,27.5568715
47.1693788,27.5520429
47.1694055,27.5469
47.1695156,27.5407116
47.1694917,27.5406409
47.1694908,27.5406411
47.1694885,27.5406398
47.1694874,27.5406394
47.1694864,27.5406401
47.168524,27.5410513
47.1667388,27.5437055
47.1667877,27.5467366
47.1685893,27.5493023
47.1691082,27.5506974
47.16939,27.5536782
47.1690029,27.5570064
47.1680413,27.5584861
47.1667271,27.5611403
47.1644993,27.5658991
47.1628506,27.5691934
47.1599226,27.5704329
47.1585575,27.5705069
47.1557159,27.5704177
47.1545321,27.5704555
47.154266,27.5704586
47.1524455,27.571993
47.1516932,27.5726548
47.1502861,27.5743092
47.148618,27.5762985
47.146932,27.5800453
47.1445787,27.5821966
47.1444616,27.5817097
47.1483347,27.5848531
47.150293,27.5864797
47.1508167,27.5876475
47.1503108,27.5884065
47.1478649,27.591571
47.1487056,27.5937994
47.1506077,27.5963912
47.152687,27.5991919
47.1538502,27.6032875
47.154163,27.6041686
47.1567898,27.6031389
47.1587702,27.6013287
47.1598882,27.606117
47.1601784,27.6099847
47.1602994,27.6137734
47.1595109,27.6172191
47.1584752,27.6208141
47.156351,27.6235446
47.1574019,27.6223583
47.1592103,27.6188823
47.159853,27.614743
47.1599788,27.614322
47.1600915,27.6106696
47.1598802,27.6063492
47.1588986,27.6012972
47.1562522,27.6039228
47.1546106,27.6042077
47.1538789,27.6034613
47.1524898,27.5988332
47.1500296,27.5954809
47.1496092,27.5949958
47.1488887,27.5902614
47.1513171,27.5878406
47.1494356,27.5858454
47.1480007,27.5845869
47.1445711,27.5810247
47.1457442,27.5817414
47.1481041,27.5782204
47.1501201,27.5744187
47.1519239,27.5724784
47.1542029,27.5703129
47.1566732,27.5702381
47.1598352,27.5703901
47.1619531,27.5704767
47.1644466,27.5657258
47.1677416,27.558873
47.1693306,27.5554274
47.1693624,27.5505213
47.1694758,27.5464731
47.1694959,27.5405773
47.1695002,27.5405417
47.1695026,27.5405335
47.1695026,27.5405359
47.1695015,27.5405413
47.1695156,27.5405873
47.1694971,27.5406228
47.1694973,27.5406209
47.1694791,27.5406403
47.1695136,27.5406351
47.1686687,27.5409131
47.1666952,27.5443558
47.1670853,27.5471749
47.1686947,27.5493492
47.1692008,27.5507367
47.1692544,27.5561982
47.1674978,27.5594475
47.1647912,27.5651072
47.1623679,27.5698578
47.1605283,27.5711943
47.1580362,27.5704971
47.1556492,27.5704312
47.1540162,27.5704731
47.1518942,27.5724191
47.1496176,27.5750423
47.147395,27.5793184
47.1450646,27.5825278
47.1442741,27.5816114
47.1475048,27.584166
47.1504666,27.5866578
47.1502741,27.5883102
47.1477329,27.5917081
47.1526261,27.6023424
47.1527469,27.6032395
47.1527448,27.6032143
47.1526015,27.601533
47.152601,27.6015314
47.1503565,27.5771828
47.1498669,27.5778016
47.1473934,27.5816857
47.1460181,27.5864173
47.1460124,27.5877286
47.1466229,27.5909536
47.147349,27.5919366
47.1466659,27.5928892
47.143716,27.5966658
47.141893,27.5993222
47.1412405,27.6004956
47.139846,27.6025682
47.1383957,27.6046531
47.1374637,27.6060282
47.1350873,27.6096067
47.1329014,27.6126528
47.1301511,27.6143262
47.1268312,27.617084
47.123625,27.6223651
47.1230822,27.6233168
47.1206884,27.626271
47.1182956,27.6309991
47.1165031,27.6320751
47.1167352,27.632144
47.1167307,27.632141
47.1167287,27.6321736
47.1167302,27.6321445
47.1167285,27.6321169
47.1167272,27.6321165
47.1167263,27.6321144
47.1178875,27.6315926
47.1208632,27.6260933
47.124066,27.6217576
47.1244596,27.621069
47.1273456,27.6166465
47.1291657,27.615076
47.1317991,27.6131864
47.1331492,27.6123619
47.1337842,27.6115221
47.1341537,27.6109907
47.1350189,27.6097778
47.1357453,27.6086567
47.1372616,27.6063586
47.1410793,27.6007757
47.1421408,27.599197
47.1450112,27.5949816
47.1460968,27.5936309
47.1472071,27.5922277
47.1472317,27.5922435
47.147433,27.5920244
47.1461536,27.5892959
47.1473462,27.5819682
47.1483208,27.5803889
47.1489898,27.579363
47.1508131,27.5767399
47.1545641,27.5736052
47.1563852,27.5742872
47.1612958,27.573315
47.1638109,27.5724987
47.1639566,27.5723355
47.1656531,27.571422
47.1657543,27.5714148
47.1673636,27.5687875
47.1674863,27.5685506
47.1698067,27.5641214
47.1710605,27.5614175
47.1731366,27.5537974
47.1735936,27.5512929
47.1733019,27.5445658
47.1732168,27.5437824
47.1731523,27.5428434
47.172995,27.5409817
47.1729131,27.5400828
47.1722569,27.5357736
47.1725432,27.5239004
47.1724343,27.5176654
47.1726012,27.5120543
47.1693565,27.510261
47.1674861,27.5137391
47.1687059,27.5141096
47.1701012,27.512319
47.1712147,27.509281
47.1725443,27.5154581
47.1724615,27.5209469
47.172272,27.5333037
47.1726853,27.5371498
47.1730356,27.5414192
47.1732968,27.5448286
47.1733875,27.5466667
47.1735655,27.5502724
47.1726527,27.5558543
47.170955,27.5614371
47.1694093,27.5646527
47.1678454,27.5675584
47.1672161,27.568756
47.1663079,27.5703923
47.1655701,27.5713618
47.1618909,27.5732848
47.1607289,27.573104
47.1564278,27.5741596
47.1545524,27.5735427
47.1498839,27.5778148
47.1487527,27.5794351
47.1461284,27.5844453
47.1460446,27.5877791
47.1467215,27.5910612
47.1471863,27.5916949
47.1466839,27.5928033
47.1462186,27.5933579
47.143084,27.5975851
47.1419623,27.5992221
47.1408217,27.6010476
47.1379316,27.6052533
47.1373977,27.6060289
47.135043,27.609483
47.1341408,27.6108254
47.1306169,27.6139194
47.1276998,27.616338
47.1254674,27.6191827
47.123226,27.6231924
47.1209568,27.6258146
47.1189186,27.6299279
47.1165079,27.6320144
47.1164825,27.6320064
47.1164937,27.631887
47.1165039,27.631971
47.1165026,27.6319712
47.1164821,27.6319533
47.1164571,27.6320291
47.1164759,27.6320438
47.116484,27.6320376
47.1164834,27.6320382
47.1164827,27.6320369
47.1164847,27.6319784
47.1164894,27.6319583
47.1166222,27.6321396
47.1166241,27.6321398
47.1167651,27.6322212
47.1167508,27.6322152
47.1166921,27.6321074
47.1166826,27.6320977
47.1166819,27.6321183
47.1166858,27.6321021
47.1166905,27.6320923
47.1167025,27.632099
47.116686,27.632093
47.1168855,27.6320106
47.1192169,27.6295292
47.1211005,27.6256782
47.1244267,27.621178
47.1274295,27.6165913
47.1306481,27.6139871
47.1322426,27.6130076
47.1353923,27.6091581
47.1362723,27.6077999
47.1386501,27.6042679
47.141376,27.6002596
47.1421165,27.5990886
47.1436531,27.5968006
47.145504,27.5943982
47.1466306,27.5929859
47.1472113,27.5922471
47.1472189,27.5922347
47.1468342,27.5910475
47.1461405,27.589288
47.1460979,27.5876073
47.1470902,27.5823531
47.1487576,27.579653
47.1492375,27.5790206
47.1526808,27.5743165
47.1562827,27.5742738
47.1590992,27.575275
47.1613103,27.573308
47.1643409,27.5721158
47.1656134,27.5713775
47.1657818,27.5713799
47.1673075,27.5688358
47.1679945,27.5676413
47.1712463,27.5609397
47.1721239,27.5587761
47.1733296,27.5527844
47.1734884,27.5518025
47.1733989,27.5472093
47.1732601,27.5449689
47.1732101,27.544379
47.1730511,27.5423385
47.1729677,27.541209
47.172955,27.5407519
47.172364,27.53656
47.172775,27.5278287
47.1725218,27.519113
47.1729464,27.5127455
47.1710481,27.5092399
47.1680636,27.5123743
47.1675077,27.5141531
47.1689808,27.5141318
47.1700842,27.5120064
47.1712755,27.5092348
47.1728588,27.5139303
47.1724691,27.5200992
47.1722651,27.5309097
47.1728704,27.5377104
47.1731307,27.541533
47.1733579,27.5446698
47.17349,27.5480835
47.1736191,27.5502419
47.1736618,27.5503775
47.1731667,27.5537187
47.1710662,27.561234
47.168525,27.5665588
47.1674825,27.5685584
47.1668127,27.5697696
47.1658375,27.5711181
47.1657554,27.5713434
47.1615849,27.5732538
47.1594733,27.5734894
47.1568738,27.5743635
47.1546844,27.5734866
47.153115,27.573918
47.1500064,27.5777021
47.1351754,27.6094495
47.149178,27.5789595
47.1503414,27.5773284
47.1714928,27.560468
47.1731206,27.5540147
47.1735039,27.5519845
47.1735979,27.5510471
47.1733283,27.5452275
47.1731911,27.544272
47.1731222,27.5431004
47.1729919,27.5417215
47.1728962,27.5411978
47.172426,27.5366594
47.172804,27.5280854
47.1725163,27.5191274
47.1729699,27.5127806
47.1703222,27.5093942
47.1677665,27.5124024
47.1676986,27.5143163
47.1700026,27.5136643
47.1695125,27.5098078
47.1728287,27.5122637
47.1724596,27.5194416
47.1724768,27.5259004
47.1725111,27.5369339
47.1729282,27.5394847
47.1732105,27.5438199
47.1732871,27.5454321
47.173543,27.55035
47.1732854,27.5528473
47.1716821,27.5598652
47.1709177,27.5614678
47.1676445,27.5681716
47.166589,27.5701131
47.1657055,27.571219
47.1634768,27.5725861
47.1608012,27.5731374
47.1582034,27.5750235
47.1563119,27.5740626
47.1541757,27.5735504
47.1511875,27.5760711
47.1499347,27.5778853
47.1470009,27.5823582
47.1460372,27.585138
47.1462441,27.5900675
47.147172,27.59175
47.14661,27.5929954
47.1440997,27.5961837
47.1418538,27.5993869
47.1411985,27.6005985
47.1385051,27.6044666
47.1375517,27.6059199
47.134727,27.6100916
47.1317375,27.6131681
47.1287738,27.6154545
47.1261874,27.6179579
47.1236468,27.6224568
47.1212983,27.6254144
47.1189375,27.6299735
47.1165195,27.6320029
47.1166984,27.6320942
47.1166645,27.6320496
47.1166658,27.6320601
47.1166622,27.6320311
47.116665,27.6320322
47.1166648,27.6320333
47.1185521,27.6307206
47.1206023,27.6263073
47.1243967,27.6212393
47.1269722,27.6170106
47.1298458,27.6145841
47.1316365,27.6132023
47.1345289,27.6102992
47.1353042,27.6090546
47.1361769,27.6078532
47.1367547,27.6070922
47.1407252,27.6011953
47.1419735,27.5991816
47.143643,27.5966728
47.1453185,27.5945543
47.1470348,27.5923406
47.1472995,27.5920322
47.1461914,27.5894946
47.1461254,27.5857337
47.1466018,27.5833579
47.1485203,27.5800103
47.1491944,27.5790292
47.1492387,27.5789942
47.1522914,27.5747147
47.1562474,27.5742608
47.1589991,27.5754212
47.1613615,27.5733623
47.1646278,27.5720194
47.1653235,27.5716708
47.165655,27.5715637
47.1663526,27.5709298
47.167408,27.5689445
47.1705626,27.5625445
47.1718635,27.5596434
47.1732058,27.5532426
47.1734787,27.5522029
47.1732226,27.5442679
47.1729823,27.5410762
47.1728929,27.5399479
47.1723739,27.5376978
47.1723292,27.5376821
47.1729828,27.5388281
47.1732547,27.5439745
47.1733896,27.5451656
47.1736176,27.5499498
47.1736146,27.5505898
47.1731168,27.5539424
47.1710706,27.5612435
47.1685053,27.566435
47.1680228,27.5677287
47.1673609,27.5687176
47.1663153,27.5704647
47.1661945,27.5707417
47.1652695,27.5715297
47.1613614,27.5732685
47.1591993,27.5738495
47.1563165,27.5741037
47.1550761,27.5736611
47.1502369,27.5773426
47.1493116,27.5787067
47.1469745,27.5823427
47.1460665,27.5869048
47.1461982,27.5894941
47.1469478,27.5914499
47.1472268,27.5923412
47.1444167,27.5957421
47.1424679,27.5986278
47.1405856,27.6014034
47.1383237,27.6047485
47.1363102,27.6077452
47.134918,27.6097984
47.1323579,27.61295
47.1303356,27.6141324
47.1274589,27.6165065
47.1236732,27.6223482
47.1213979,27.6252677
47.1196661,27.628551
47.1166654,27.631972
47.1165996,27.6321605
47.116623,27.6320694
47.1166292,27.6321078
47.1166297,27.6321074
47.1166292,27.6321064
47.1191722,27.6295681
47.1211435,27.625648
47.1245446,27.6211195
47.1275792,27.6165076
47.1302864,27.6142582
47.1325579,27.6129483
47.1343727,27.6106549
47.1345246,27.6104125
47.135342,27.6091682
47.1358481,27.6084135
47.1392486,27.6033765
47.1413642,27.6002917
47.1421558,27.5991887
47.143711,27.5967344
47.1452996,27.5946903
47.1470419,27.5924972
47.147038,27.5924367
47.147322,27.5922017
47.1461329,27.5892813
47.1461155,27.5861342
47.1468331,27.5828575
47.1478033,27.5812555
47.1489794,27.5793214
47.1509819,27.5765358
47.1548078,27.5736514
47.1571427,27.5746605
47.1599313,27.5732808
47.1611092,27.5733335
47.1635818,27.5726271
47.1648077,27.5720069
47.1655128,27.5716162
47.1657326,27.5713869
47.1673739,27.5688331
47.1674664,27.5686611
47.1694741,27.5647719
47.1714925,27.5604753
47.1724014,27.5573609
47.1731883,27.5537438
47.1733735,27.5526476
47.1733785,27.5474722
47.1733558,27.5473433
47.1732113,27.5437835
47.1729131,27.5402313
47.1722751,27.5377451
47.1722879,27.5376885
47.1723234,27.5377318
47.1729359,27.5390689
47.1732296,27.5429433
47.1733019,27.5442504
47.17339,27.5462705
47.1735388,27.5495024
47.1736038,27.5507631
47.1725767,27.5564223
47.1709431,27.5614337
47.168285,27.5668212
47.1682232,27.5669631
47.166755,27.5697169
47.166402,27.5703444
47.1651653,27.5715898
47.1614191,27.5732219
47.1607186,27.5730993
47.1567965,27.5756523
47.1541158,27.581962
47.1519246,27.5868561
47.1515797,27.5903665
47.1534876,27.5996291
47.1538441,27.6016615
47.1527345,27.6037079
47.1525631,27.6030522
47.1525821,27.6031085
47.1525641,27.6031252
47.1525529,27.6031241
47.1528575,27.6032972
47.1533446,27.6025664
47.1533695,27.6025726
47.153369,27.6025713
47.1533779,27.6025472
47.1533773,27.6025472
47.1533767,27.6025476
47.1534209,27.6015344
47.1533941,27.6015437
47.1533942,27.6015435
47.1533702,27.6015632
47.1533706,27.6015703
47.1533704,27.6015706
47.1533701,27.601569
47.1533698,27.6015683
47.1533703,27.6015729
47.1533713,27.6015788
47.1533727,27.6015844
47.1533728,27.6015855
47.1533728,27.6015845
47.1533721,27.6015867
47.1533715,27.6015872
47.1533717,27.6015879
47.1533711,27.6015854
47.1533708,27.601583
47.153371,27.6015825
47.1533704,27.6015838
47.1533725,27.6015883
47.1533722,27.6015886
47.1533722,27.6015884
47.1533728,27.6015878
47.1533726,27.6015876
47.1533723,27.6015877
47.1533719,27.6015877
47.1533721,27.6015874
47.1533713,27.6015877
47.1533706,27.6015891
47.1533701,27.6015902
47.1533709,27.6015818
47.1533711,27.6015815
47.153371,27.6015805
47.1533705,27.6015801
47.15337,27.6015808
47.1533699,27.601581
47.1533696,27.6015815
47.1533696,27.6015824
47.1533695,27.6015829
47.1533692,27.6015862
47.153369,27.6015873
47.153369,27.6015877
47.1533689,27.6015877
47.153369,27.6015867
47.1533691,27.6015875
47.1533688,27.601588
47.1533686,27.6015877
47.1533679,27.6015875
47.1533674,27.6015876
47.1533664,27.6015874
47.1533661,27.6015869
47.1533654,27.6015867
47.1533644,27.6015863
47.1533647,27.6015854
47.1533649,27.6015843
47.153365,27.6015835
47.1533659,27.601582
47.1533661,27.6015814
47.1533663,27.6015819
47.1533662,27.6015819
47.153366,27.6015816
47.1533657,27.6015818
47.1533654,27.6015818
47.1533654,27.6015824
47.1533661,27.601582
47.1533665,27.6015821
47.1533663,27.6015813
