47.1597328,27.6155842
47.1599686,27.6143564
47.1613353,27.609128
47.1614903,27.6086133
47.1616916,27.6079943
47.1601674,27.6115308
47.160057,27.608185
47.1592192,27.6026222
47.1594541,27.600616
47.1613955,27.5985535
47.1623053,27.5976874
47.1635777,27.5968221
47.1648065,27.5959459
47.1663088,27.5947217
47.1662865,27.5946635
47.16629,27.5931252
47.1652937,27.5910593
47.1657747,27.58965
47.166949,27.5848076
47.1672148,27.5836098
47.1675584,27.5821155
47.167795,27.5812778
47.1685913,27.5793126
47.1703108,27.573624
47.17127,27.5696201
47.1722623,27.5640197
47.1733393,27.5605174
47.1740616,27.555846
47.1743356,27.5521449
47.1745382,27.5496442
47.1746425,27.5467792
47.1747452,27.5451689
47.1746986,27.5422245
47.1745937,27.5416108
47.1735003,27.5371326
47.1729725,27.5331655
47.1725406,27.5223563
47.1724638,27.5187776
47.1731609,27.5124081
47.1694243,27.5094943
47.1674566,27.5129091
47.1691748,27.5141653
47.1693622,27.5120208
47.1725608,27.5106662
47.173333,27.5103338
47.174326,27.5037767
47.1755266,27.4972027
47.1773198,27.489075
47.1788361,27.4821344
47.1806579,27.4741201
47.1816723,27.4691155
47.1811389,27.4688732
47.1814683,27.4702154
47.1804338,27.4751297
47.1773053,27.4891138
47.1761677,27.4942025
47.1749888,27.4996575
47.174457,27.5029437
47.1740558,27.5054836
47.1737583,27.5071837
47.1734145,27.5098539
47.1725245,27.5099201
47.1690326,27.512189
47.1675712,27.5141073
47.1700179,27.5133571
47.169411,27.5107935
47.1726294,27.5120397
47.172865,27.5135851
47.1724849,27.519693
47.1726695,27.5314386
47.1732446,27.5353515
47.1736294,27.5388312
47.1748928,27.544375
47.1747095,27.5485531
47.1745329,27.5510398
47.174346,27.5531365
47.1740805,27.5562801
47.1735398,27.559723
47.1734285,27.5603968
47.1729163,27.5620193
47.172353,27.56463
47.1709505,27.5711396
47.1693613,27.5773891
47.1679525,27.5806936
47.1676114,27.581937
47.1671478,27.5837293
47.1667363,27.5858245
47.16569,27.5898254
47.1647208,27.5910003
47.1647352,27.5920458
47.1656307,27.5927163
47.1664526,27.5932036
47.1664421,27.5947407
47.1644698,27.5961991
47.1630482,27.5972946
47.1600253,27.6000327
47.1589506,27.6011614
47.1595382,27.6041809
47.1601611,27.6093433
47.160084,27.6137383
47.1595305,27.6170968
47.158477,27.6207463
47.1562347,27.6237651
47.1562115,27.6237616
47.1562284,27.623797
47.1562704,27.623818
47.1563041,27.6238343
47.1563361,27.6238157
47.1563395,27.6238051
47.156326,27.6238199
47.1562996,27.6238114
47.1560287,27.6242396
47.1588732,27.6204074
47.1595564,27.6163293
47.1598016,27.6147505
47.1602646,27.6123715
47.1615442,27.6085628
47.1614537,27.6085301
47.1613364,27.6089913
47.1604193,27.6116975
47.1601489,27.6115274
47.1600431,27.6087649
47.1595221,27.6043795
47.1593184,27.603287
47.1592375,27.602861
47.15912,27.6022864
47.1594114,27.6004918
47.1616517,27.5982439
47.164389,27.5960342
47.1653077,27.5953902
47.1659243,27.5949126
47.1664209,27.59453
47.1661096,27.5930865
47.1652571,27.5912368
47.1654714,27.5902763
47.1665955,27.5862448
47.1670971,27.5840979
47.1674244,27.5825389
47.1685936,27.57936
47.1706477,27.5718321
47.171783,27.5677965
47.172545,27.5630086
47.1735822,27.5589392
47.1744256,27.5508854
47.1745317,27.5493648
47.1746419,27.5473413
47.1746916,27.5451006
47.1747233,27.5439334
47.1744014,27.5412952
47.1739214,27.5398383
47.1733498,27.5365393
47.1730107,27.5338712
47.1726243,27.5291928
47.1725515,27.5230198
47.1724821,27.518668
47.1730524,27.5125444
47.1699771,27.5094876
47.1674794,27.512594
47.1675502,27.5142075
47.16993,27.5139531
47.1693379,27.5116652
47.1725386,27.5114519
47.173879,27.5062652
47.1749245,27.4999631
47.1759186,27.4953412
47.177408,27.4885261
47.1800364,27.4766885
47.1812415,27.4713347
47.1811526,27.4689145
47.1811523,27.4689131
47.1811779,27.4688906
47.1810546,27.4719526
47.1784079,27.4838474
47.1767677,27.4910673
47.174978,27.4994518
47.1740809,27.5051276
47.1738924,27.5063555
47.1735877,27.5081969
47.1730533,27.5117636
47.1694271,27.5095244
47.1675615,27.5125132
47.1687405,27.5140956
47.1700163,27.5126221
47.1696043,27.5095997
47.1727175,27.5122069
47.1724396,27.5197716
47.1725878,27.5290437
47.1729413,27.5334911
47.1735659,27.5387971
47.1744393,27.54129
47.1748262,27.5461261
47.1742118,27.5525414
47.1735404,27.5588914
47.1735166,27.559711
47.1730255,27.5614905
47.1728003,27.5621949
47.1715386,27.5685924
47.1705194,27.5730143
47.1682016,27.5800395
47.1674801,27.5823258
47.1661286,27.5882923
47.1658566,27.5897188
47.164644,27.5911351
47.1647718,27.5921209
47.1664744,27.5934397
47.1658008,27.5953302
47.1634504,27.5970252
47.16008,27.5999079
47.1592368,27.6008437
47.159277,27.6026219
47.1601231,27.6085538
47.1601602,27.6111807
47.1599947,27.6137471
47.159178,27.6192127
47.1566193,27.6232947
47.1565738,27.6233357
47.1565803,27.6233429
47.156596,27.6233722
47.1565409,27.6233146
47.1565819,27.6233359
47.1563442,27.6235578
47.1562688,27.6235808
47.1562505,27.6237079
47.1563699,27.6237349
47.1563366,27.6237141
47.156354,27.6237425
47.1563274,27.6237654
47.1563329,27.623752
47.1562999,27.6237157
47.1561994,27.6240128
47.1590121,27.6200258
47.1599003,27.614514
47.1604178,27.6117398
47.1615165,27.608602
47.1615995,27.6080377
47.1601324,27.6105601
47.1599256,27.6076136
47.1589766,27.6013799
47.1600913,27.5997759
47.1625076,27.5975389
47.1642696,27.5962149
47.1660268,27.5949438
47.1662961,27.5931119
47.165164,27.5911415
47.1651657,27.5911247
47.1658195,27.5893668
47.1662091,27.5879001
47.1662526,27.5872821
47.1672423,27.5835492
47.168535,27.5794415
47.1699733,27.5748673
47.1709735,27.570676
47.1722747,27.5637966
47.1732273,27.5609318
47.173647,27.5583703
47.1744262,27.5503268
47.1744975,27.5484155
47.1747142,27.5436223
47.1738869,27.5399721
47.1734764,27.5372434
47.1729683,27.5334073
47.1726009,27.5284241
47.1724713,27.5206015
47.1726079,27.5155216
47.1725569,27.5105708
47.1692146,27.5118775
47.1675282,27.5140779
47.1699202,27.514034
47.1693447,27.5114663
47.1725665,27.5118381
47.1739959,27.505969
47.1750728,27.4991301
47.1764838,27.4928294
47.177711,27.4871487
47.1806223,27.474346
47.1814207,27.4688653
47.1811922,27.4688434
47.1799039,27.4772876
47.1769435,27.4900604
47.1750878,27.4994299
47.1738248,27.5063771
47.1727933,27.5120709
47.169386,27.5099644
47.1675797,27.5140884
47.1689384,27.5140579
47.1699453,27.5119868
47.1720903,27.5095821
47.1725663,27.5154654
47.1724408,27.5215934
47.1727273,27.5325923
47.1733137,27.536657
47.1736686,27.5392357
47.1747249,27.5437848
47.1746968,27.5471447
47.1743932,27.55181
47.1740735,27.5558932
47.1736294,27.5591952
47.1731615,27.5611557
47.171391,27.569041
47.1704605,27.573291
47.1683787,27.579662
47.1674624,27.5825022
47.1665671,27.585815
47.1660092,27.5884266
47.1645577,27.5910354
47.1643224,27.5918674
47.1664504,27.5947102
47.1645477,27.5961187
47.1621882,27.5978523
47.1598992,27.6001144
47.1590273,27.6015223
47.1601269,27.6091046
47.160154,27.6122182
47.1600623,27.6137159
47.1591682,27.6191522
47.165244,27.5912357
47.1665232,27.5865201
47.1676929,27.5813941
47.1736735,27.539286
47.1746841,27.547762
47.1654354,27.5908509
47.1655822,27.5903938
47.1669487,27.5848785
47.1677368,27.5813367
47.1685821,27.5793969
47.1696568,27.576419
47.1709716,27.5707088
47.1727489,27.5624048
47.173763,27.5578591
47.1740852,27.5550282
47.1744938,27.5503472
47.1747312,27.5460004
47.1747797,27.5443654
47.1736556,27.5386226
47.1731113,27.534525
47.1729779,27.5330524
47.1725805,27.5237787
47.1724748,27.5196691
47.1727738,27.5142185
47.1725675,27.5114028
47.1693288,27.5105915
47.1675433,27.5139482
47.1691569,27.5141719
47.169918,27.5119946
47.1721631,27.5096562
47.172711,27.5121513
47.1727673,27.5121805
47.1737844,27.5070744
47.1749068,27.5001653
47.1760022,27.4949444
47.1773843,27.4885394
47.1799281,27.4772138
47.1808608,27.4731657
47.181421,27.4688021
47.1815604,27.4695553
47.1798998,27.4773091
47.1770766,27.4898019
47.175489,27.4972309
47.1745806,27.5021268
47.1735845,27.5081263
47.1725924,27.5105593
47.1692576,27.5115571
47.1675239,27.5141997
47.1699325,27.5140321
47.1694904,27.5100046
47.1726727,27.5121618
47.1724058,27.5196736
47.172577,27.5288021
47.1729163,27.5334799
47.1735698,27.5389174
47.1735953,27.5390927
47.1747549,27.5443755
47.1745943,27.5487701
47.1744044,27.5511641
47.1740462,27.5563878
47.1738751,27.5575564
47.1735131,27.5596911
47.1733942,27.5603557
47.1729027,27.5620499
47.1722778,27.5641388
47.1708124,27.5716722
47.1688456,27.5787284
47.1678756,27.5810334
47.1669477,27.5843335
47.1666467,27.585478
47.1658693,27.5886001
47.1645303,27.5910775
47.1653092,27.5924558
47.1664193,27.5947378
47.1632552,27.5970481
47.1620918,27.5978849
47.1600191,27.59991
47.1592131,27.6007856
47.1599757,27.6066671
47.1602071,27.6103065
47.1599923,27.6136173
47.15998,27.6142772
47.1591164,27.6195101
47.1563145,27.6237581
47.1563409,27.623779
47.1563627,27.6237888
47.1563902,27.6237953
47.1563191,27.6237905
47.1563169,27.6237931
47.1563184,27.623794
47.1563013,27.623821
47.1579817,27.6215325
47.1594565,27.6172204
47.1600447,27.6131418
47.1614005,27.6084517
47.1615179,27.6082337
47.1603739,27.6116651
47.1601145,27.609651
47.159395,27.6036342
47.1594209,27.600494
47.1616681,27.5981185
47.1645111,27.596034
47.1661312,27.5947176
47.1665533,27.5944928
47.1667354,27.5940969
47.1656959,27.5902036
47.1662935,27.5878053
47.1670863,27.5843849
47.1674035,27.5825338
47.1685446,27.5793841
47.1692914,27.5769824
47.1706841,27.5722533
47.1712359,27.5696504
47.1722664,27.5639534
47.1722764,27.5639352
47.1730816,27.5614699
47.1737107,27.5588386
47.1742131,27.5522582
47.1744281,27.5505006
47.1745967,27.5472747
47.1747292,27.5443209
47.1748279,27.5436088
47.1734616,27.5372747
47.1729764,27.5334142
47.1725693,27.5254129
47.1724496,27.5197021
47.1728137,27.5138858
47.1725361,27.509871
47.1686923,27.5122685
47.1675618,27.5141798
47.1700638,27.5127635
47.1702962,27.5094386
47.1731548,27.511666
47.174183,27.5045643
47.1754317,27.497613
47.1772909,27.4891615
47.1794901,27.4791691
47.1810365,27.4721767
47.1811197,27.4688486
47.1815548,27.4695395
47.1803294,27.4750936
47.1775894,27.4874074
47.1765146,27.4921856
47.1749336,27.4993764
47.1739801,27.5053797
47.1731863,27.5106777
47.1700803,27.5094761
47.1675929,27.5125141
47.1677427,27.5143303
47.1700596,27.5127232
47.1694483,27.5103336
47.1726782,27.5121459
47.1724478,27.5180265
47.1725393,27.5236593
47.1729803,27.5334575
47.1733372,27.5370389
47.1736343,27.5389359
47.1746521,27.5416517
47.1748685,27.5449204
47.1744215,27.5509016
47.1743066,27.5524357
47.1741813,27.5541579
47.1737747,27.5582351
47.1735512,27.5592949
47.1722694,27.5637728
47.1710432,27.5707886
47.1707701,27.5719876
47.1686367,27.5791943
47.1678482,27.5810344
47.1670859,27.5840995
47.166897,27.5854359
47.165693,27.5902087
47.1644065,27.5915467
47.1662014,27.5930212
47.1668358,27.5942462
47.1645633,27.5961911
47.1633466,27.5970969
47.1609572,27.5990355
47.1589526,27.6011736
47.160069,27.6075151
47.1602321,27.6118426
47.159702,27.6162396
47.1569792,27.6228819
47.1563275,27.6238041
47.1562528,27.623762
47.1562387,27.6237429
47.1563009,27.6237738
47.1563294,27.6237522
47.1563288,27.6237556
47.1563299,27.6237517
47.1563066,27.6237727
47.1562509,27.6238309
47.1576652,27.6219108
47.1594636,27.6170013
47.1599045,27.6145379
47.1610714,27.6096579
47.1614477,27.6085829
47.1604111,27.6116314
47.1599932,27.6091878
47.1596404,27.605068
47.1594296,27.6039747
47.1592654,27.6031041
47.1589679,27.6018072
47.1598794,27.5999328
47.1639605,27.5964206
47.1651383,27.5954607
47.1667314,27.5937786
47.1654769,27.5926658
47.1652051,27.5923848
47.1651932,27.5914951
47.1657941,27.5895019
47.166105,27.5878678
47.1672785,27.5831606
47.1676811,27.5816673
47.1683441,27.5797174
47.1688502,27.5782978
47.1708879,27.5710031
47.1723418,27.5647175
47.173107,27.5611125
47.1736046,27.5587949
47.1740912,27.5545696
47.1742755,27.5521892
47.1744408,27.5502455
47.1747912,27.5439119
47.1747955,27.5424339
47.1734906,27.5380213
47.1661209,27.5930684
47.1666889,27.5937337
47.1563211,27.6238786
47.1563216,27.6238212
47.156317,27.6238268
47.1563374,27.623802
47.1563018,27.6238299
47.1563033,27.623832
47.1563041,27.6238342
47.1560832,27.6242419
47.1588078,27.6206161
47.1595701,27.6166213
47.1599583,27.6144716
47.1603459,27.6119821
47.1615138,27.6085799
47.1615096,27.6085792
47.161257,27.6092547
47.1602115,27.6117837
47.1601075,27.6091951
47.1592776,27.6029083
47.1595939,27.6003349
47.1620139,27.5979192
47.1647608,27.5958753
47.1657694,27.5951745
47.1662614,27.5947354
47.1664197,27.5945862
47.1652299,27.5924412
47.1653407,27.591042
47.1654084,27.5906455
47.1659469,27.5889116
47.1663239,27.5873735
47.1677363,27.5816822
47.1677489,27.5815716
47.1685004,27.5795169
47.1705729,27.5726944
47.1713857,27.5690287
47.1724096,27.563508
47.1736627,27.5588869
47.1739802,27.556804
47.174411,27.5513584
47.174586,27.5489892
47.1747878,27.544833
47.1748028,27.5439038
47.1744569,27.5414043
47.1736174,27.5380058
47.1731056,27.5340617
47.1726967,27.5306715
47.1725467,27.5225381
47.1724744,27.517439
47.1726139,27.5120123
47.1693414,27.5105767
47.1675796,27.5142044
47.1691767,27.5141311
47.1700288,27.5120395
47.17122,27.5092678
47.1730192,27.5124311
47.1740053,27.5059581
47.1752559,27.498455
47.1767118,27.4915868
47.1774145,27.4883895
47.1803997,27.4750647
47.1816237,27.4694411
47.1811898,27.4689675
47.1808569,27.4732686
47.1774654,27.488251
47.1764141,27.4930985
47.1750496,27.4997035
47.1738579,27.5064146
47.1725934,27.5117327
47.1693314,27.5105453
47.1675495,27.5140984
47.1692659,27.514058
47.1693753,27.5120813
47.1725533,27.5106238
47.1724007,27.5183183
47.172559,27.5229811
47.1729322,27.5331651
47.173541,27.538043
47.174568,27.5413818
47.1748612,27.5435167
47.1749262,27.545353
47.1746426,27.5491658
47.1742969,27.5525112
47.173554,27.5589444
47.1735335,27.5593873
47.1723959,27.5634001
47.1711889,27.5700166
47.170615,27.5728954
47.1680358,27.5804734
47.1678419,27.581004
47.1668287,27.5849338
47.166014,27.5881818
47.1656493,27.5897891
47.1646659,27.5911553
47.1647662,27.5920436
47.166566,27.5934649
47.1661862,27.5950639
47.1637233,27.596826
47.1624731,27.5978429
47.1599515,27.6000994
47.1592461,27.6025094
47.1596506,27.6043622
47.1602319,27.609328
47.1601032,27.6137971
47.1594707,27.617702
47.1568037,27.6231676
47.1562481,27.6237676
47.1562878,27.6238686
47.1562833,27.6238426
47.1563257,27.6238699
47.1563241,27.6238771
47.1563409,27.6238515
47.1563363,27.6238417
47.1563456,27.6238465
47.1560685,27.6243069
47.158841,27.6203489
47.159773,27.6152853
47.1599789,27.6140218
47.1613943,27.6089102
47.1615204,27.6085039
47.1604273,27.6116816
47.1601039,27.610505
47.1594763,27.6038946
47.1589374,27.601252
47.1613284,27.5985907
47.1623175,27.5977365
47.1637949,27.5967033
47.1647765,27.5959532
47.1652989,27.5954611
47.1661621,27.594623
47.1667746,27.5942353
47.16536,27.5925669
47.1651511,27.5916092
47.165712,27.5896994
47.1662319,27.5879606
47.1672019,27.5838363
47.1677679,27.581277
47.1685846,27.5793535
47.1698424,27.5758856
47.1708904,27.5711193
47.1724246,27.5648786
47.172228,27.5638831
47.1733071,27.5608414
47.1738929,27.5570421
47.1742952,27.5522861
47.1744992,27.5502724
47.174679,27.547153
47.1747242,27.5452516
47.1748228,27.5439114
47.1748134,27.5430201
47.1735217,27.5375181
47.1730204,27.5333678
47.1725908,27.5270084
47.1724885,27.5190912
47.1729415,27.5129136
47.1709724,27.5091537
47.1674605,27.512538
47.167574,27.5141943
47.1700249,27.5131071
47.1694111,27.5110808
47.1726064,27.511668
47.1737537,27.5068318
47.1747419,27.5009962
47.1759778,27.4949403
47.177405,27.4885103
47.1806267,27.474533
47.1816383,27.4695203
47.1812005,27.4688976
47.1812321,27.4689219
47.1812309,27.468914
47.1813663,27.4691485
47.1812044,27.4689175
47.1812178,27.4689781
47.1804172,27.4750142
47.1772606,27.4891225
47.1761433,27.4942771
47.1747788,27.500953
47.1743839,27.503304
47.1741401,27.5049071
47.1736681,27.5075808
47.1732924,27.5106379
47.1698271,27.5095486
47.1675524,27.5124901
47.1682735,27.514178
47.1700584,27.5126513
47.169591,27.5097033
47.1728004,27.5122505
47.1724069,27.5196161
47.1725474,27.5276495
47.1729599,27.5333407
47.1735815,27.5387041
47.1735627,27.5388255
47.1748893,27.5442762
47.174542,27.5496175
47.1742834,27.5534188
47.1735859,27.5593436
47.1734045,27.5601056
47.1729895,27.5617177
47.1723798,27.5635799
47.1709961,27.5709898
47.1701386,27.574585
47.1678626,27.5809189
47.1678527,27.5812693
47.1661494,27.5883596
47.1661594,27.5885791
47.1644357,27.5913033
47.1644762,27.591814
47.1648032,27.5921033
47.1650976,27.5923949
47.1654812,27.592717
47.1659503,27.5930033
47.1661297,27.5929809
47.1669026,27.5939475
47.1665426,27.5947193
47.1642134,27.5964933
47.1605024,27.5994662
47.1589948,27.6010092
47.1600393,27.6071078
47.1601922,27.6106729
47.1600389,27.6137008
47.1591646,27.6191656
47.1562308,27.6237958
47.156209,27.6238406
47.1562057,27.6238346
47.1562212,27.6237989
47.156251,27.6238465
47.1562502,27.6237957
47.1562867,27.6238503
47.1562906,27.623848
47.1562675,27.6238518
47.156278,27.6238301
47.1562596,27.6238853
47.1562664,27.6238303
47.156287,27.623897
47.1562969,27.6238963
47.1561919,27.6240931
47.1588592,27.6204116
47.1597136,27.6157712
47.1599615,27.6144604
47.1610541,27.6097778
47.1614776,27.6085047
47.1615503,27.6082278
47.1603315,27.6118787
47.1600223,27.6082913
47.1594447,27.6037217
47.1593029,27.6030234
47.1591009,27.6020066
47.1590245,27.6009846
47.1619943,27.5979237
47.1647073,27.5959041
47.1658703,27.5950688
47.1662788,27.5947788
47.166731,27.5943683
47.1649572,27.5922408
47.1651314,27.5916413
47.1652739,27.591206
47.1658138,27.5893579
47.1671538,27.5837971
47.167883,27.5808661
47.1693769,27.5768356
47.1708977,27.5710807
47.1719172,27.5674122
47.1729279,27.5618305
47.173752,27.5576929
47.1742594,27.5522775
47.1744856,27.5502439
47.1748307,27.5439543
47.1747802,27.5426028
47.1734407,27.5367953
47.1730732,27.5332989
47.1726516,27.5283781
47.1725451,27.5208847
47.1725136,27.5166729
47.172932,27.5129633
47.1725206,27.5098327
47.1691682,27.5120468
47.1675036,27.51415
47.1693992,27.5140441
47.1696088,27.5120516
47.171924,27.5094856
47.1732504,27.5106669
47.174028,27.5054828
47.1752771,27.4983668
47.1772941,27.4891037
47.1792458,27.4800921
47.1808478,27.4730321
47.1811098,27.468899
47.1808401,27.4730315
47.1776638,27.4872899
47.1761829,27.4942132
47.1740916,27.5050885
47.1726597,27.5119206
47.169363,27.5104494
47.1675319,27.5141531
47.169144,27.5141866
47.1693535,27.5120687
47.1724576,27.5098089
47.1724327,27.5176297
47.1725494,27.523984
47.1729607,27.5333101
47.1736046,27.5389368
47.174877,27.5425741
47.1746236,27.5477938
47.1743175,27.5524153
47.1738305,27.5584097
47.1736545,27.5592514
47.1725526,27.5630282
47.1711113,27.570319
47.1701941,27.5742057
47.1678867,27.5808031
47.166904,27.5851171
47.1662759,27.5880216
47.1647323,27.591026
47.1644788,27.5919505
47.1666359,27.5937413
47.1664282,27.5947832
47.1644969,27.5961922
47.1634143,27.5970442
47.1596295,27.6003605
47.1590671,27.6016585
47.1601647,27.6093283
47.1600695,27.6137197
47.159203,27.6192481
47.156842,27.6231375
47.156641,27.623356
47.1566413,27.6233566
47.1566419,27.623357
47.1566417,27.6233573
47.1566265,27.6233533
47.1566572,27.6233957
47.1566966,27.6233166
47.1564193,27.6237073
47.1561818,27.6235374
47.156256,27.6235857
47.1563142,27.6236191
47.1562763,27.6236079
47.1562774,27.6235899
47.156319,27.6236288
47.1563222,27.6236352
47.1563186,27.6236474
47.1564053,27.6236987
47.1563249,27.6237196
47.1566986,27.6233411
47.1589825,27.620029
47.1598319,27.6147093
47.1598694,27.6143324
47.1610834,27.6096425
47.1614357,27.6085944
47.161742,27.6079177
47.1602729,27.6118817
47.1600705,27.6085599
47.158992,27.601508
47.1604089,27.5995102
47.1647095,27.59591
47.1664212,27.5946519
47.166656,27.5944388
47.1652785,27.5925141
47.1652258,27.5914043
47.1651689,27.5913896
47.1658124,27.5894751
47.1661529,27.5880961
47.1676804,27.5815192
47.1677033,27.581457
47.1686089,27.5793501
47.1700204,27.5747709
47.170973,27.5706497
47.172683,27.5626627
47.173831,27.5572671
47.1743453,27.5516823
47.174545,27.5473617
47.1747107,27.543985
47.1738006,27.5394992
47.1733137,27.5359816
47.1727994,27.5321731
47.172497,27.5214125
47.1725521,27.5158156
47.181187,27.4687937
47.1811657,27.4688528
47.1811719,27.468779
47.1811462,27.4688877
47.1813586,27.4706566
47.1794413,27.4793532
47.1769597,27.4901002
47.1751354,27.498837
47.1740669,27.5050051
47.1731617,27.5106859
47.1696703,27.5095311
47.16755,27.5125143
47.1678263,27.514261
47.1700612,27.5125946
47.1694698,27.5100293
47.1727478,27.5121885
47.1724485,27.5197731
47.17265,27.5272813
47.1730058,27.5334907
47.1736263,27.5389469
47.1748147,27.5434433
47.1747244,27.54767
47.1743045,27.5524834
47.1736396,27.5588403
47.1735487,27.5595362
47.172586,27.5629065
47.1709753,27.5710309
47.1700573,27.5751727
47.1678756,27.5810394
47.1678067,27.5813788
47.1660751,27.5889329
47.165275,27.5906278
47.1646437,27.5910446
47.1648632,27.5921879
47.166613,27.5936529
47.16631,27.5949025
47.1641466,27.5965074
47.1607706,27.5992018
47.1591363,27.6009701
47.1594587,27.6036176
47.1601778,27.6113056
47.1600898,27.6137057
47.1592703,27.6187276
47.1563726,27.6236845
47.1563416,27.6236584
47.1563047,27.6236526
47.1563105,27.623653
47.1565084,27.6236532
47.1564908,27.6236349
47.1565725,27.6236531
47.156537,27.623685
47.1565726,27.6236581
47.1564644,27.6236572
47.1572275,27.6225899
47.159095,27.619708
47.1596592,27.6159323
47.1601147,27.6127929
47.1615,27.608608
47.1615084,27.6085695
47.1604033,27.6116297
47.1600647,27.6105488
47.1591352,27.6022648
47.1607622,27.5991566
47.163071,27.5971385
47.1647537,27.5959497
47.166485,27.5945776
47.1664543,27.594479
47.1649959,27.592152
47.1652624,27.5911406
47.1658351,27.5894697
47.1663861,27.5869761
47.1681919,27.580083
47.1690754,27.5776076
47.170921,27.571139
47.1724998,27.5659139
47.1723252,27.563787
47.1732294,27.5610304
47.1738136,27.5572693
47.174243,27.5523903
47.1743762,27.5503006
47.1747067,27.5438971
47.1747447,27.5429253
47.1734607,27.5371376
47.1729639,27.5333422
47.1725469,27.5268022
47.1724956,27.5203514
47.1724813,27.5164396
47.1725704,27.5102259
47.1689723,27.5122287
47.1675853,27.5141099
47.169207,27.5141463
47.1700134,27.5119762
47.1713168,27.5093302
47.1728715,27.5122547
47.1739421,27.5061125
47.1750443,27.499303
47.1763193,27.4935288
47.1773028,27.4889805
47.1801826,27.4761841
47.1811849,27.4716319
47.1811473,27.4689161
47.1811385,27.4688677
47.1811897,27.4688025
47.1810173,27.4721933
47.178737,27.4824141
47.1769972,27.4901833
47.1750049,27.4993588
47.1738536,27.5063454
47.1730347,27.5115602
47.1694946,27.5094788
47.1675473,27.51252
47.1685413,27.5141381
47.1700997,27.5123056
47.1713091,27.5092957
47.1728628,27.512296
47.1724153,27.5197752
47.172625,27.5305112
47.17297,27.5334827
47.1736264,27.5388019
47.1736352,27.5391302
47.1747915,27.544385
47.174625,27.5492176
47.1741945,27.5524097
47.1736477,27.5587287
47.173411,27.560375
47.1723509,27.566481
47.1710021,27.5710777
47.1698627,27.5761378
47.16803,27.5805559
47.1671084,27.5839902
47.1667468,27.5857076
47.1647071,27.591048
47.1643918,27.5913485
47.1659253,27.5929534
47.1665302,27.5947202
47.1640957,27.5965756
47.1599981,27.6000456
47.159235,27.6022576
47.1601162,27.609336
47.1601708,27.613271
47.1600614,27.6137707
47.1592062,27.6191444
47.156713,27.6232831
47.1563594,27.6238459
47.156358,27.6237764
47.1563791,27.6238422
47.1563542,27.6238439
47.1563313,27.6238463
47.1563564,27.6238557
47.1563971,27.6238746
47.1563632,27.6238555
47.1563467,27.6238549
47.1563551,27.623927
47.1563406,27.6238482
47.1577395,27.6219111
47.1594525,27.6175181
47.159929,27.6144656
47.1609396,27.6102521
47.1614899,27.6086091
47.1616974,27.6079777
47.1601621,27.6109669
47.1600803,27.6091456
47.1590916,27.6019762
47.1596187,27.6002375
47.1623797,27.5975666
47.164783,27.5958366
47.1665317,27.5944772
47.1668356,27.5942369
47.1653589,27.5908121
47.1658243,27.5894555
47.1660267,27.5885906
47.1674453,27.5823344
47.1685349,27.5793251
47.1695547,27.5767188
47.1711494,27.5695166
47.1725524,27.5628928
47.1736105,27.5588867
47.1742818,27.5524445
47.1743685,27.5508973
47.1746622,27.545917
47.1748038,27.5439637
47.1736193,27.5381448
47.1730942,27.5341453
47.1726831,27.5306138
47.1725005,27.5208919
47.1724976,27.5190548
47.1725707,27.5106894
47.1692879,27.5117427
47.1675775,27.5138808
47.1692496,27.5140641
47.1693517,27.512092
47.1725416,27.5102488
47.173624,27.5079539
47.1746079,27.5019127
47.1758431,27.4957908
47.1772818,27.4890616
47.1800539,27.4766755
47.1813053,27.4710983
47.1811617,27.4689195
47.1811731,27.4688843
47.1811284,27.4689277
47.1810637,27.4688963
47.1810621,27.4688967
47.1811232,27.4689086
47.1811049,27.4689535
47.1811744,27.4687994
47.1810958,27.4688567
47.1811628,27.4689377
47.1810325,27.4720804
47.178403,27.483994
47.1769438,27.4908701
47.1749959,27.4994637
47.1738514,27.5064085
47.1728875,27.5120712
47.169375,27.5096975
47.1675185,27.5135038
47.1692096,27.514124
47.1693585,27.5116848
47.1725654,27.511351
47.1724405,27.5181161
47.1725736,27.5253384
47.1729212,27.5335035
47.1735387,27.5389337
47.1747079,27.5424074
47.1746066,27.5480176
47.1742234,27.5531446
47.1735619,27.5592639
47.1727922,27.5622105
47.1715247,27.568533
47.1703525,27.5735991
47.1682702,27.5799761
47.167818,27.5809511
47.1669147,27.5851493
47.166171,27.5883241
47.1644854,27.5911398
47.1647975,27.5921468
47.166267,27.592961
47.165695,27.5953016
47.1631608,27.5972528
47.1600842,27.599889
47.1594981,27.6039103
47.1601265,27.6093729
47.1599354,27.613771
47.1591304,27.6192001
47.1563123,27.6237321
47.15633,27.6238496
47.1563335,27.6238529
47.1563341,27.6238534
47.1563666,27.6238935
47.156368,27.6238962
47.1563682,27.6238889
47.1563754,27.6238694
47.1563463,27.6238582
47.1585292,27.6208382
47.1596335,27.6162698
47.1603306,27.6121917
47.1615017,27.6086155
47.1617004,27.6080574
47.1602136,27.6113378
47.159978,27.6072814
47.1590368,27.6017116
47.1602072,27.5995879
47.1641114,27.5964502
47.1662902,27.594647
47.1665068,27.5944578
47.1653893,27.5926831
47.1652036,27.5913611
47.1660717,27.5884806
47.1667062,27.5860321
47.1685891,27.5794089
47.1700133,27.5747257
47.1709452,27.5711273
47.1722557,27.5642695
47.1732059,27.5609744
47.1736878,27.5583265
47.1745054,27.5502969
47.1746274,27.5486054
47.1748374,27.5440101
47.1748522,27.5439804
47.1739767,27.5399585
47.1732355,27.5352302
47.1730256,27.5334013
47.1726161,27.5281865
47.1725103,27.5191404
47.1730278,27.5126383
47.1698822,27.5095247
47.1676219,27.5141319
47.1691604,27.5142214
47.1700798,27.5129379
47.172102,27.5096312
47.1727728,27.5122028
47.1740058,27.5059635
47.1754591,27.4977651
47.1768141,27.491796
47.179692,27.478603
47.1809015,27.4730825
47.1811887,27.4689584
47.1811652,27.4689584
47.181164,27.4689452
47.181169,27.4689478
47.1811885,27.4689342
47.1814507,27.4704712
47.1791029,27.4809068
47.177017,27.4900766
47.1751112,27.4990454
47.174087,27.5051283
47.173264,27.510471
47.1709516,27.5093041
47.1687101,27.5122219
47.1675296,27.5136503
47.1699501,27.5139172
47.1694597,27.5101059
47.1727897,27.5122499
47.1724358,27.5196758
47.1726012,27.5280482
47.172958,27.5335271
47.1736405,27.5389148
47.1748348,27.5431355
47.1748483,27.5444102
47.1746613,27.5487555
47.1743002,27.5524148
47.1737611,27.5579928
47.1735158,27.5596486
47.1730797,27.5614128
47.17126,27.5697949
47.1700772,27.5750431
47.167856,27.5809387
47.1677126,27.5816419
47.164961,27.5907822
47.1650831,27.5923329
47.1664433,27.5947872
47.1635547,27.5969769
47.1599516,27.6000004
47.1598724,27.6059302
47.1601938,27.6114199
47.1595722,27.6168109
47.157932,27.6215793
47.1562534,27.6236854
47.1562668,27.6237372
47.1563095,27.6238341
47.1563075,27.6238039
47.1562699,27.6237981
47.156286,27.6237745
47.1563088,27.6236707
47.1563597,27.6237682
47.1563177,27.6237651
47.1562845,27.6237197
47.1563039,27.6237521
47.1563601,27.6237969
47.1563593,27.6238019
47.1563615,27.6237764
47.1563609,27.6237886
47.1563607,27.6237903
47.1563764,27.6237597
47.1563379,27.6238116
47.156307,27.62384
47.1563749,27.6237583
47.1563797,27.6237191
47.1563984,27.6238035
47.1575479,27.6221556
47.1592812,27.6186094
47.1599179,27.6144041
47.1611131,27.6096264
47.1614687,27.6084885
47.1614654,27.6085152
47.1609765,27.6098332
47.1601102,27.610566
47.1592947,27.6029351
47.1597033,27.6001947
47.1617069,27.5980173
47.1642835,27.5962791
47.16475,27.5959213
47.1663772,27.5947088
47.1666047,27.5944016
47.165256,27.5912217
47.1658391,27.589366
47.1671778,27.5835948
47.1677024,27.5814488
47.1687081,27.5787944
47.1708834,27.571238
47.1723588,27.5663755
47.1732138,27.5609924
47.1739757,27.5564894
47.1745032,27.5502907
47.1748154,27.5441526
47.1737735,27.5391502
47.1735223,27.5368183
47.1730392,27.5332503
47.1726683,27.5257938
47.1725288,27.5191609
47.1730349,27.5125553
47.1700815,27.5094642
47.1680746,27.5124138
47.1675351,27.5140444
47.1699613,27.5138118
47.1695251,27.509854
47.1728728,27.5122631
47.174002,27.5059468
47.1752922,27.4984621
47.1769684,27.490557
47.1776883,27.4871328
47.1806653,27.47423
47.1815569,27.4689396
47.1811178,27.4688127
47.1811526,27.4688125
47.1811013,27.4688669
47.1816254,27.4691791
47.1795758,27.4789783
47.1770287,27.4900265
47.1753943,27.4978253
47.1743187,27.5040461
47.1731884,27.5107783
47.1700015,27.509512
47.167866,27.5124395
47.1692862,27.5140482
47.16935,27.5116798
47.1725569,27.511108
47.172427,27.5192367
47.1725423,27.5266207
47.1729289,27.5335001
47.1734832,27.5383142
47.1740758,27.5401917
47.1747121,27.544344
47.1745663,27.5485482
47.1742276,27.5527773
47.1735685,27.5589817
47.1734544,27.559715
47.1724864,27.5656206
47.1708851,27.5713461
47.1686288,27.5792258
47.1679025,27.5809451
47.1667395,27.5858198
47.1658739,27.5894459
47.1646238,27.5910605
47.1663893,27.5932152
47.1665382,27.5947155
47.1640992,27.5964847
47.1623348,27.5977766
47.1598749,27.6000217
47.1597647,27.6049588
47.1602342,27.609813
47.1600777,27.61377
47.159185,27.6192309
47.1563601,27.6236904
47.1563171,27.6236189
47.1563378,27.6236626
47.1563368,27.6236617
47.1563032,27.6236512
47.1563254,27.6236417
47.1563199,27.6236338
47.1563242,27.623647
47.1563587,27.6236816
47.1563148,27.6236582
47.156302,27.6236586
47.1562971,27.6236864
47.1563404,27.6236871
47.1563228,27.6236716
47.1560009,27.624261
47.1588672,27.6202963
47.1596695,27.615604
47.1599092,27.6144495
47.1605677,27.6111102
47.1614633,27.608658
47.16155,27.6082228
47.1611687,27.6094211
