47.1692535,27.5116088
47.1675233,27.5141305
47.1700009,27.5132079
47.1712298,27.5092962
47.1730547,27.5124459
47.1739164,27.5061743
47.1752518,27.4985071
47.1771431,27.4897433
47.1787201,27.482641
47.181164,27.4716613
47.1816971,27.4691595
47.1811411,27.4689843
47.1810995,27.4689663
47.1811059,27.4689347
47.181098,27.4689239
47.1811039,27.4689252
47.1814785,27.4690917
47.1795817,27.4787634
47.1769837,27.4900849
47.175854,27.495722
47.1751992,27.4986499
47.1748437,27.5006598
47.1746343,27.5017314
47.1743821,27.5030046
47.1740179,27.5054512
47.1736261,27.5076539
47.1733116,27.5101552
47.1699937,27.5094729
47.1673827,27.5128044
47.169183,27.5141377
47.1697902,27.5120151
47.172499,27.5099116
47.1724235,27.5170028
47.1725237,27.5224954
47.1729384,27.5334229
47.17361,27.5389288
47.1736269,27.5389926
47.1747563,27.5443849
47.1743755,27.5512012
47.1740456,27.5553687
47.1736842,27.5583293
47.1733352,27.560313
47.1728,27.5621245
47.1722643,27.5641432
47.1708692,27.5711581
47.1701005,27.5743937
47.1678361,27.5809772
47.1674906,27.5824438
47.16629,27.5871064
47.1659847,27.5881562
47.1645716,27.5910013
47.1650205,27.5923428
47.1659155,27.5929653
47.1660852,27.5930567
47.1668648,27.5942619
47.1649679,27.5958563
47.1639809,27.5965192
47.1621427,27.5979137
47.1603728,27.5995532
47.159275,27.6006809
47.1591212,27.6008746
47.1595268,27.6042933
47.1600816,27.6093172
47.1600182,27.6135717
47.1595811,27.6166278
47.1586026,27.6205948
47.1565232,27.6233608
47.1565696,27.6233614
47.1565584,27.6234031
47.1565721,27.6234497
47.1562801,27.6238273
47.153271,27.6228781
47.1517263,27.6213879
47.1529984,27.6129399
47.1543162,27.6046937
47.1543958,27.6043314
47.1522111,27.6033626
47.1527434,27.6032126
47.1527441,27.603212
47.1527448,27.6032129
47.1527441,27.6032164
47.1527441,27.6032165
47.1526391,27.6032298
47.1529059,27.6032687
47.1529065,27.6032684
47.1529062,27.6032699
47.1529067,27.6032711
47.1529058,27.6032716
47.1529057,27.603272
47.1533521,27.6029538
47.152123,27.601421
47.1521239,27.6014271
47.1521236,27.6014291
47.1521212,27.6014305
47.152119,27.601431
47.1521183,27.6014327
47.1521173,27.6014331
47.1521167,27.6014328
47.1521167,27.6014349
47.1521368,27.6014679
47.1521373,27.601468
47.1521383,27.6014672
47.1521384,27.601466
47.1521375,27.6014668
47.152137,27.6014675
47.1521364,27.6014678
47.1521356,27.6014679
47.1521347,27.6014679
47.1521333,27.6014684
47.1521322,27.6014684
47.1521309,27.6014677
47.1521297,27.6014664
47.1521289,27.6014653
47.152128,27.6014656
47.152127,27.601466
47.1521263,27.6014655
47.1521261,27.6014653
47.1521263,27.6014654
47.1521261,27.6014648
47.152126,27.601465
47.1521279,27.601469
47.152193,27.6014753
47.1521913,27.601474
47.1521906,27.6014745
47.1521898,27.6014761
47.152185,27.6014769
47.1521821,27.6014763
47.1521799,27.6014754
47.1521774,27.6014753
47.1521757,27.601475
47.1521733,27.6014742
47.1521726,27.6014761
47.1521705,27.6014765
47.152086,27.6014495
47.1520839,27.6014477
47.1520835,27.601447
47.1520836,27.6014473
47.1520802,27.6014445
47.1520803,27.6014453
47.15208,27.6014454
47.152079,27.6014442
47.1520784,27.6014433
47.1520779,27.6014435
47.1520778,27.601444
47.1520786,27.6014443
47.1520791,27.601445
47.1520793,27.601446
47.1520795,27.6014457
47.1520798,27.6014457
47.1520807,27.601445
47.1520814,27.6014444
47.152082,27.6014444
47.1520825,27.6014445
47.152084,27.601444
47.1520866,27.6014432
47.1520866,27.6014431
47.1520863,27.6014431
47.1520864,27.6014437
47.1520857,27.6014441
47.1520842,27.6014439
47.1520872,27.6014455
47.152088,27.6014464
47.1520876,27.6014477
47.1520872,27.6014487
47.1520876,27.6014491
47.1520868,27.601449
47.1520866,27.6014489
47.1520859,27.6014494
47.152074,27.6014964
47.1520704,27.6014978
47.152072,27.6014918
47.1520627,27.6014876
47.1520611,27.6014863
47.1520617,27.6014812
47.1520626,27.6014756
47.1520632,27.6014699
47.152065,27.6014642
47.1520662,27.6014616
47.1520625,27.6014545
47.152061,27.6014509
47.1520579,27.6014535
47.1520596,27.6014496
47.1520599,27.601447
47.1520594,27.6014475
47.1520582,27.6014488
47.1520498,27.601441
47.1520506,27.6014399
47.1520499,27.6014416
47.1520498,27.6014438
47.1520594,27.6014396
47.152062,27.601439
47.1520616,27.6014392
47.1520604,27.6014384
47.1520615,27.6014376
47.1520615,27.6014383
47.1520611,27.6014402
47.1520623,27.601441
47.1520636,27.6014409
47.1520643,27.6014417
47.1520644,27.6014421
47.1520651,27.6014416
47.1520664,27.601441
47.1520683,27.6014401
47.1520689,27.6014408
47.1520691,27.6014423
47.1520697,27.6014422
47.1520694,27.6014428
47.1520693,27.6014435
47.1520696,27.6014444
47.1520705,27.6014444
47.1520713,27.601444
47.1520716,27.601444
47.1520721,27.6014436
47.1520729,27.6014438
47.1520736,27.6014439
47.1520746,27.6014442
47.1520753,27.6014448
47.1520755,27.6014455
47.1520766,27.6014456
47.1520764,27.6014462
47.1520764,27.6014474
47.1520766,27.6014473
47.1520771,27.6014465
47.152077,27.6014464
47.1520765,27.6014467
47.1520751,27.6014472
47.1520747,27.6014479
47.1520742,27.6014485
47.1520738,27.6014487
47.1520738,27.6014484
47.1520735,27.6014483
47.1520738,27.6014633
47.1520762,27.6014714
47.1520701,27.6014855
47.1520909,27.601514
47.1520906,27.6015124
47.1520908,27.6015121
47.1520901,27.6015094
47.1520893,27.6015083
47.1520885,27.6015051
47.1520886,27.6015029
47.1520887,27.6015013
47.1520885,27.6015008
47.1520889,27.6014999
47.1520894,27.6014977
47.1520999,27.6014442
47.1521001,27.6014453
47.1520556,27.6015714
47.1521059,27.6014318
47.1521082,27.601434
47.1745833,27.549337
47.160976,27.6099946
47.1601283,27.6107166
47.1598415,27.6061312
47.1590656,27.6020131
47.1603212,27.5995689
47.1621315,27.5978685
47.1648518,27.5959392
47.1663994,27.5946243
47.1667133,27.5937952
47.1650873,27.5919357
47.1654472,27.5908583
47.1657696,27.589729
47.1668733,27.5850701
47.1676735,27.5813016
47.1685649,27.5793906
47.1693887,27.5770033
47.1709094,27.5710796
47.1721641,27.5668481
47.1730035,27.561529
47.1735492,27.5591276
47.1740785,27.5544487
47.1744601,27.5502684
47.1746725,27.5455675
47.1747929,27.5439635
47.174694,27.5420919
47.17338,27.5370879
47.172998,27.5337825
47.172943,27.5327954
47.1725244,27.5236838
47.1724323,27.5191006
47.1729143,27.5131548
47.1719478,27.5094709
47.1690003,27.5122048
47.1675094,27.5141331
47.1695917,27.5141013
47.1693575,27.511567
47.1725688,27.5106901
47.1737087,27.5075041
47.1746889,27.5015732
47.1758742,27.495637
47.1773611,27.4888811
47.1800214,27.4768449
47.1810707,27.4720813
47.1811312,27.4689167
47.1811335,27.468919
47.181135,27.4689194
47.1811363,27.4689201
47.1808974,27.4729661
47.1785417,27.4833733
47.1770105,27.4901
47.175051,27.499227
47.1741316,27.5046911
47.1733074,27.5104131
47.1726071,27.5116399
47.1693695,27.5102142
47.1675631,27.5142822
47.1697205,27.5141463
47.1700786,27.5122677
47.1725809,27.5112737
47.1725638,27.5158439
47.1724705,27.5207718
47.1728207,27.5322867
47.173049,27.5342642
47.1735842,27.5387624
47.1746477,27.541716
47.1747431,27.5445767
47.1742089,27.5524857
47.1739505,27.5567448
47.1734911,27.5595133
47.1726681,27.5626177
47.171312,27.5694758
47.1708422,27.5712521
47.1690036,27.5781668
47.1677775,27.5810643
47.1674504,27.5824232
47.1660928,27.5880098
47.1658574,27.5890957
47.16451,27.5909883
47.1642709,27.5917485
47.1667304,27.5938781
47.1663296,27.5948259
47.1640797,27.5964213
47.1603003,27.5996334
47.1597675,27.6001847
47.158864,27.6011898
47.1600739,27.6078127
47.160236,27.610491
47.159986,27.6137397
47.1591254,27.6192289
47.1563785,27.6235898
47.156254,27.6237041
47.1562562,27.6237117
47.1562553,27.6237132
47.1562591,27.6237237
47.1562574,27.6237294
47.1562539,27.62375
47.1561664,27.6240969
47.1589563,27.620348
47.1599741,27.6146119
47.1601238,27.6131824
47.1615138,27.6086156
47.1615137,27.6085592
47.1615438,27.6084358
47.1611588,27.6093071
47.1602342,27.6117833
47.16016,27.6092337
47.159021,27.6015164
47.1594218,27.6005577
47.1627548,27.5973804
47.1648745,27.5959074
47.1663454,27.5945837
47.1664799,27.594473
47.1650862,27.5923654
47.1654139,27.5907385
47.1658689,27.5894228
47.1675123,27.5825319
47.1685865,27.5794672
47.1698095,27.5757279
47.1709393,27.5711178
47.1723916,27.5661666
47.172565,27.5628845
47.173641,27.5588575
47.1742185,27.553356
47.1744417,27.5508347
47.1744588,27.5503299
47.1745436,27.5484629
47.1748355,27.543896
47.1747782,27.5438814
47.1738687,27.5398002
47.1733719,27.5366463
47.1730468,27.5334097
47.1727736,27.5315157
47.1725984,27.5236634
47.1724645,27.5190787
47.1730569,27.5124467
47.170221,27.509443
47.1679891,27.512386
47.1675595,27.5141267
47.1698689,27.514145
47.1694431,27.5120851
47.1724315,27.5097903
47.1732245,27.5114897
47.1740057,27.50577
47.175301,27.4984788
47.1765802,27.4924699
47.1774564,27.4883111
47.1797828,27.4779888
47.1806101,27.474347
47.1817026,27.4691869
47.1811904,27.4688739
47.1811758,27.4719013
47.1791175,27.4807172
47.1769736,27.4901169
47.1755789,27.4967326
47.1745958,27.5018102
47.1736853,27.5075229
47.1723588,27.5096453
47.1689777,27.5122103
47.1675479,27.5142139
47.1695183,27.5140837
47.1693836,27.5114803
47.1725888,27.5111535
47.1724447,27.5191131
47.1724765,27.5216259
47.1728073,27.5321547
47.1730597,27.5347334
47.1735299,27.5386035
47.1740561,27.5403422
47.1747864,27.5444551
47.1746035,27.5480351
47.1741999,27.5525203
47.1737567,27.5577305
47.1734892,27.5595491
47.172381,27.563509
47.1714503,27.5688141
47.1704998,27.5730781
47.1682092,27.5800462
47.1678037,27.5810783
47.1670575,27.5841746
47.1666047,27.5860885
47.1661261,27.588353
47.1647454,27.5909048
47.1642648,27.5917106
47.1668012,27.594083
47.1653927,27.5955377
47.1644887,27.5962256
47.1624832,27.5976525
47.1610918,27.5988903
47.1593544,27.6006597
47.1593003,27.6029397
47.1601195,27.6087948
47.1601042,27.6125718
47.1596292,27.6164075
47.1582196,27.621133
47.1563306,27.6237781
47.1563154,27.6238608
47.1563241,27.6238154
47.156317,27.6238326
47.156371,27.623818
47.1563393,27.6238777
47.1563243,27.6238722
47.1561302,27.6243039
47.1588787,27.6203673
47.1598646,27.6148194
47.1605983,27.611108
47.1614399,27.6085678
47.1614413,27.6085914
47.1611768,27.6093713
47.1601148,27.6104753
47.159743,27.6053875
47.1590493,27.6018727
47.1590025,27.6016149
47.1610789,27.5988361
47.16481,27.5959728
47.1663442,27.5948567
47.1665682,27.5946322
47.1662918,27.5931313
47.1659437,27.5930333
47.1810219,27.4726664
47.1726301,27.5302039
47.1681744,27.5801874
47.1676173,27.5819591
47.1668457,27.5852716
47.166128,27.5881325
47.1660579,27.5885893
47.1643649,27.5914813
47.1668605,27.5943644
47.1647295,27.5960251
47.1619212,27.5981142
47.1593075,27.6007589
47.1593842,27.6031891
47.1601715,27.6093456
47.1601522,27.6126968
47.1601875,27.611064
47.1747456,27.5448329
47.1748556,27.5434877
47.1739997,27.5398324
47.1734916,27.537207
47.17303,27.5333402
47.1726053,27.5253711
47.1724981,27.5206232
47.1566782,27.623184
47.1566375,27.6231651
47.1563141,27.6236827
47.1563477,27.6236921
47.1562862,27.623714
47.1562897,27.6237249
47.1562895,27.6237266
47.1562912,27.6237356
47.1562293,27.6238663
47.1589232,27.6204548
47.1600056,27.6144039
47.1615005,27.6087943
47.1614376,27.6085387
47.1612037,27.6092677
47.1601739,27.6106036
47.1599512,27.6069697
47.1592808,27.6007003
47.1615528,27.5983638
47.1646492,27.5960031
47.1653862,27.5954494
47.1661321,27.5949276
47.166324,27.594814
47.1660811,27.5930342
47.1652978,27.5912227
47.1654745,27.5908056
47.16593,27.5891346
47.1675263,27.5822512
47.1681754,27.5802247
47.1698184,27.5756892
47.1708978,27.5710337
47.1722407,27.5641501
47.1736144,27.5588974
47.1740971,27.555142
47.1745445,27.550229
47.1746662,27.546647
47.1747991,27.5449101
47.1746922,27.5418577
47.1744464,27.5412233
47.1732698,27.5355058
47.172693,27.530522
47.1725906,27.5234804
47.1724691,27.5177605
47.1728566,27.5121623
47.1693365,27.5104947
47.1675448,27.5140355
47.1675533,27.5140523
47.1698927,27.5141487
47.1694886,27.5099742
47.1726576,27.5121264
47.1735977,27.5083104
47.1750216,27.4995879
47.1766724,27.4923239
47.178628,27.4831474
47.1806861,27.4742051
47.1812386,27.4687675
47.1811167,27.4689015
47.1811192,27.4689031
47.1811195,27.4689037
47.1811197,27.4689037
47.1811223,27.4689061
47.1811218,27.4689064
47.1808534,27.4731558
47.1776088,27.4874826
47.1762425,27.4936354
47.1747644,27.5008743
47.1744474,27.5029021
47.1742099,27.5042471
47.1738427,27.5064392
47.1735608,27.5083177
47.1730243,27.5117067
47.1693461,27.5097171
47.1675271,27.5141296
47.169322,27.5140816
47.1693288,27.5119928
47.1725523,27.5112314
47.1724241,27.5193265
47.1725425,27.5259339
47.1729018,27.5334309
47.1735248,27.5384378
47.1736134,27.5391866
47.1747375,27.544698
47.1744403,27.5502599
47.1740541,27.5553046
47.1734596,27.559722
47.1731709,27.5610499
47.1724433,27.566029
47.1705827,27.5726793
47.1678296,27.5809133
47.1676407,27.5816107
47.1659726,27.5884241
47.1656644,27.5898385
47.1643179,27.5915007
47.1645246,27.5920344
47.1646193,27.5920112
47.1647265,27.5920047
47.164847,27.5922049
47.1657824,27.5929308
47.1665831,27.5935533
47.1647776,27.5959573
47.1636057,27.5968527
47.1600651,27.5998359
47.1589266,27.6011196
47.1599698,27.6068118
47.1601369,27.6114228
47.1599688,27.6137229
47.1593801,27.6179083
47.1589513,27.6202714
47.1566214,27.6233697
47.1566087,27.6233975
47.156619,27.6233952
47.1566113,27.6233894
47.1566108,27.6233884
47.1566053,27.623394
47.1566059,27.6233947
47.1566063,27.6233958
47.1566058,27.6233963
47.1566062,27.6234303
47.156417,27.6235908
47.1570039,27.6228714
47.1594246,27.6178876
47.1600553,27.6138275
47.1611234,27.6097647
47.1615534,27.6086172
47.1615332,27.6085877
47.1609966,27.6098458
47.1600814,27.6101358
47.1594429,27.6040039
47.1590593,27.6018232
47.1594377,27.6006118
47.1618106,27.5982439
47.1639648,27.5965338
47.1653939,27.5954398
47.1662886,27.594918
47.166593,27.5946265
47.1657433,27.5928741
47.165181,27.5916192
47.1664563,27.5868924
47.1673313,27.5831355
47.1686109,27.5793279
47.170514,27.5729876
47.1720034,27.5671956
47.1726072,27.5628725
47.1736625,27.5588419
47.1742734,27.5526992
47.1743217,27.5517789
47.1746445,27.5475035
47.1748221,27.543961
47.1737745,27.5393432
47.1732631,27.5351208
47.1729668,27.533355
47.1727606,27.5316771
47.1724725,27.519102
47.1729079,27.5133857
47.1716891,27.5092987
47.1680833,27.5123534
47.1686513,27.5140986
47.1693714,27.5120649
47.1725725,27.5100166
47.1737126,27.5076255
