47.1568901,27.6229052
47.1561627,27.6238276
47.1561519,27.6238746
47.1561512,27.6238746
47.1561423,27.6238745
47.1567988,27.6240452
47.1586455,27.6242291
47.1570942,27.6272728
47.1587028,27.6304348
47.1605968,27.6302702
47.1621644,27.6305346
47.1632275,27.6276805
47.1618923,27.62645
47.1604695,27.6266113
47.1588694,27.6268861
47.1583195,27.62271
47.1562599,27.6240839
47.1569824,27.6227284
47.1565898,27.6232206
47.1565935,27.623247
47.1565941,27.6232484
47.1565947,27.6232494
47.1565938,27.6232511
47.1565938,27.6232519
47.1565946,27.6232534
47.1565953,27.6232542
47.1565959,27.6232554
47.1565962,27.6232564
47.1565972,27.6232582
47.1565995,27.6232909
47.1566081,27.6233597
47.156641,27.6233122
47.1561713,27.6238205
47.1561562,27.6238212
47.1561568,27.6238209
47.1562417,27.6243923
47.1585452,27.6246822
47.1572838,27.6275871
47.1589722,27.6302272
47.1606739,27.6302344
47.1621551,27.6305174
47.1633687,27.628888
47.1624321,27.6264771
47.161875,27.6265087
47.160288,27.6266152
47.1585904,27.6246806
47.1570607,27.6237587
47.1562929,27.6240827
47.1568845,27.6229491
47.1566054,27.6232923
47.1566051,27.6232938
47.1566053,27.6232948
47.1566052,27.6232961
47.1566056,27.6232979
47.1566049,27.6232977
47.1566047,27.6232969
47.1566044,27.6232968
47.1566041,27.6232971
47.1565942,27.6232988
47.1565945,27.6232993
47.1565945,27.6232992
47.156597,27.6232657
47.1565967,27.6232666
47.156374,27.6235855
47.1561185,27.6238884
47.1572321,27.6236627
47.1585631,27.6245548
47.157253,27.6275713
47.1590171,27.6301564
47.1606071,27.6302585
47.1621403,27.6305247
47.1632352,27.6277439
47.1618925,27.6264378
47.160266,27.6265603
47.158274,27.6259813
47.1586398,27.6223785
47.1563356,27.6242612
47.156276,27.6241172
47.1569405,27.6230507
47.1567277,27.6230717
47.1567274,27.6230658
47.1567625,27.6230248
47.1567756,27.6229912
47.1567029,27.6231284
47.1567031,27.6231271
47.1567021,27.6231263
47.1566988,27.6231246
47.1566983,27.6231243
47.1566975,27.6231254
47.1566975,27.6231267
47.1566968,27.6231255
47.156696,27.623124
47.156696,27.6231244
47.1560875,27.6237904
47.1560652,27.6238667
47.1565888,27.6241783
47.1586707,27.6240764
47.1570624,27.6272186
47.1581223,27.6294212
47.1591811,27.6301597
47.1608386,27.6306877
47.1634155,27.6294109
47.1631718,27.6275122
47.1619609,27.6264549
47.1601041,27.6266598
47.1585983,27.6246474
47.1574957,27.623386
47.1566594,27.6241
47.1564202,27.62429
47.1561038,27.6242436
47.156651,27.6234475
47.1567319,27.6230804
47.1567307,27.6230844
47.1567312,27.6230838
47.1567318,27.6230834
47.1567315,27.6230839
47.1567308,27.6230839
47.1567307,27.6230841
47.1567308,27.6230842
47.156731,27.6230837
47.1567315,27.6230832
47.1567315,27.6230838
47.1567315,27.6230841
47.1561291,27.6238871
47.1561286,27.6238882
47.1563477,27.624357
47.1586709,27.6241238
47.1571242,27.6273606
47.1586762,27.6304115
47.1602802,27.6302643
47.1620823,27.6305542
47.1633924,27.6292637
47.1620168,27.626422
47.160372,27.6265708
47.1587712,27.6268133
47.1589442,27.6226158
47.15613,27.6242969
47.1564363,27.6237748
47.1569956,27.622769
47.1566912,27.6231889
47.156691,27.6231906
47.1566906,27.6231921
47.1566897,27.6231921
47.1566892,27.6231926
47.1566884,27.6231915
47.1566869,27.6231915
47.1566861,27.623191
47.1566858,27.6231913
47.1566849,27.6231906
47.1561763,27.6238511
47.1561205,27.6238992
47.1561199,27.623899
47.1561198,27.6239
47.1561193,27.6239001
47.1561181,27.6238996
47.1577071,27.6232553
47.1585938,27.6244492
47.1570636,27.6272122
47.1590043,27.6301646
47.1605617,27.6302628
47.161941,27.6306136
47.1634336,27.6296529
47.1629413,27.6264462
47.1610837,27.6265275
47.1604067,27.6266283
47.1594603,27.6268155
47.1588637,27.6230243
47.1563246,27.6242952
47.1563537,27.6238555
47.1569241,27.6227082
47.1567019,27.6230709
47.1566459,27.6231614
47.1566454,27.6231611
47.1566462,27.6231623
47.1566461,27.6231636
47.1566458,27.6231638
47.1566458,27.6231639
47.1566454,27.6231641
47.1566462,27.6231647
47.1566458,27.6231647
47.1566454,27.6231644
47.1561096,27.623838
47.1561055,27.6238072
47.1561065,27.6238084
47.1581506,27.6228901
47.1588451,27.6224737
47.1575313,27.6260051
47.1586662,27.6304168
47.1605677,27.6302689
47.1620925,27.6305584
47.1633275,27.6285928
47.1622549,27.626466
47.1603774,27.6266017
47.1587683,27.6268157
47.1589417,27.6225058
47.1562532,27.624074
47.1569601,27.622743
47.1567017,27.6231625
47.1567019,27.6231627
47.1566274,27.6232583
47.1566395,27.6232129
47.1566525,27.623231
47.1566518,27.6232319
47.1566518,27.623232
47.1566525,27.6232299
47.1566534,27.6232284
47.1566538,27.623228
47.156654,27.6232273
47.156654,27.6232251
47.1566565,27.6232219
47.1566602,27.6232222
47.1566628,27.6232148
47.1561271,27.6238597
47.1561263,27.6238611
47.1559678,27.62421
47.1589034,27.622646
47.157436,27.626192
47.1581019,27.6293353
47.1591434,27.6301631
47.1606845,27.6302801
47.1630943,27.6300219
47.1631741,27.6273012
47.161991,27.6264122
47.1619955,27.6264196
47.1602938,27.626571
47.1585692,27.6265749
47.1584567,27.6225543
47.156245,27.624112
47.1570581,27.6228892
47.1568871,27.6229681
47.1566637,27.6231802
47.1566641,27.6231797
47.1566647,27.6231797
47.1566651,27.6231791
47.156665,27.6231775
47.1566657,27.6231763
47.1566659,27.6231754
47.1566658,27.623174
47.1566662,27.6231722
47.1566664,27.6231722
47.1566626,27.623177
47.1561144,27.6238715
47.1561166,27.6238628
47.1561048,27.6238793
47.1560668,27.6240043
47.1588639,27.6224726
47.1574371,27.6261899
47.1576872,27.6284988
47.1583652,27.6298074
47.1591271,27.6300591
47.1608898,27.630892
47.1622446,27.6304487
47.1632538,27.6280567
47.162032,27.6264571
47.1601492,27.6266082
47.1584725,27.6249813
47.158143,27.6239164
47.1581443,27.6239052
47.158145,27.6239052
47.1581436,27.6239058
47.1581437,27.6239052
47.1581439,27.6239058
47.1581442,27.6239062
47.1581441,27.6239061
47.158144,27.6239067
47.1581442,27.6239069
47.1581439,27.6239069
47.1589275,27.6225039
47.1562248,27.624162
47.1561766,27.6237591
47.1561762,27.623762
47.1561764,27.6237652
47.1561769,27.6237678
47.1561778,27.623769
47.1561015,27.623935
47.158904,27.6228302
47.1572007,27.6267067
47.1587562,27.6304443
47.160539,27.6302804
47.1632945,27.629914
47.163174,27.6274038
47.1617834,27.6264744
47.1604586,27.6266204
47.1596124,27.626768
47.1588655,27.6231451
47.156089,27.6242894
47.1565322,27.6237685
47.1565339,27.623767
47.1565339,27.6237668
47.1565333,27.6237673
47.1565344,27.6237677
47.1565366,27.623768
47.1565381,27.6237678
47.1565392,27.6237665
47.1565401,27.6237662
47.1565354,27.6237641
47.156536,27.6237599
47.1565373,27.6237597
47.1565379,27.6237592
47.1565398,27.6237574
47.1565399,27.6237574
47.1561202,27.6238786
47.1561468,27.6238937
47.1561445,27.6238919
47.1560693,27.6239621
47.1581508,27.6229026
47.1578019,27.62544
47.1582944,27.6297028
47.1596041,27.6302762
47.1609446,27.6310891
47.1633879,27.6292207
47.1620591,27.6264798
47.1602258,27.6266683
47.1583691,27.6253609
47.158771,27.6223127
47.1628511,27.6264461
47.1598318,27.6267032
47.1581579,27.6227939
47.1534723,27.6031536
47.1561714,27.6238506
47.1561702,27.62385
47.1561699,27.6238499
47.1561698,27.6238493
47.1561692,27.6238485
47.1561693,27.6238488
47.1561693,27.6238489
47.156165,27.6238415
47.1561642,27.6238442
47.1561657,27.62386
47.1561651,27.6238605
47.1561643,27.6238595
47.1561639,27.6238578
47.1561634,27.6238561
47.155982,27.6242598
47.1588241,27.6224871
47.1576613,27.6257894
47.1577425,27.6286071
47.1590292,27.6301824
47.1609323,27.6310867
47.163418,27.6293984
47.1618821,27.6264186
47.1603273,27.6265666
47.1582607,27.6258282
47.1574191,27.6234468
47.1562355,27.6243683
47.1562794,27.6240014
47.1561606,27.6238106
47.1561897,27.6238329
47.1562107,27.6238319
47.1562128,27.6238344
47.1562141,27.6238355
47.1562161,27.6238359
47.156216,27.6238357
47.1562159,27.6238351
47.156214,27.6238349
47.1562135,27.6238345
47.1562135,27.6238341
47.1562129,27.6238341
47.1562134,27.6238349
47.1562133,27.6238351
47.1562129,27.6238355
47.1562117,27.6238368
47.1562124,27.6238377
47.1562121,27.6238375
47.1565888,27.6242283
47.1586228,27.6243152
47.1571824,27.6274671
47.1588861,27.6302989
47.1605803,27.6302554
47.1621583,27.6305123
47.163326,27.6287292
47.1619359,27.6264474
47.160351,27.6266061
47.1588575,27.6223081
47.1566827,27.6240636
47.15628,27.6240259
47.1562743,27.6240289
47.1562759,27.6237188
47.1561957,27.6238253
47.1561953,27.6238258
47.1561936,27.6238272
47.1561923,27.6238288
47.1561923,27.6238294
47.1561916,27.6238296
47.1561599,27.6238397
47.1561604,27.6238419
47.156162,27.6238409
47.1561621,27.623841
47.1561616,27.6238407
47.1561628,27.623839
47.156162,27.6238396
47.1561606,27.623841
47.1564269,27.6243477
47.1587723,27.6235012
47.1570666,27.6272536
47.1585363,27.6301993
47.1592292,27.6303039
47.1606572,27.6302506
47.1622087,27.6304905
47.1631554,27.6273023
47.1616925,27.626512
47.1592942,27.6268717
47.1586324,27.6224377
47.1561327,27.6243135
47.156517,27.6234277
47.1561821,27.6237832
47.156181,27.6237833
47.1561801,27.623783
47.1561792,27.6237844
47.1561786,27.6237852
47.156177,27.6237855
47.1561803,27.6237915
47.1561795,27.6237924
47.1561772,27.623818
47.1561786,27.6238167
47.1561794,27.623816
47.1561784,27.6238157
47.1561778,27.6238156
47.156177,27.6238156
47.1561764,27.6238154
47.1561769,27.6238154
47.1561733,27.6238247
47.1570751,27.6238331
47.1584864,27.6247544
47.1571949,27.6275122
47.1588394,27.6303678
47.1604788,27.6302638
47.1610315,27.6310697
47.1634038,27.6298371
47.163111,27.6267248
47.1615918,27.6264926
47.1594127,27.6268232
47.1585957,27.6224733
47.1562886,27.6240795
47.1562911,27.6240801
47.1564172,27.6234787
47.1564143,27.6234802
47.1561611,27.6238308
47.1561614,27.6238332
47.1561613,27.6238342
47.1561609,27.6238337
47.1561606,27.6238335
47.1561592,27.6238329
47.1561584,27.6238334
47.1561575,27.6238336
47.1561569,27.623833
47.1561562,27.6238339
47.1561553,27.6238341
47.1561553,27.6238349
47.1561561,27.6238333
47.1561555,27.6238326
47.156156,27.6238321
47.1581463,27.6229296
47.1588146,27.6224813
47.15783,27.6254188
47.1575822,27.6282437
47.1588912,27.630295
47.16052,27.6302635
47.1620817,27.6305666
47.1633442,27.6286866
47.162283,27.6264436
47.1603536,27.62657
47.1583269,27.6256666
47.1574498,27.6233959
47.1563158,27.62408
47.1565786,27.6235305
47.1562043,27.6237815
47.1562036,27.6237809
47.1562046,27.6237834
47.1562052,27.6237862
47.156205,27.623787
47.1562042,27.6237868
47.1562043,27.623787
47.156204,27.6237869
47.1562045,27.6237874
47.1562031,27.6237893
47.1562025,27.6237909
47.1562026,27.6237912
47.1562018,27.6237924
47.156202,27.6237928
47.1562018,27.6237919
47.1562015,27.6237924
47.1561465,27.6238613
47.156389,27.6243733
47.1588734,27.6229492
47.1576535,27.6258268
47.1571472,27.6274414
47.1585998,27.6303456
47.1592641,27.6303652
47.1608443,27.6307507
47.1627865,27.630207
47.1629718,27.6264743
47.1607795,27.6265479
47.1598083,27.6267175
47.1588324,27.6235327
47.1566438,27.6241012
47.1561704,27.6238408
47.1561704,27.6238407
47.1561718,27.6238405
47.1561724,27.6238409
47.1561733,27.6238408
47.1561728,27.6238411
47.1561732,27.62384
47.1561967,27.6238522
47.1561967,27.6238528
47.1562421,27.6236881
47.1562004,27.6237612
47.1561984,27.6237628
47.1561979,27.623762
47.1561976,27.6237618
47.1561955,27.6237634
47.1561917,27.6237671
47.1560093,27.6241315
47.1579563,27.623061
47.1584413,27.6248891
47.1572734,27.6276214
47.1589243,27.6302743
47.1605589,27.6302757
47.1620992,27.630547
47.1633518,27.6291277
47.1624213,27.6264782
47.1607649,27.6265417
47.1587411,27.6239907
47.1569988,27.6237579
47.1561453,27.6243366
47.1562331,27.6237998
47.1562348,27.6238031
47.1562289,27.6238089
47.1562337,27.6238105
47.1562042,27.6238028
47.1562069,27.6238053
47.1562134,27.6238391
47.1562126,27.6238409
47.1561959,27.6238426
47.156197,27.6238413
47.1561988,27.6238419
47.1561993,27.6238413
47.1561995,27.6238417
47.1561988,27.623842
47.1561987,27.6238958
47.152912,27.61346
47.1541759,27.6056264
47.1538547,27.6249329
47.1565975,27.6234631
47.1561155,27.6239038
47.1560226,27.624421
47.1587504,27.6236289
47.1570915,27.6272809
47.158985,27.6301716
47.1605864,27.6302818
47.1621608,27.6305285
47.1631858,27.6274881
47.161906,27.626459
47.1603408,27.6265921
47.1584528,27.6251041
47.1584162,27.6226308
47.1562728,27.6240313
47.1565353,27.6237141
47.1565351,27.6237147
47.1565346,27.623715
47.1565343,27.6237142
47.1565347,27.6237148
47.1565344,27.6237143
47.1565352,27.6237123
47.1565357,27.6237119
47.1565363,27.6237124
47.1565364,27.6237127
47.1565361,27.6237122
47.156536,27.6237123
47.156536,27.6237125
47.1565309,27.623714
47.1561128,27.6239103
47.1561058,27.6239373
47.1561043,27.6239387
47.1561032,27.6239396
47.1561024,27.6239403
47.158397,27.6227079
47.1588657,27.6229691
47.1570902,27.6270069
47.1586709,27.6304569
47.1603935,27.6302844
47.1620403,27.6305789
47.1631879,27.6276985
47.1619215,27.6264764
47.159524,27.6268396
47.1589526,27.6224662
47.1560976,27.6242505
47.1565072,27.6237506
47.1568578,27.6229479
47.1568669,27.6229398
47.1568661,27.6229394
47.1568665,27.622939
47.1568667,27.6229389
47.1568663,27.6229404
47.1568659,27.6229408
47.1568657,27.6229408
47.1568658,27.6229406
47.1568659,27.6229405
47.156837,27.6229342
47.1568375,27.6229336
47.156838,27.6229329
47.1561312,27.6239197
47.1561326,27.6239307
47.1561324,27.6239307
47.1561325,27.6239305
47.1560416,27.6243082
47.1588545,27.623128
47.1572337,27.6265904
47.1581817,27.6294389
47.1592881,27.6303479
47.160904,27.6309718
47.1634461,27.629841
47.1631662,27.6272451
47.1619725,27.6264439
47.1603244,27.626633
47.1583384,27.6255827
47.1573038,27.6235369
47.1570238,27.6229202
47.1568898,27.6229262
47.1568893,27.6229263
47.1568885,27.6229274
47.1568886,27.6229267
47.1568882,27.6229268
47.1568878,27.6229266
47.1568877,27.6229268
47.1568876,27.6229265
47.1568869,27.6229265
47.1568866,27.6229256
47.1568861,27.6229247
47.1568858,27.6229239
47.1568853,27.6229236
47.1564942,27.6234281
47.1561315,27.623907
47.1561314,27.6239081
47.1561326,27.6239088
47.1578665,27.6231292
47.1577663,27.6255154
47.1573641,27.6277702
47.1589894,27.6302443
47.1605895,27.6302753
47.1630417,27.6300692
47.1632569,27.6279839
47.1618937,27.6264846
47.1603346,27.62663
47.1595273,27.6268171
47.1587164,27.622414
47.1562984,27.6243408
47.1562994,27.624093
47.1563003,27.6240933
47.1569879,27.6228233
47.1568687,27.6229104
47.1568848,27.6229013
47.1568824,27.6229025
47.1568826,27.6229032
47.1568823,27.6229037
47.156881,27.6229049
47.1568787,27.6229088
47.1568682,27.622915
47.1568671,27.6229145
47.1568671,27.6229152
47.1568672,27.622916
47.1568672,27.6229163
47.1562005,27.6238551
47.1561993,27.6238559
47.1561987,27.6238551
47.1562996,27.6244485
47.1567059,27.624153
47.1585768,27.6245744
47.1574965,27.6261223
47.1591421,27.63009
47.1608513,27.6309327
47.1633584,27.6298845
47.1631578,27.6272029
47.1619455,27.6264494
47.1611764,27.6265392
47.1600841,27.6266711
47.1587744,27.6237322
47.1565647,27.6241889
47.1562142,27.6241246
47.1570433,27.6229445
47.1569203,27.6228763
47.1568701,27.6228782
47.1568696,27.6228812
47.15687,27.6228823
47.1568706,27.6228842
47.1568702,27.6228863
47.1568709,27.6228883
47.15687,27.6228915
47.1568744,27.6228865
47.1561641,27.6238408
47.1561636,27.6238429
47.1561621,27.6238439
47.1561607,27.623845
47.1561585,27.6238455
47.1561581,27.6238465
47.1560355,27.6240752
47.1581724,27.6229144
47.1588071,27.6233404
47.1570555,27.6272788
47.1586921,27.6304014
47.1600976,27.6302642
47.1613611,27.6309361
47.1622368,27.6304938
47.1631015,27.626691
47.1617924,27.6265098
47.1595645,27.6268166
47.1589559,27.622598
47.1567978,27.6239998
47.1562365,27.6243241
47.1562521,27.6241282
47.1570289,27.6229626
47.1568915,27.6228513
47.1568755,27.6228613
47.1568743,27.6228615
47.1568736,27.6228614
47.1566934,27.623121
47.1566936,27.6231206
47.1566945,27.6231196
47.1566945,27.6231197
47.156695,27.6231187
47.1566953,27.623117
47.1563802,27.6235228
47.1561298,27.6238539
47.1561182,27.6238634
47.1559374,27.6242666
47.1583793,27.6227201
47.1589113,27.6227692
47.1574814,27.6261467
47.158161,27.6294757
47.159368,27.6303382
47.1612296,27.6310161
47.1634541,27.6295962
47.161989,27.6264432
47.1603049,27.6266461
47.1584236,27.625202
47.1576906,27.6232472
47.1564417,27.6242582
47.1562069,27.6243795
47.156281,27.624078
47.1569734,27.6227585
47.1569032,27.6228798
47.1567023,27.6231689
47.1566981,27.6231601
47.1566981,27.6231593
47.1566982,27.6231593
47.156698,27.6231589
47.1566976,27.6231593
47.1566975,27.6231589
47.1566976,27.6231585
47.1566977,27.6231585
47.1561229,27.6239165
47.1561224,27.6239144
47.1561223,27.6239141
47.1561208,27.6239218
47.1561042,27.6239333
47.1566704,27.6241527
47.1586065,27.6225514
47.1583452,27.6249245
47.157238,27.6275394
47.1590307,27.6301455
47.1605925,27.6302664
47.1620983,27.6305538
47.1632771,27.6299006
47.162791,27.6264779
47.1606199,27.6265686
47.1603157,27.6265906
47.1586121,27.6244903
47.1587843,27.6223174
47.1563812,27.6242913
47.1562071,27.6241632
47.156545,27.6237168
47.1565518,27.6237352
47.1565522,27.6237348
47.1565516,27.6237343
47.156551,27.6237338
47.1565513,27.623733
47.1565509,27.6237208
47.1565508,27.6237194
47.1565504,27.6237194
47.15655,27.6237194
47.1565863,27.6237113
47.1565861,27.623711
47.1565849,27.6237105
47.1561409,27.623876
47.1561399,27.6238765
47.1573127,27.6236444
47.1586652,27.6240996
47.1571354,27.6273645
47.1586911,27.6304479
47.1603163,27.63026
47.1620642,27.6305638
47.1632279,27.6279147
47.1622778,27.626473
47.1603029,27.6266387
47.1582722,27.6258638
47.1588229,27.6223151
47.1565022,27.6241789
47.1563677,27.6239026
47.1570282,27.6229186
47.1567109,27.6231278
47.1567053,27.6231285
47.1567059,27.6231279
47.1567056,27.6231273
47.1567054,27.6231271
47.1567055,27.6231266
47.1567052,27.6231264
47.1567051,27.6231264
47.156705,27.6231256
47.1567028,27.623122
47.1567034,27.6231208
47.1565592,27.6233987
47.1561297,27.6238682
47.1561371,27.6238708
47.1561363,27.6238707
47.1574407,27.6234788
47.1579702,27.6252814
47.1571173,27.6273426
47.1590834,27.6300592
47.1606162,27.6302619
47.1623628,27.6303797
47.1631142,27.6266447
47.1602931,27.6266263
47.158314,27.6256911
47.1580163,27.6229379
47.1561545,27.6243444
47.1569786,27.6227851
47.1566889,27.6231673
47.1566888,27.6231668
47.1566889,27.6231669
47.156689,27.6231661
47.1566888,27.6231657
47.1566888,27.6231658
47.1566888,27.6231656
47.1566891,27.6231656
47.156689,27.6231654
47.1566893,27.6231638
47.1566897,27.6231626
47.1566902,27.6231621
47.1566893,27.6231621
47.1566885,27.623161
47.1566882,27.6231619
47.1561057,27.6239206
47.1561053,27.6239212
47.1561045,27.6239211
47.1561027,27.6239212
47.1564279,27.6243226
47.1589012,27.6225192
47.1578179,27.6254184
47.1580434,27.6291784
47.1599112,27.6302592
47.1621344,27.630516
47.1631879,27.6273627
47.1616277,27.6264712
47.1584781,27.6264149
47.1586685,27.6223713
47.1561527,27.6242076
47.1568229,27.6229946
47.1567774,27.6230541
47.1567762,27.6230526
47.1567762,27.6230519
47.1567756,27.6230512
47.1567753,27.6230501
47.1567749,27.6230494
47.1567742,27.6230481
47.1567731,27.6230473
47.1567732,27.623046
47.1567736,27.6230451
47.1567705,27.6230396
47.1567698,27.6230393
47.1567693,27.6230394
47.1567698,27.6230385
47.1561493,27.6238944
47.1561658,27.6238789
47.1561657,27.6238804
47.1564679,27.6243046
47.1586394,27.6243225
47.1573901,27.6278384
47.1590033,27.6301973
47.1607424,27.6302848
47.1623078,27.6303995
47.1631456,27.6265621
47.1603312,27.626566
47.158354,27.625599
47.1575085,27.6233606
47.1565285,27.6236652
47.1567412,27.6231046
47.156719,27.6231188
47.1567199,27.623118
47.156719,27.6231197
47.1567179,27.6231198
47.1567191,27.623122
47.1567169,27.6231231
47.1567171,27.6231234
47.1567163,27.6231244
47.1567165,27.6231258
47.1567159,27.623127
47.1567151,27.623129
47.1567133,27.6231296
47.1567129,27.6231304
47.1567122,27.6231317
47.1567113,27.6231325
47.1561662,27.6238755
47.1561662,27.6238766
47.1561655,27.623877
47.158109,27.6229237
47.1588059,27.6234494
47.157088,27.627115
47.1583773,27.629845
47.1595821,27.6302575
47.1615701,27.630764
47.1632068,27.6276966
47.1611002,27.6265497
47.1584431,27.6263314
47.1583649,27.6226635
47.1573097,27.6234499
47.1573086,27.6234504
47.1571603,27.6268719
