47.1447452,27.6256849
47.1455808,27.6197961
47.1466904,27.6119342
47.1467975,27.6110866
47.1472241,27.6086761
47.1481987,27.6016719
47.1489316,27.5964463
47.14913,27.594257
47.1478542,27.5926566
47.1468591,27.591188
47.1461171,27.589376
47.1459889,27.5884639
47.1459577,27.5862428
47.1472812,27.5820322
47.1490961,27.5790909
47.1524667,27.5744656
47.1532804,27.5738793
47.1556026,27.5738964
47.158052,27.5751064
47.160877,27.5711664
47.1617728,27.568027
47.1634794,27.5641062
47.1658489,27.5594256
47.1667667,27.5565321
47.1667841,27.5526294
47.1667581,27.5482255
47.1667644,27.54354
47.1685556,27.5412009
47.169007,27.541202
47.1691262,27.5412517
47.1691373,27.5412479
47.1691223,27.5412644
47.1690935,27.5412983
47.1691022,27.5412952
47.1692566,27.5411791
47.1692624,27.54118
47.1692859,27.541162
47.1692848,27.5411695
47.1692781,27.5411865
47.1692957,27.54117
47.1692959,27.5411703
47.1692962,27.5411706
47.169337,27.5411244
47.1693209,27.5411222
47.1693241,27.5411221
47.1693242,27.5411229
47.1692971,27.5411714
47.1691625,27.5404677
47.1682191,27.5415234
47.168239,27.5415022
47.1682372,27.5415073
47.1682488,27.5415036
47.1669029,27.5431067
47.1667994,27.5462079
47.1668539,27.5502727
47.1668762,27.5563378
47.166352,27.5580377
47.1636436,27.5636837
47.1621895,27.5665507
47.1609836,27.5704323
47.1593893,27.5752456
47.1586183,27.5747709
47.157562,27.5748943
47.1570254,27.5745718
47.1547638,27.5735247
47.1507694,27.5767138
47.1503307,27.5772925
47.1489046,27.5793315
47.1469438,27.5823544
47.1460578,27.5849779
47.1462338,27.5901091
47.1470961,27.591634
47.148928,27.5940412
47.1489826,27.5953431
47.1482545,27.6006645
47.1477591,27.6040899
47.1471096,27.6087103
47.1469349,27.6098605
47.1457453,27.6183223
47.1453532,27.6210932
47.1443852,27.6283775
47.1435098,27.6341797
47.1433402,27.6404139
47.1431528,27.6433461
47.1431735,27.6432663
47.1431919,27.6431715
47.1436306,27.6433632
47.1436079,27.6432493
47.1436069,27.6432651
47.1436889,27.6433887
47.1436865,27.643385
47.1436864,27.643385
47.143385,27.6406864
47.143374,27.6354787
47.1441551,27.6298386
47.1453438,27.6215386
47.1455036,27.6202517
47.1456874,27.6189183
47.1468174,27.6109666
47.1468165,27.6109639
47.1475916,27.6056008
47.1482892,27.6007127
47.1491172,27.5950822
47.148382,27.5932277
47.1478961,27.5926176
47.1469058,27.5911763
47.1460408,27.5887763
47.1460716,27.5869613
47.1466144,27.5832801
47.1490571,27.5791117
47.1520667,27.5748788
47.15224,27.5746721
47.1527737,27.5740975
47.1527587,27.5740972
47.1528364,27.5740984
47.1529079,27.5740681
47.1532133,27.5738644
47.155417,27.5737472
47.1578163,27.5750291
47.1609116,27.5711091
47.1630506,27.564984
47.164336,27.5623068
47.1655839,27.5599852
47.166662,27.55756
47.1667214,27.5522793
47.1667253,27.5514807
47.1667321,27.5454533
47.166769,27.5435059
47.1682992,27.5414404
47.1682925,27.5414476
47.1684889,27.5412361
47.1687052,27.5411215
47.1688906,27.5406474
47.1689191,27.5406427
47.1692507,27.5402178
47.1692458,27.5402183
47.1692436,27.5402087
47.1692481,27.5402093
47.1692595,27.5402033
47.1692488,27.5401898
47.1692108,27.5401927
47.1681988,27.5414452
47.1666972,27.5440384
47.1666962,27.5463843
47.1667217,27.5504896
47.1667771,27.5535124
47.166767,27.5566007
47.1652715,27.5604141
47.1630377,27.5648599
47.1621842,27.5665363
47.160909,27.5714618
47.1602686,27.574707
47.1581142,27.575127
47.1569715,27.5746043
47.1556046,27.5738556
47.1510123,27.5763549
47.1503879,27.5772596
47.148052,27.5807155
47.1467193,27.5829309
47.1461265,27.5892992
47.1468588,27.5913077
47.147844,27.5926658
47.1490333,27.5952766
47.1482384,27.6007689
47.1482465,27.6007668
47.147579,27.6059119
47.1471176,27.6087123
47.1467897,27.6112444
47.1457306,27.6185292
47.14524,27.6212876
47.144373,27.6278914
47.143688,27.6329886
47.1433701,27.6381367
47.1431995,27.6431096
47.1431507,27.6432157
47.143183,27.6431471
47.1431858,27.6431377
47.1436209,27.6434746
47.1437886,27.6432309
47.1437287,27.6433991
47.1437514,27.643362
47.1433822,27.64343
47.1433786,27.6434124
47.1434607,27.642673
47.1433594,27.6357571
47.1441627,27.6299053
47.1450287,27.62419
47.1457294,27.6194369
47.1468379,27.6113009
47.1468319,27.6109989
47.1475528,27.6059062
47.1478562,27.6037816
47.1482795,27.6006795
47.1491641,27.5950445
47.1482023,27.5929602
47.1464351,27.5903348
47.146294,27.5901055
47.1460541,27.5868569
47.146035,27.5849993
47.1490731,27.5791203
47.1516274,27.5755191
47.1529024,27.5741681
47.1563819,27.57422
47.156655,27.5743504
47.1594398,27.575328
47.1615662,27.5688221
47.1630656,27.5649259
47.163916,27.563054
47.1662843,27.5581888
47.1667709,27.5564195
47.1666396,27.551373
47.1665164,27.5462746
47.1680247,27.5418162
47.1689402,27.5411896
47.1693457,27.5410187
47.1693307,27.5410519
47.169337,27.5410453
47.1693388,27.5410446
47.1693443,27.5410729
47.1691051,27.5404239
47.1689082,27.5406516
47.1690543,27.5403853
47.1691968,27.5401837
47.1692155,27.5401758
47.1692266,27.5401681
47.1692283,27.5401664
47.1692855,27.5401574
47.1692844,27.5401582
47.1692454,27.5402012
47.1692418,27.5402033
47.1692126,27.5402651
47.1692081,27.5402503
47.1681793,27.5414872
47.1667699,27.5449041
47.1669237,27.5502579
47.1667255,27.5550618
47.1666279,27.5575121
47.1638961,27.5629661
47.1622289,27.566535
47.1608736,27.571425
47.1591257,27.5750742
47.1580492,27.5751862
47.1558792,27.573953
47.1514505,27.5756978
47.1494149,27.578507
47.1477034,27.581481
47.146065,27.5857094
47.1460406,27.5882919
47.1472971,27.5918966
47.1491001,27.5951723
47.1482837,27.6006876
47.1481067,27.6018596
47.1471585,27.608425
47.1470888,27.6087032
47.1464407,27.6134615
47.1456708,27.6187319
47.1456932,27.6187415
47.1452618,27.6220605
47.1443586,27.6284427
47.1436545,27.6331562
47.1432706,27.6374187
47.1433681,27.6425971
47.1431799,27.643127
47.1431755,27.6430934
47.1432034,27.6433246
47.1435658,27.6435212
47.1435724,27.643448
47.1435833,27.6434138
47.1435988,27.6433923
47.1436008,27.6433879
47.143549,27.6433636
47.143602,27.6433761
47.1436817,27.6433175
47.1433811,27.6382753
47.1436031,27.6339936
47.1441709,27.6295583
47.1451843,27.6229473
47.1455823,27.6200426
47.1465288,27.6132411
47.1468164,27.6109461
47.1477237,27.604879
47.1479438,27.6028073
47.1486236,27.5983661
47.149168,27.5951201
47.1492045,27.5951207
47.148005,27.5928383
47.1475674,27.5922025
47.1462637,27.590233
47.1460583,27.5870673
47.1465329,27.5835137
47.1490747,27.5791197
47.1494562,27.5784485
47.1532883,27.5738417
47.1543115,27.5736041
47.156616,27.5743327
47.1597177,27.5751357
47.1617167,27.5681596
47.1632452,27.5644464
47.1649339,27.5605766
47.1663435,27.5579616
47.1667081,27.5540184
47.1667665,27.5509317
47.1666832,27.5450716
47.1676497,27.5420396
47.1682829,27.5413482
47.1686198,27.540982
47.1686711,27.5409659
47.1685946,27.5409728
47.1686041,27.54098
47.1689014,27.5406145
47.1689952,27.5404865
47.1697757,27.539491
47.1706814,27.5365851
47.1706998,27.5361897
47.1707005,27.5361893
47.1710742,27.5350429
47.1521653,27.6214971
47.1514144,27.6212841
47.1479035,27.6202377
47.1462789,27.6197367
47.1457589,27.6186318
47.1462399,27.615351
47.1467818,27.6113346
47.1467706,27.6113438
47.1469843,27.60926
47.1478682,27.6033172
47.1482522,27.6007489
47.1489681,27.5957023
47.1489184,27.5956169
47.1490669,27.5954402
47.1483831,27.5933327
47.1481907,27.5931679
47.147847,27.5926577
47.1477401,27.592577
47.1462501,27.5900891
47.1460964,27.5887331
47.1467106,27.5829271
47.1469919,27.5823185
47.1492023,27.5790422
47.1513064,27.5759625
47.1539125,27.5736234
47.1567069,27.5743444
47.1592625,27.5754524
47.1612626,27.5697355
47.1619893,27.5672069
47.1633463,27.5644529
47.1658963,27.5593036
47.1666822,27.5570251
47.1669162,27.5510471
47.1667312,27.5492392
47.1665835,27.5450226
47.1680606,27.5418065
47.1683909,27.5412737
47.1691285,27.5402661
47.1691209,27.5403328
47.1691227,27.5403713
47.1691241,27.5403933
47.169132,27.5403833
47.1691314,27.5403884
47.1691613,27.5403867
47.1691755,27.5403993
47.1701794,27.538881
47.17067,27.5370544
47.1706942,27.5361022
47.1706762,27.5361788
47.170672,27.5361887
47.1706685,27.5361963
47.1706601,27.5362196
47.1706298,27.5363021
47.1706406,27.5362721
47.1706973,27.5362275
47.1712431,27.5360446
47.1714962,27.5357869
47.1717274,27.5350367
47.1717475,27.5350287
47.1718304,27.534609
47.171517,27.5314382
47.1713578,27.532608
47.1711074,27.5341732
47.1709451,27.5352251
47.17081,27.5355614
47.1707773,27.5356271
47.1707767,27.5364082
47.1707468,27.5364231
47.1709113,27.5352942
47.1708656,27.5354137
47.1708637,27.5354125
47.1708713,27.5354114
47.1708789,27.5354094
47.1708791,27.5354088
47.1708681,27.5354234
47.1708614,27.5354338
47.1708582,27.535434
47.1687605,27.5411334
47.1667215,27.5509026
47.1500796,27.5777311
47.1474289,27.5815603
47.146093,27.5864366
47.146273,27.5878224
47.1462745,27.590197
47.1470985,27.5915772
47.1484357,27.5933705
47.1490736,27.5951921
47.1483151,27.6007294
47.1484887,27.6008115
47.1475215,27.6064856
47.1471297,27.6083353
47.1470246,27.6102264
47.1458835,27.617791
47.145768,27.6185868
47.1466651,27.6198364
47.1490242,27.6204639
47.1505496,27.6211193
47.151325,27.621304
47.1533186,27.6230257
47.1561959,27.6239218
47.1587637,27.6204401
47.1596818,27.6163591
47.1599311,27.6146042
47.1609789,27.6102715
47.1612464,27.6093156
47.1615678,27.6090496
47.1616418,27.6087853
47.1617996,27.6086131
47.1617036,27.6086695
47.1615126,27.6086044
47.1602489,27.6136891
47.1601939,27.6136493
47.160207,27.6136527
47.1592269,27.6191666
47.156569,27.6234642
47.1556207,27.6245072
47.1520431,27.6212099
47.1489123,27.6206472
47.1462268,27.6198342
47.1461928,27.619816
47.1459287,27.6173298
47.1468093,27.6110999
47.1474666,27.6057994
47.148112,27.6021064
47.1487545,27.5972653
47.1490439,27.5951499
47.1477331,27.5923435
47.1465254,27.5908091
47.1460575,27.588246
47.1468204,27.5827729
47.1488145,27.5795313
47.1513704,27.5759344
47.1560027,27.5740891
47.1583503,27.5752497
47.1609397,27.5708226
47.1625105,27.5660679
47.1641374,27.5626361
47.16674,27.5570256
47.1668441,27.5534061
47.1667166,27.5481653
47.166778,27.5439
47.1678988,27.541877
47.1682423,27.5415601
47.1692992,27.5410678
47.1693088,27.5410351
47.1692624,27.5410084
47.169288,27.5410193
47.1693789,27.5410392
47.1693568,27.5410404
47.1693722,27.5410667
47.1694124,27.5410435
47.1694251,27.5408557
47.1694439,27.5408136
47.1694424,27.5408188
47.1694334,27.5409084
47.1694162,27.5409278
47.1694051,27.5408895
47.1694054,27.5408875
47.169435,27.5408999
47.1682527,27.5414143
47.1668042,27.544151
47.1667912,27.548246
47.1668715,27.5514045
47.1668691,27.55656
47.1655488,27.5601751
47.1632195,27.5647234
47.1620428,27.567035
47.1604978,27.5744588
47.1583852,27.5750601
47.1567261,27.5743292
47.1541962,27.5734795
47.1503347,27.5771986
47.150331,27.5773089
47.1473785,27.5818373
47.1461204,27.5895095
47.1463245,27.5901747
47.1488878,27.5940477
47.1488339,27.5962639
47.1481434,27.6014835
47.1472197,27.6080574
47.1469489,27.6100168
47.1457625,27.6182573
47.147684,27.6202091
47.1503101,27.62102
47.1511515,27.6212823
47.1528357,27.6219872
47.1543942,27.6254227
47.1562705,27.6239903
47.1588065,27.6205322
47.1598253,27.6145136
47.1610407,27.6099028
47.161131,27.6094038
47.1615317,27.609004
47.1615465,27.6086806
47.1616375,27.6087721
47.1616878,27.6086994
47.1616907,27.6086344
47.160728,27.6107251
47.1600797,27.6137331
47.1595138,27.6168918
47.1572836,27.6225049
47.1561539,27.6240766
47.1532194,27.6223832
47.1518317,27.6214466
47.1483626,27.620406
47.1460095,27.6197087
47.1466183,27.6124549
47.1471414,27.608673
47.1479071,27.6033096
47.1483692,27.6001328
47.1490581,27.595114
47.1484586,27.5934261
47.1476532,27.5923127
47.1463452,27.5902331
47.1460443,27.5887057
47.1469427,27.5824948
47.1491009,27.5791014
47.1531297,27.5739484
47.1558932,27.5740431
47.1580492,27.5751855
47.1609077,27.5719234
47.1619348,27.5675023
47.1633831,27.5643388
47.1651896,27.5604013
47.1663695,27.557979
47.166737,27.5523711
47.1667048,27.5492954
47.1665966,27.5447887
47.1683051,27.5414231
47.1682737,27.5414762
47.1682747,27.541473
47.1687897,27.5411609
47.1690593,27.5413081
47.1690394,27.5412817
47.1690455,27.541297
47.1690231,27.5413014
47.1690254,27.5413035
47.1690382,27.5412232
47.1690503,27.5412176
47.1690555,27.5412129
47.1690468,27.5412174
47.1693566,27.5411419
47.1693695,27.5411252
47.1693851,27.5411017
47.1693967,27.5411023
47.169368,27.5411465
47.1693672,27.5411471
47.1693675,27.541146
47.1693563,27.5411536
47.1693634,27.5411495
47.1693782,27.5411563
47.1693988,27.541089
47.1693798,27.5406264
47.1693928,27.5406056
47.1690387,27.5404851
47.1682219,27.5414521
47.1681724,27.5414036
47.1681749,27.5414068
47.1681838,27.5414172
47.1667319,27.5438506
47.1667762,27.5473115
47.1668848,27.5516985
47.1668155,27.5559062
47.1658665,27.5589566
47.1627843,27.5655128
47.1622512,27.5666268
47.1606035,27.5742621
47.1580528,27.5750701
47.1567352,27.5743689
47.1543526,27.5735188
47.1526042,27.5743215
47.1499805,27.5777981
47.1481988,27.5804253
47.1462864,27.5839312
47.1460181,27.5866389
47.1463765,27.5903858
47.147234,27.591733
47.1489979,27.5941173
47.1488017,27.5969837
47.1482602,27.6009746
47.1474158,27.606933
47.1471748,27.6083677
47.1470311,27.6093255
47.1460069,27.6168823
47.1458578,27.6181371
47.1457794,27.6186557
47.1481556,27.6204065
47.1507218,27.6211517
47.1509645,27.6212273
47.1529009,27.6219635
47.1556503,27.6248129
47.1579099,27.6216937
47.1591838,27.6192561
47.1598553,27.6146106
47.1612504,27.6093366
47.1615697,27.6090651
47.1616128,27.6090644
47.161714,27.60865
47.1616898,27.6086868
47.1616942,27.6086666
47.160592,27.6110823
47.1601159,27.613505
47.1597003,27.6160997
47.1584275,27.6209121
47.1562605,27.6239466
47.1533919,27.6229775
47.1518905,27.621478
47.1488191,27.6205729
47.1462313,27.6197404
47.1459129,27.6196656
47.1467919,27.6114937
47.1473234,27.6076153
47.1479908,27.6031026
47.1482083,27.6014218
47.1489642,27.595921
47.149126,27.5950574
47.1479275,27.5927201
47.1473928,27.5921113
47.1460665,27.5888799
47.1460437,27.5883479
47.1482418,27.580401
47.1491428,27.5789688
47.151653,27.5754328
47.15375,27.5737127
47.1566583,27.5744147
47.1601381,27.5748584
47.1618637,27.5676345
47.163337,27.5643066
47.1652496,27.5604189
47.1667238,27.5571959
47.1667887,27.5511547
47.1667155,27.5459265
47.166776,27.543478
47.1687058,27.5411101
47.1690658,27.5412746
47.1690652,27.5412746
47.1685859,27.5411064
47.169036,27.5411973
47.1693253,27.5410931
47.1693363,27.5411128
47.1693349,27.5411127
47.1693488,27.5411054
47.1693711,27.5408907
47.169368,27.5406183
47.1681867,27.5414906
47.1682036,27.5414855
47.1682438,27.5414297
47.1682377,27.5414375
47.1667164,27.5441498
47.1667156,27.5481985
47.1668066,27.5518576
47.1668536,27.5542011
47.1667822,27.5572308
47.1644505,27.562167
47.1621578,27.5665248
47.1609293,27.5704719
47.1594373,27.5751814
47.1572945,27.5747009
47.1550457,27.5735935
47.1508182,27.5766056
47.1500667,27.5776069
47.1483352,27.5801141
47.1462725,27.584025
47.1460601,27.5876813
47.1462806,27.5900744
47.1472167,27.5916448
47.147528,27.5918306
47.1488499,27.5941084
