47.1667648,27.5512631
47.1667491,27.5471181
47.1668026,27.5434078
47.1682612,27.541525
47.1690538,27.5412198
47.1690548,27.5412195
47.1690522,27.5412187
47.1690492,27.5412716
47.1690495,27.5412711
47.1693576,27.5411518
47.1693303,27.5411653
47.1693362,27.5411056
47.1692927,27.5411093
47.1692926,27.5411307
47.1693177,27.5411395
47.1694072,27.5411578
47.1693971,27.5411568
47.1694555,27.5409246
47.1694025,27.5406808
47.1693862,27.5406561
47.1693667,27.5406597
47.1688314,27.5407295
47.1682004,27.5414292
47.1679898,27.5416635
47.1667378,27.5455797
47.1668089,27.5503193
47.1668108,27.5503179
47.1668059,27.553046
47.1668301,27.5566473
47.1661111,27.5587133
47.1632779,27.5644592
47.162265,27.5665357
47.1609307,27.572601
47.1593986,27.5752289
47.1591576,27.5750844
47.1574715,27.5748283
47.1555795,27.5738146
47.1505426,27.5770328
47.1503356,27.5773026
47.1477293,27.5812877
47.1467855,27.5827191
47.1460341,27.5885494
47.1463385,27.5902259
47.1474202,27.592081
47.1492538,27.5947229
47.1486027,27.5983565
47.1478561,27.603603
47.147199,27.6085863
47.1471573,27.6086805
47.1464653,27.6135505
47.14589,27.6176944
47.1457436,27.618552
47.1448988,27.624408
47.1439295,27.631073
47.1433151,27.6363249
47.1433459,27.6421642
47.143179,27.6430736
47.1431791,27.6430936
47.1435472,27.6434957
47.1436389,27.6434209
47.1436051,27.6434461
47.1435919,27.6432095
47.1435914,27.6431497
47.1435976,27.643171
47.1436196,27.6431932
47.1432874,27.6368434
47.1439977,27.6307528
47.1447097,27.625816
47.1453725,27.6210711
47.1457765,27.6182047
47.1467965,27.611031
47.1468258,27.6110411
47.1478419,27.6038929
47.1481012,27.602052
47.1487241,27.5975166
47.1491681,27.5951289
47.1491649,27.5951289
47.1485377,27.5934492
47.147927,27.5926817
47.1465743,27.5907308
47.1460634,27.5886434
47.1460879,27.5860458
47.1461084,27.5849142
47.1483917,27.580193
47.1491159,27.5790711
47.150626,27.5768971
47.1520348,27.5749751
47.152195,27.5748003
47.1521781,27.5747882
47.1522333,27.5746392
47.1526183,27.5742165
47.1527939,27.5741343
47.152916,27.5740697
47.1530337,27.5740015
47.1530212,27.5740145
47.1532666,27.5738435
47.1535128,27.5737133
47.1566719,27.5743881
47.1576466,27.5749074
47.160931,27.571443
47.1624643,27.5662134
47.1633668,27.5643572
47.1642118,27.5627006
47.1647444,27.5614311
47.166349,27.5579892
47.1667806,27.5546857
47.1668128,27.5512237
47.16677,27.5450626
47.1678205,27.5419553
47.1680939,27.5416193
47.1685773,27.541102
47.1692865,27.5411324
47.1692892,27.5411185
47.1692771,27.5411448
47.1692782,27.5411456
47.1686713,27.5409142
47.1670466,27.5429526
47.1667207,27.5458147
47.1668048,27.5504222
47.1667481,27.5565436
47.1666183,27.5576453
47.1647753,27.5615262
47.1634359,27.5641072
47.1622423,27.5665103
47.1619966,27.5670248
47.1597346,27.575096
47.1588104,27.5746438
47.1573329,27.574733
47.1567626,27.5744375
47.1537939,27.5736515
47.1503807,27.5772297
47.1497761,27.5780512
47.1477459,27.5811938
47.1466053,27.5831382
47.1460466,27.5876702
47.1462994,27.5901062
47.1471182,27.5916188
47.1484182,27.5933427
47.1490843,27.5951261
47.1481419,27.6016334
47.147441,27.606584
47.1473653,27.6072569
47.1472931,27.6077006
47.147237,27.6080244
47.1472239,27.6080288
47.1471945,27.6083639
47.1471217,27.6091325
47.1460745,27.6165608
47.1457612,27.6181887
47.1452478,27.6219922
47.1441501,27.6299279
47.1434519,27.6348026
47.1432802,27.6429317
47.1432001,27.6432836
47.1431987,27.6432843
47.1436319,27.6433791
47.1436465,27.6431648
47.1434148,27.6408805
47.1433398,27.6359236
47.1441645,27.6297131
47.1453388,27.6214782
47.1460617,27.6166566
47.1468304,27.6109394
47.1471424,27.6090395
47.1479056,27.6037853
47.1483383,27.6006356
47.1491387,27.5950546
47.147913,27.5926333
47.1463045,27.5901287
47.146059,27.5864374
47.1465058,27.5835436
47.1478652,27.5809524
47.1508339,27.576656
47.1519168,27.5751385
47.1519045,27.5751378
47.1523069,27.5746559
47.1525543,27.5743463
47.1525679,27.5743409
47.1528568,27.5740131
47.1528654,27.5740695
47.1565997,27.5743585
47.156812,27.5744834
47.1609028,27.5733034
47.1625393,27.5660143
47.1637858,27.5633994
47.1664601,27.5579842
47.1667536,27.5551261
47.1667747,27.5504995
47.166745,27.544069
47.1681755,27.5415661
47.1683979,27.541331
47.1690757,27.5412534
47.1692353,27.5412901
47.1692334,27.5412895
47.169235,27.5412891
47.1692341,27.5412884
47.1691596,27.5412826
47.169162,27.5412828
47.1691655,27.541286
47.169211,27.5412992
47.1694241,27.5408427
47.168284,27.5414125
47.1682721,27.541464
47.1682657,27.5415083
47.1667562,27.544109
47.1666977,27.5468459
47.1668624,27.5511141
47.1668184,27.5544134
47.166617,27.5576404
47.1638343,27.5635209
47.1622186,27.5665632
47.1609007,27.5728872
47.1591801,27.5750569
47.1568212,27.5744514
47.1552401,27.573618
47.1512905,27.5758912
47.149913,27.5778953
47.1472661,27.5819094
47.1460392,27.5880234
47.1469975,27.5914925
47.1472985,27.5918549
47.1488981,27.5940365
47.1486652,27.5975813
47.1482188,27.6007376
47.1476629,27.6050274
47.1470592,27.6091796
47.1461449,27.6154144
47.1457055,27.6187805
47.1457041,27.6187783
47.1452246,27.6220536
47.1441168,27.6300062
47.1433317,27.6362831
47.1433999,27.6425787
47.1432464,27.6430181
47.1432303,27.6433443
47.1432292,27.6433264
47.1432734,27.6433004
47.1436419,27.6433555
47.1436318,27.6432058
47.143647,27.6432716
47.1436278,27.6432929
47.1436385,27.6432244
47.1436263,27.6432121
47.1436467,27.6432071
47.1436485,27.6432521
47.1436435,27.6431399
47.1434126,27.6412102
47.1435108,27.6342724
47.1448336,27.6250122
47.145691,27.6189351
47.1467692,27.6109713
47.147683,27.6047571
47.1482441,27.6009299
47.1489191,27.595934
47.1490032,27.5954132
47.1490295,27.5941681
47.1468789,27.5913176
47.1463765,27.5904191
47.1460631,27.5868099
47.146345,27.5839531
47.1468138,27.5826598
47.148944,27.5792625
47.1493065,27.5787561
47.1522826,27.574632
47.152819,27.5741086
47.153121,27.5738944
47.1535366,27.5736966
47.1566147,27.5744196
47.1602349,27.574741
47.1616836,27.568207
47.1629157,27.5652044
47.1633596,27.5644084
47.1644091,27.5623124
47.1663653,27.5580032
47.1667747,27.5534911
47.1667937,27.5496731
47.166705,27.5450439
47.1678562,27.5419666
47.1686068,27.5411185
47.1693492,27.5410578
47.1692886,27.5408863
47.1682774,27.5414243
47.1666926,27.5441608
47.1666997,27.5472623
47.1667013,27.5519448
47.1667544,27.5565514
47.1646272,27.5618028
47.1622453,27.5665177
47.1610961,27.5700622
47.1593691,27.5752763
47.1589402,27.5747524
47.1567196,27.5744371
47.1510736,27.5762492
47.1478564,27.5809822
47.1462736,27.5840279
47.146255,27.5900124
47.1484031,27.5933745
47.1486724,27.5976278
47.1482041,27.600725
47.1474274,27.6064873
47.1485198,27.5990583
47.1491446,27.5951453
47.1479975,27.5927228
47.1713974,27.5325814
47.1713794,27.5325833
47.1600716,27.5748221
47.1599408,27.574989
47.159941,27.5749563
47.1599394,27.5749569
47.159938,27.574958
47.1599373,27.5749583
47.1599369,27.5749598
47.1599108,27.5749771
47.1599125,27.5750336
47.1599067,27.575003
47.1599047,27.575
47.1599045,27.5749997
47.1599035,27.5750006
47.1599017,27.5750018
47.1594275,27.5752795
47.1593372,27.5752348
47.1591633,27.5740597
47.1603689,27.573082
47.1637836,27.5724031
47.1662303,27.5708631
47.1672964,27.568913
47.1673801,27.5686924
47.1680703,27.5684197
47.1690263,27.5698453
47.1673817,27.5741655
47.1658931,27.5795967
47.1655193,27.5812069
47.1649521,27.5829273
47.1650251,27.5829746
47.165041,27.5829483
47.1650349,27.5829936
47.1650403,27.5830022
47.1650158,27.5829959
47.1650227,27.5829774
47.1647338,27.5838752
47.164567,27.5843109
47.163856,27.5868802
47.1638227,27.5875488
47.1640485,27.5894857
47.164097,27.5898202
47.1640958,27.5898496
47.164096,27.5898482
47.1641337,27.5901488
47.1639322,27.5913492
47.164105,27.5914086
47.1641648,27.5905133
47.1638894,27.5887813
47.1639246,27.5864756
47.1642166,27.5850127
47.1646592,27.5837869
47.1653593,27.5816071
47.1655845,27.5808446
47.1663517,27.5777872
47.167433,27.5740858
47.1690205,27.5691806
47.1685733,27.5687718
47.1685737,27.5687922
47.1681674,27.5684466
47.1677573,27.5681561
47.1666035,27.5701237
47.1646523,27.5718257
47.1632225,27.5726766
47.1604614,27.5730944
47.1589747,27.5743124
47.1586078,27.5754081
47.1603313,27.5746936
47.162049,27.5671394
47.1633528,27.5643548
47.1643737,27.5621141
47.166331,27.5579795
47.1667186,27.5560957
47.1667153,27.5512414
47.166726,27.5460328
47.1669705,27.5430043
47.1685521,27.5411522
47.169374,27.5408657
47.169368,27.5406511
47.1682701,27.5414002
47.166715,27.5437351
47.1666909,27.5464608
47.1667581,27.5503266
47.1667596,27.5547037
47.1667922,27.5565798
47.1660511,27.5585791
47.1628543,27.5652969
47.1621468,27.5665974
47.1608725,27.5710367
47.1592068,27.5751901
47.1601788,27.5731142
47.1603819,27.573083
47.1604141,27.573121
47.1604239,27.5730841
47.163438,27.5726233
47.1641035,27.572246
47.1658872,27.5711558
47.1663229,27.5707348
47.1670445,27.5693171
47.1681403,27.5684999
47.1690668,27.5692884
47.1674323,27.5739272
47.1660604,27.5784924
47.1654562,27.581052
47.1649391,27.5827582
47.1645755,27.5842093
47.1641296,27.5855545
47.163837,27.5871763
47.1641562,27.5901918
47.1637839,27.591083
47.1641183,27.5913735
47.1643156,27.5909237
47.1641632,27.5901551
47.1638625,27.5887684
47.1641168,27.5855514
47.1645015,27.5843464
47.1652227,27.5818648
47.1655449,27.5808167
47.165571,27.5808342
47.1660745,27.5788242
47.1672477,27.5745174
47.1679868,27.5725859
47.1683121,27.5686091
47.1682309,27.5685402
47.1682652,27.5684395
47.166502,27.5703338
47.1664371,27.5704259
47.1646849,27.5718598
47.1616081,27.5732519
47.1604429,27.5730567
47.1588919,27.5744351
47.1606709,27.5741671
47.1619501,27.5674647
47.1629792,27.5649609
47.1633244,27.5643195
47.1644229,27.5621235
47.1663457,27.5579671
47.1667245,27.5563533
47.166727,27.5515453
47.1667408,27.5487471
47.1667152,27.5448473
47.1682783,27.5415554
47.1686038,27.5411457
47.1693763,27.5411361
47.169376,27.5411368
47.1693763,27.5411372
47.169425,27.540905
47.1694249,27.540906
47.1694248,27.5409059
47.1694247,27.5409067
47.1694242,27.5409062
47.1687482,27.5408709
47.1671704,27.5428169
47.1667352,27.5446739
47.1667296,27.5500209
47.1667623,27.55135
47.1667768,27.5547555
47.166765,27.5565266
47.1647666,27.5613976
47.1622652,27.5665253
47.1613648,27.5691893
47.1599345,27.5749394
47.1592565,27.5751385
47.1601594,27.5730836
47.160719,27.5731531
47.1643732,27.5720212
47.1656172,27.571422
47.1664429,27.5704447
47.1680311,27.5683236
47.1691218,27.5693536
47.167529,27.5738045
47.1662696,27.5779141
47.1654852,27.5810509
47.1650095,27.5826303
47.164578,27.5842998
47.1641515,27.5855898
47.1637968,27.5878328
47.1641409,27.590377
47.1639713,27.5914019
47.1640869,27.5914264
47.16411,27.591353
47.1641051,27.5913212
47.1641063,27.5913215
47.1641074,27.5913213
47.1641838,27.5902502
47.1639045,27.5886572
47.1640699,27.5859003
47.1642892,27.5850235
47.1648036,27.5834551
47.1655753,27.5807999
47.1659841,27.5791464
47.1669664,27.575718
47.1679084,27.5728739
47.1692017,27.5695085
47.1682321,27.5684747
47.1676899,27.56821
47.1664393,27.5704488
47.1638642,27.5723383
47.1606958,27.5730428
47.159562,27.573456
47.1587559,27.5754624
47.1609254,27.571051
47.1627603,27.565493
47.1633865,27.5643032
47.1657779,27.5594012
47.1664845,27.5579661
47.1667692,27.5559951
47.1667806,27.5511603
47.1667905,27.5482283
47.166742,27.5445766
47.1682463,27.5414905
47.1687439,27.541063
47.1690838,27.5412164
47.1690759,27.541216
47.1690753,27.5412163
47.1690747,27.5412167
47.1690914,27.5412273
47.1693332,27.541055
47.1693329,27.5410544
47.1693969,27.5410711
47.1693941,27.5410698
47.1693921,27.5410671
47.1491719,27.5942929
47.1615479,27.6089423
47.1616415,27.6089818
47.1489424,27.6205635
47.1461554,27.6197248
47.1461533,27.6197262
47.1457566,27.6187291
47.1468371,27.6110114
47.1474216,27.6070332
47.1482437,27.6009111
47.1489754,27.5953586
47.1490885,27.5951927
47.1482397,27.593093
47.1479769,27.5926571
47.1468364,27.5911458
47.1460934,27.5884366
47.1478179,27.5810534
47.1492831,27.5788399
47.1528192,27.5741292
47.1537929,27.5736333
47.1568234,27.5744845
47.1599771,27.5749683
47.1618065,27.5678853
47.1628427,27.5653638
47.1640953,27.5629436
47.166464,27.5580008
47.1668312,27.5553307
47.1668905,27.5512526
47.1668008,27.5467486
47.1672824,27.5427022
47.1680207,27.5417677
47.1683187,27.5414
47.1686001,27.5411088
47.1689942,27.5412224
47.1689931,27.5412233
47.1689926,27.5412248
47.1694567,27.5409329
47.169386,27.5406828
47.1692489,27.5404993
47.1676231,27.5422727
47.1667487,27.5454199
47.1667391,27.550334
47.1668222,27.5529873
47.1668779,27.5566814
47.1646982,27.5616227
47.1632834,27.5644899
47.1619914,27.567288
47.1608842,27.5734916
47.1587822,27.5746786
47.1564428,27.5742358
47.1506791,27.5768319
47.1496004,27.5782992
47.1476194,27.5814498
47.1474613,27.5817109
47.1460815,27.5871159
47.1463256,27.5901727
47.1469331,27.5913857
47.1486875,27.5936948
47.1492512,27.5945421
47.1490337,27.5953018
47.1483159,27.6007781
47.1482431,27.6011707
47.1472796,27.6077856
47.1471897,27.6083771
47.146807,27.6112764
47.1458396,27.6178584
47.1459035,27.619677
47.148374,27.6204689
47.1502206,27.6209816
47.1517485,27.6214367
47.1529608,27.6220356
47.155311,27.6252227
47.1562518,27.623875
47.1586777,27.6205601
47.1595317,27.6171855
47.1598648,27.6150225
47.1604863,27.6118372
47.1611942,27.6094333
47.1615937,27.6090499
47.1616888,27.6090356
47.1617532,27.6086532
47.1617609,27.6086599
47.1617473,27.6087121
47.1617328,27.6085686
47.1606107,27.6112852
47.1602115,27.6132618
47.1601787,27.6136251
47.1593077,27.6186108
47.1579389,27.6216843
47.1562586,27.6239244
47.1533738,27.623069
47.1526858,27.6216922
47.1521684,27.6214913
47.1489405,27.6205718
47.1462642,27.6197495
47.1462261,27.6197697
47.1459306,27.6176768
47.1468226,27.6112567
47.1468817,27.6109891
47.1469145,27.6106361
47.14782,27.6039932
47.1482584,27.600778
47.1485903,27.5988594
47.149207,27.5949121
47.1464186,27.5904511
47.1461233,27.588886
47.1471015,27.5822818
47.1488799,27.5794223
47.1499851,27.5778507
47.1543887,27.5735421
47.1564827,27.574288
47.1571677,27.5746496
47.1609234,27.572347
47.161388,27.5693796
47.1628783,27.5652753
47.163491,27.5640506
47.1661298,27.5587107
47.1667113,27.5573089
47.1668087,27.5512996
47.1667795,27.5463227
47.1675522,27.5423993
47.169187,27.5413155
47.1692377,27.5412946
47.1692372,27.541295
47.1692362,27.541296
47.1692357,27.5412958
47.1692351,27.5412961
47.1692346,27.5412959
47.1692341,27.5412948
47.1694362,27.5410373
47.1694323,27.5410438
47.1694317,27.5410443
47.1694311,27.5410465
47.1694303,27.5410459
47.1694295,27.5410446
47.1694282,27.541042
47.1694256,27.5410384
47.1693917,27.5410483
47.1693135,27.5405381
47.1682475,27.5415511
47.1682928,27.5415391
47.1672491,27.5428566
47.1667551,27.5461501
47.1668161,27.550294
47.1668026,27.5549599
47.1665568,27.5578333
47.1634428,27.5641234
47.1623685,27.56636
47.1614459,27.5688371
47.1594679,27.5752589
47.1571365,27.574653
47.1548584,27.5736158
47.152096,27.5748936
47.1504103,27.5772888
47.1479855,27.5808325
47.1468835,27.5825201
47.1462957,27.5900983
47.1472663,27.5917121
47.1490437,27.5942092
47.1489982,27.5954486
47.1482789,27.600724
47.1476948,27.6048698
47.1471752,27.6080756
47.147028,27.6086805
47.1470251,27.6086838
47.1462796,27.6149918
47.14578,27.6182536
47.1457329,27.618713
47.1480006,27.6203445
47.1503301,27.6210471
47.1508018,27.6211475
47.1527062,27.6217844
47.154057,27.6251042
47.1562135,27.6239554
47.1588014,27.6205015
47.1592407,27.6188884
47.1599157,27.6145657
47.1601496,27.6128891
47.1611772,27.6094594
47.1613853,27.609029
47.1614206,27.6089944
47.1614279,27.6090021
47.1616951,27.6086155
47.161707,27.6086017
47.1617074,27.6085848
47.1615729,27.6085364
47.1605289,27.6113601
47.1601042,27.6136535
47.1595292,27.6170349
47.1591561,27.6195501
47.15625,27.6239023
47.1548519,27.6254413
47.1525975,27.6216876
47.1513013,27.6212808
47.1482253,27.6203508
47.1461352,27.6196698
47.1463136,27.614925
47.1468333,27.6109505
47.1476861,27.6050801
47.1479671,27.6030655
47.1482853,27.6009298
47.148877,27.596426
47.1491157,27.5951558
47.1488453,27.5938827
47.1477133,27.5923705
47.1463786,27.5902514
47.1463345,27.5900622
47.1467139,27.5830949
47.1490937,27.5790876
47.1492674,27.5788509
47.1528194,27.5741634
47.1535446,27.5737422
47.1535467,27.5738488
47.1565536,27.5743587
47.1585003,27.5754015
47.1609195,27.572047
47.1617522,27.5679879
47.1632367,27.5645711
47.1642897,27.5624752
47.1660216,27.5587017
47.1667071,27.5570687
47.1667958,27.551588
47.1667536,27.5499283
47.166753,27.5450096
47.168187,27.5415218
47.1684689,27.5412106
47.169228,27.5412935
47.1692286,27.5412941
47.1692285,27.5412934
47.1693926,27.5411248
47.1693773,27.541144
47.1693509,27.5411774
47.169371,27.5411389
47.1693894,27.5411086
47.1694362,27.541124
47.1694347,27.541124
47.1694332,27.5411239
47.1687782,27.540838
47.1679129,27.5419792
47.1667113,27.5442388
47.1666944,27.5499269
47.1667484,27.5531695
47.1668029,27.5565371
47.1651214,27.5607335
47.1624862,27.5661308
47.1618988,27.5674163
47.160455,27.5744649
47.1585689,27.5749144
47.1568001,27.5744476
47.1546599,27.5735545
47.1531016,27.573896
47.1503951,27.5772767
47.1484053,27.5802057
47.1474273,27.5816954
47.1460391,27.5862067
47.1460288,27.5883167
47.1469256,27.5912875
47.1491008,27.5951501
47.1482726,27.6006882
47.1481059,27.6019231
47.1471749,27.6087233
47.1465008,27.6135184
47.1457239,27.6187625
47.1457955,27.6187453
47.1457462,27.6187863
47.1457524,27.6188748
47.148881,27.6205919
47.1504874,27.6210809
47.151663,27.6214608
47.154793,27.6254658
47.1562178,27.6239192
47.1587372,27.6204144
47.1597375,27.6156348
47.1600247,27.6137647
47.1611932,27.6094119
47.1615343,27.6089905
47.161752,27.6086041
47.1617505,27.6086088
47.1617388,27.6086033
47.1617374,27.6086028
47.1617394,27.6086063
47.1617535,27.6086379
47.161615,27.608498
47.1602481,27.6121791
47.1597087,27.6157257
47.1585377,27.6207512
47.1561251,27.6240232
47.1534835,27.623618
47.152664,27.6217524
47.1520025,27.6214693
47.1489262,27.6205285
47.1459142,27.6196552
47.1466893,27.6120043
47.1468105,27.611242
47.1469116,27.6103992
