47.1712562,27.5349218
47.1714593,27.5350179
47.1714004,27.5350057
47.1713391,27.5349508
47.1712181,27.5351291
47.1712075,27.5351549
47.1712182,27.5351365
47.171229,27.5351139
47.1712309,27.5351089
47.1712313,27.5351139
47.1712303,27.5351153
47.1712326,27.5350814
47.1712013,27.5351003
47.1708572,27.535529
47.1708575,27.535531
47.1712547,27.5350239
47.1712517,27.5350196
47.1711779,27.5349161
47.1707357,27.5359297
47.1707174,27.5360249
47.1707146,27.5360261
47.1706961,27.5360386
47.1706978,27.5360364
47.1706983,27.5360356
47.1706852,27.5360259
47.1706849,27.5360244
47.1706852,27.5360232
47.1706479,27.5366634
47.170217,27.5385591
47.1692465,27.5402322
47.1692407,27.540234
47.1692389,27.5402357
47.1692379,27.5402369
47.1692346,27.5402368
47.1692325,27.5402373
47.1692309,27.5402373
47.1692299,27.5402379
47.1692282,27.5402369
47.1692012,27.54027
47.169202,27.5402704
47.169203,27.5402699
47.1692049,27.540263
47.1692071,27.5402636
47.169241,27.5402469
47.16924,27.5402498
47.1692506,27.5402713
47.1692481,27.5402709
47.1685399,27.5411341
47.1676117,27.5422049
47.1667511,27.5442644
47.1667836,27.5503185
47.1667456,27.5506327
47.1667791,27.5533555
47.166791,27.5566682
47.1658125,27.5591584
47.1632637,27.5645109
47.1621779,27.5666519
47.1609137,27.572758
47.159147,27.5750189
47.1584429,27.5750197
47.1569577,27.5745412
47.1550636,27.573601
47.1541093,27.5735938
47.1504732,27.5770845
47.1499319,27.5778149
47.1491716,27.5789352
47.1473362,27.5817796
47.1461289,27.5846446
47.1462605,27.5899907
47.1465201,27.5907323
47.1469662,27.5913912
47.1469721,27.5914567
47.1470144,27.5915786
47.1469988,27.591534
47.147001,27.5914981
47.1470103,27.5915092
47.1473106,27.5918736
47.1486322,27.5936685
47.148809,27.5939363
47.1490014,27.5941426
47.1490834,27.5951528
47.1484812,27.5992854
47.1481692,27.6012432
47.1481646,27.6014327
47.1474565,27.6064934
47.1471781,27.6085526
47.1471352,27.6088269
47.1468176,27.6094076
47.1465664,27.6099201
47.1469927,27.6099179
47.1475814,27.6058163
47.1478314,27.6039068
47.1481151,27.6020051
47.1488811,27.5962158
47.1490553,27.5952737
47.1488761,27.5938595
47.148454,27.5932093
47.1482956,27.593167
47.1482098,27.5930437
47.1480102,27.5927548
47.1479199,27.5926281
47.1477484,27.5923836
47.1472941,27.5917695
47.1463937,27.5903465
47.1461211,27.588893
47.1460773,27.5884983
47.1467573,27.5829709
47.1478038,27.5810776
47.149045,27.5791362
47.1494021,27.5786189
47.1517395,27.5753644
47.1521021,27.5748279
47.1523289,27.5745509
47.1523201,27.5745747
47.1525393,27.5743649
47.1525358,27.5743601
47.1530337,27.5739779
47.1531651,27.5739015
47.1533263,27.5738428
47.1563702,27.574282
47.1587978,27.575447
47.1609143,27.5713834
47.1612445,27.5696113
47.1631031,27.5648201
47.1647248,27.5615072
47.1667367,27.5572173
47.1667875,27.554663
47.1667103,27.5506188
47.1666854,27.5455108
47.1680279,27.5417613
47.1681344,27.5415791
47.1681614,27.5415843
47.1683587,27.5413217
47.168776,27.5411353
47.169397,27.5410365
47.1693959,27.5410386
47.1693955,27.5410398
47.1693934,27.5410414
47.1693922,27.5410418
47.1693903,27.5410425
47.1693885,27.5410418
47.1693877,27.541042
47.1693885,27.5410413
47.1693706,27.540628
47.1681458,27.5415102
47.1667342,27.5449879
47.166716,27.5504071
47.166783,27.5543262
47.1667203,27.5572311
47.1648885,27.5610976
47.1632216,27.5645385
47.1621709,27.566653
47.1612931,27.5695036
47.1595931,27.5751745
47.1571929,27.5746643
47.1551889,27.5736477
47.1534944,27.5737454
47.1503059,27.577378
47.1473442,27.5817632
47.1474009,27.5817401
47.1460511,27.5870488
47.1460743,27.5879444
47.1463097,27.5902909
47.148444,27.5933615
47.1491738,27.5948342
47.1484021,27.5994882
47.1481424,27.6015239
47.1471171,27.6087053
47.1470937,27.6088013
47.1464535,27.6136111
47.1456924,27.6188058
47.1465924,27.6198698
47.1496556,27.6207764
47.1516767,27.6214042
47.1533462,27.6232476
47.1558266,27.6244762
47.1569209,27.6229402
47.1588692,27.6203111
47.1599081,27.6144719
47.1603647,27.6118829
47.1611976,27.6093864
47.1616899,27.6089371
47.1616708,27.6085302
47.161689,27.6085428
47.1616454,27.6084903
47.1604647,27.6115
47.1600127,27.6136785
47.1599216,27.6142641
47.1591663,27.6191715
47.1564081,27.6236176
47.1556169,27.6247832
47.1529436,27.6219936
47.1515546,27.6213288
47.1487776,27.6205341
47.1461729,27.6197091
47.1458305,27.6180618
47.1467719,27.6109825
47.1471131,27.608842
47.1479755,27.6027593
47.148341,27.6001957
47.1490881,27.5950315
47.149089,27.5950329
47.1479547,27.5926758
47.1463999,27.5903308
47.1462167,27.5901017
47.1460807,27.5853428
47.1467768,27.582886
47.1469223,27.5824914
47.1491166,27.5790373
47.1498217,27.5780724
47.1532505,27.5738379
47.1546653,27.5735877
47.1571817,27.5746681
47.1603439,27.5746633
47.1617032,27.5680535
47.1626701,27.5657612
47.1634938,27.5640223
47.1658499,27.5591733
47.1667432,27.5564614
47.1668003,27.5511725
47.1667646,27.5482035
47.166762,27.5448528
47.1683744,27.5412849
47.1688674,27.5406723
47.1688573,27.5406994
47.168839,27.5407099
47.1698527,27.5394177
47.1703981,27.5379398
47.1706433,27.536972
47.1706464,27.5369757
47.1706935,27.5362687
47.1708646,27.5360259
47.1708777,27.5360426
47.1708774,27.5360423
47.1708774,27.5360419
47.1708773,27.5360417
47.1716362,27.5352645
47.1718135,27.5326344
47.1713494,27.5324608
47.1707926,27.5355697
47.1707804,27.5355914
47.1708294,27.5352783
47.1712356,27.5349782
47.1712353,27.5349777
47.1711659,27.5350782
47.1708735,27.5351466
47.1711176,27.5350301
47.171115,27.5350419
47.1711203,27.5350596
47.1711235,27.5350787
47.1711231,27.5350793
47.171111,27.5350952
47.171103,27.5350477
47.1711032,27.5350482
47.1711025,27.5350489
47.1711032,27.5350501
47.1711034,27.5350505
47.1711042,27.5350511
47.1710396,27.5349593
47.1711527,27.535116
47.1711455,27.535103
47.1711333,27.5350584
47.1711338,27.535058
47.1711334,27.535057
47.1711493,27.5350155
47.171149,27.5350164
47.1711477,27.5350178
47.1711456,27.5350185
47.1711417,27.5350276
47.1711429,27.5350273
47.1711428,27.5350297
47.1711431,27.535029
47.1711444,27.5350319
47.1711406,27.5350612
47.1691905,27.5402267
47.1473854,27.5817998
47.146167,27.5844664
47.145735,27.6188225
47.1470913,27.6200196
47.1503335,27.6210136
47.1513222,27.6213255
47.1532641,27.6227178
47.155791,27.6245242
47.1566965,27.6233439
47.158818,27.6203976
47.1598955,27.6146224
47.1598925,27.6144839
47.1608185,27.6106074
47.1612394,27.6093758
47.1617564,27.6087498
47.1617156,27.6085344
47.1615328,27.608525
47.1604615,27.6114148
47.1601332,27.6137746
47.1592503,27.6190147
47.1574399,27.6222734
47.1556229,27.6247477
47.1529022,27.6219319
47.1502305,27.6209589
47.1472759,27.6200215
47.1457756,27.6185253
47.1467427,27.6116787
47.1468139,27.6109183
47.1468055,27.6109303
47.1476131,27.6056497
47.1482843,27.6008093
47.148984,27.5957849
47.1491413,27.5950358
47.1478028,27.5924571
47.146322,27.5900784
47.1460863,27.5887428
47.146103,27.5883675
47.1461103,27.5852258
47.1484843,27.5800276
47.1502851,27.5774137
47.1535851,27.5737082
47.1567032,27.5744216
47.1602844,27.5747338
47.1618437,27.5678392
47.1630872,27.5649471
47.1640071,27.5630639
47.1665664,27.5580325
47.166787,27.555456
47.1667614,27.5510981
47.1667651,27.5457835
47.1670214,27.5430328
47.1688049,27.5410998
47.1690296,27.5412518
47.169054,27.5412411
47.1690536,27.5412413
47.1690551,27.5412413
47.1690562,27.5412401
47.1692643,27.5412384
47.1692631,27.5412301
47.1692641,27.541231
47.1692653,27.5412304
47.1692714,27.5412261
47.1692655,27.5412357
47.1692659,27.5412353
47.1692664,27.5412349
47.1692678,27.5412344
47.1692689,27.541234
47.169269,27.5412349
47.1692692,27.5412357
47.1694066,27.541056
47.169399,27.5405884
47.1693978,27.5405902
47.1693984,27.5405913
47.1693987,27.5405923
47.1693872,27.540585
47.1693872,27.5405856
47.1693825,27.5405823
47.1682151,27.541549
47.1682057,27.5415589
47.1672953,27.5426696
47.166752,27.545271
47.1667615,27.5504315
47.1668243,27.5559659
47.1664094,27.5580754
47.1641637,27.5625947
47.1622335,27.5664886
47.1609293,27.5706671
47.159287,27.5752096
47.1571165,27.57461
47.1564523,27.5742155
47.1541396,27.5735621
47.1503429,27.577296
47.1496338,27.5783016
47.1474409,27.5817229
47.1462172,27.5843592
47.1463307,27.5902153
47.1472504,27.5918309
47.1487335,27.5937949
47.1490921,27.5952385
47.1485931,27.5984424
47.1476297,27.6055039
47.1471115,27.6087671
47.1470428,27.6091716
47.1457419,27.6188095
47.1457143,27.6188062
47.1480381,27.6203302
47.1505112,27.6210796
47.153001,27.6220484
47.1554296,27.6250993
47.1564923,27.623654
47.158822,27.6203784
47.1594481,27.6177
47.15993,27.6144921
47.1604112,27.6119121
47.1617272,27.6089511
47.1617178,27.6085459
47.1617191,27.6085445
47.16153,27.6085575
47.1610061,27.6099869
47.1601136,27.6137037
47.1593327,27.6184104
47.1586807,27.6205443
47.1561939,27.6239067
47.1537818,27.6246823
47.1523014,27.6215568
47.151966,27.6215325
47.1496008,27.6207388
47.1463275,27.6197709
47.1462862,27.6197177
47.1468202,27.611202
47.147222,27.6083794
47.1478914,27.6036501
47.148197,27.6013753
47.1489384,27.5959459
47.149128,27.595121
47.1491297,27.5951184
47.1478598,27.5925567
47.1475894,27.5921746
47.1463234,27.5900449
47.1461333,27.5884826
47.146886,27.5826177
47.1477443,27.5811908
47.1498198,27.5780545
47.153473,27.5737703
47.1565596,27.574345
47.1567971,27.5744535
47.1604299,27.5745707
47.1617178,27.5681213
47.1632431,27.5645391
47.164864,27.5611975
47.1665192,27.5576733
47.1668368,27.5545167
47.1667661,27.5510712
47.166751,27.545409
47.1675506,27.5423792
47.1693153,27.5412454
47.1693181,27.5412522
47.1693171,27.5412537
47.1693204,27.541254
47.169322,27.5412513
47.1693267,27.5411464
47.1693256,27.541148
47.1693219,27.5411515
47.16932,27.5411551
47.1693164,27.5411619
47.1693165,27.5411641
47.1693147,27.5411671
47.1693134,27.5411698
47.1693121,27.5411712
47.1693287,27.5411907
47.1694321,27.5409053
47.1694378,27.5407853
47.1694202,27.5407508
47.1693537,27.5406087
47.169357,27.5406169
47.1693472,27.5405933
47.1682308,27.5414736
47.1681809,27.5415274
47.1681796,27.5415294
47.1681794,27.5415288
47.1667499,27.5440049
47.1667476,27.546319
47.1667341,27.5503844
47.1667765,27.5537137
47.1668008,27.556658
47.1654356,27.5599556
47.1625776,27.5658737
47.1617921,27.567853
47.1601561,27.5747803
47.1590533,27.574876
47.1574183,27.5748114
47.1570117,27.5745746
47.1559262,27.5740077
47.1505192,27.5770492
47.1495476,27.5783862
47.1473172,27.5818473
47.1460505,27.5856802
47.1462045,27.5898495
47.1470434,27.5915803
47.1483065,27.5932586
47.149063,27.5952402
47.1483143,27.6002772
47.1481811,27.60134
47.148047,27.602177
47.1474572,27.6065105
47.1470257,27.6093059
47.1459051,27.6173711
47.14568,27.6187514
47.1456728,27.6188625
47.1482034,27.620354
47.150648,27.6211135
47.1519192,27.6215071
47.1535459,27.6241419
47.1561276,27.6240626
47.1578024,27.6217719
47.159139,27.6195896
47.1599002,27.6145008
47.1602864,27.6122197
47.161227,27.609199
47.1616966,27.6085815
47.1616907,27.6085699
47.161264,27.609141
47.1601857,27.6125309
47.1600777,27.6137056
47.159164,27.6190754
47.1570324,27.6228104
47.1557307,27.6245778
47.1528696,27.6218818
47.1510423,27.6212419
47.1471764,27.6200351
47.1459215,27.6196403
47.1467442,27.6116072
47.1472076,27.6084356
47.1480181,27.6027282
47.148363,27.6002053
47.1489553,27.5957891
47.1489967,27.5955309
47.1491218,27.5950181
47.1492545,27.5945846
47.1477426,27.5924234
47.1469901,27.5913555
47.1461579,27.5894063
47.1463158,27.5840646
47.1484237,27.5801691
47.1491263,27.5790225
47.1494405,27.5785814
47.1530126,27.5740293
47.1550647,27.5736491
47.156665,27.5744367
47.1580307,27.5751718
47.1609268,27.5723135
47.1625359,27.566113
47.1639355,27.5633536
47.1655652,27.5599901
47.1665369,27.5576529
47.1667639,27.5538222
47.1667759,27.5511119
47.1667517,27.5455374
47.1675093,27.5424092
47.168455,27.5412383
47.1692769,27.5412216
47.1692371,27.54126
47.1692354,27.541214
47.1692376,27.5412126
47.1692391,27.5412121
47.1692417,27.5412125
47.1692428,27.5412116
47.1692442,27.54121
47.1692684,27.5411976
47.1692672,27.5411993
47.1692686,27.5412003
47.1694015,27.5410372
47.1694011,27.5410401
47.1694005,27.5410406
47.169395,27.5410322
47.1693964,27.5410705
47.1693973,27.5410705
47.1693998,27.5410672
47.1693974,27.5410678
47.169395,27.5410708
47.1693984,27.5410678
47.1693386,27.5405685
47.1691198,27.5404359
47.1682031,27.5415108
47.1668005,27.54339
47.1668059,27.5462093
47.1667231,27.5503681
47.1667575,27.5532419
47.1667662,27.556696
47.1654032,27.5601346
47.1635957,27.5638587
47.1619909,27.5672482
47.1608898,27.5729134
47.1590731,27.5748928
47.1605135,27.5731722
