47.1640896,27.5914362
47.1640938,27.5914321
47.164316,27.5911282
47.1642298,27.5903258
47.1638327,27.5880846
47.1641777,27.5855565
47.1642635,27.5850244
47.1646251,27.5839908
47.1652473,27.5817856
47.1657314,27.5803781
47.166857,27.5760984
47.1678773,27.5729292
47.1688245,27.5689996
47.1680718,27.5684919
47.1667036,27.5700368
47.1658365,27.5712253
47.1642338,27.572081
47.1605094,27.5731041
47.1586206,27.5748348
47.1608523,27.5737105
47.161533,27.5688308
47.1632032,27.5646273
47.1644583,27.5622557
47.166499,27.5580962
47.166815,27.5556169
47.1668399,27.5513307
47.1667837,27.5465678
47.1674447,27.5425038
47.168645,27.5411456
47.1687009,27.5410969
47.1693735,27.5411116
47.169388,27.5411264
47.1693752,27.5411467
47.1694187,27.5410136
47.1694187,27.5410121
47.1694184,27.5410109
47.1694159,27.5410119
47.1694145,27.5410117
47.1691769,27.5404655
47.1672379,27.542751
47.1667965,27.5455648
47.1668358,27.550303
47.1668266,27.5537849
47.1668404,27.5572921
47.163782,27.5635391
47.1622653,27.5665003
47.1614625,27.568966
47.1604507,27.5745182
47.1591839,27.5750465
47.1604085,27.5731534
47.1649661,27.571749
47.1655987,27.5714161
47.1670453,27.5693388
47.1683223,27.5686668
47.1682458,27.5718832
47.1674075,27.573904
47.1660635,27.5787927
47.1655433,27.5806413
47.1651583,27.5822786
47.1646356,27.583987
47.1641422,27.5853277
47.1638072,27.5881954
47.1641149,27.5905236
47.1640364,27.5913817
47.1640208,27.5913734
47.1640221,27.5913744
47.1640228,27.5913729
47.1640158,27.591464
47.1642298,27.5911907
47.1641387,27.5897118
47.163836,27.588443
47.1640904,27.5857088
47.1642242,27.5851132
47.1646803,27.5837387
47.1655332,27.5808504
47.1662196,27.5780339
47.1677018,27.5733281
47.1690386,27.5699393
47.1685418,27.5686702
47.1683525,27.5684974
47.168305,27.5684469
47.1665267,27.5703498
47.1648227,27.5717401
47.1605137,27.5731007
47.1587329,27.5746195
47.1609111,27.5734724
47.161901,27.5675338
47.1633401,27.5643647
47.1642891,27.5624159
47.1663393,27.5581349
47.1667636,27.5552399
47.1667659,27.5513512
47.1667907,27.5487516
47.1667159,27.5451274
47.1682437,27.5415669
47.1687814,27.5411446
47.1691731,27.5412396
47.1691743,27.54124
47.1693414,27.5410788
47.169325,27.5411143
47.169325,27.5411151
47.1693239,27.5411175
47.1693301,27.5411225
47.1693399,27.5411671
47.1693461,27.5411649
47.1693461,27.5411658
47.1693447,27.5411664
47.1693729,27.5409332
47.1693752,27.5409349
47.1693805,27.5409382
47.168872,27.5406633
47.1681164,27.541618
47.1667207,27.5442588
47.166752,27.5502439
47.1667608,27.5534424
47.166774,27.5563623
47.1659693,27.5589031
47.1628034,27.5653797
47.1623548,27.5663311
47.1611882,27.5697443
47.1594544,27.5752316
47.1591995,27.5751001
47.1603844,27.5730957
47.1635824,27.5724958
47.1655124,27.571381
47.1664022,27.5705705
47.1681656,27.5684533
47.1684114,27.5716013
47.1670051,27.5752777
47.1657363,27.5799799
47.1653053,27.5815474
47.1645674,27.583814
47.1638983,27.5860855
47.1640116,27.5891374
47.1640338,27.5904759
47.1640475,27.5905092
47.1640414,27.591392
47.1640151,27.5913945
47.1640298,27.591439
47.1642402,27.5912551
47.1641039,27.5896189
47.1638403,27.5884179
47.1641433,27.5855874
47.1646094,27.5839302
47.1653645,27.5815009
47.1658144,27.5798249
47.166847,27.5759525
47.1678904,27.5728977
47.1690702,27.5691876
47.167305,27.5687745
47.1663081,27.5706958
47.1649189,27.5717058
47.1618252,27.5733049
47.1595964,27.5733848
47.158669,27.5754401
47.1608346,27.5737177
47.1619049,27.567584
47.1631694,27.5646837
47.1640573,27.5629065
47.165436,27.5602227
47.1666235,27.5576109
47.1668136,27.5520073
47.1668419,27.5495621
47.1667012,27.5449796
47.1682366,27.541499
47.168793,27.5411389
47.1693437,27.5410761
47.1693256,27.5410819
47.169322,27.541054
47.1692874,27.54111
47.169262,27.5411558
47.1692841,27.5411202
47.1692887,27.5411135
47.1683353,27.5413342
47.1682232,27.541487
47.1682609,27.5414837
47.1681606,27.5416093
47.1667589,27.5441163
47.1666306,27.5489822
47.166771,27.5518555
47.1667757,27.5564612
47.1662148,27.5584333
47.1632593,27.5644441
47.1622592,27.566515
47.161264,27.5696179
47.1595954,27.575152
47.1592696,27.5739035
47.1615855,27.5733105
47.1653913,27.5714265
47.1664453,27.5704685
47.1681793,27.5685638
47.1676808,27.5733462
47.1662921,27.5779058
47.1654882,27.581042
47.1651227,27.5826476
47.1645205,27.5846258
47.1638701,27.5869684
47.1640395,27.5892704
47.1640633,27.5905335
47.163977,27.5913882
47.1639756,27.5913904
47.1639749,27.5913916
47.1639762,27.5913903
47.1639761,27.5913902
47.1639761,27.5913889
47.1639768,27.5913872
47.1641647,27.5902624
47.1638288,27.588083
47.1641047,27.5855455
47.1646937,27.5836648
47.1656228,27.5808749
47.1660429,27.5788797
47.1672316,27.5745059
47.1684736,27.5713573
47.1682386,27.5684592
47.1681745,27.5683808
47.1664578,27.5703712
47.1647237,27.5718294
47.1606831,27.5730508
47.1596839,27.5732828
47.1591626,27.5754047
47.1610727,27.5703111
47.163054,27.5650299
47.163378,27.5643248
47.1647448,27.5615696
47.166351,27.5581109
47.1667933,27.5548947
47.1667963,27.551226
47.1668252,27.5469353
47.166749,27.5440695
47.1683482,27.5414118
47.1692873,27.5412086
47.169351,27.5411266
47.1693792,27.5406898
47.1694301,27.5406714
47.1694297,27.5406701
47.1694288,27.5406698
47.1694285,27.5406709
47.1694276,27.5406707
47.1694272,27.5406701
47.1682786,27.5414432
47.1667732,27.5441273
47.166712,27.5494774
47.1667417,27.5530157
47.166749,27.5566127
47.1650221,27.5609118
47.1622398,27.5665693
47.1613342,27.5693913
47.1594124,27.5752269
47.1590507,27.5742624
47.1604574,27.5731997
47.1651219,27.5716406
47.1669919,27.5694297
47.1673954,27.5686625
47.1680025,27.5684287
47.1691146,27.5695639
47.1668927,27.5757269
47.16579,27.5799374
47.1653156,27.5817896
47.1647229,27.5838686
47.1641918,27.5853359
47.1638401,27.587715
47.1640651,27.5905157
47.1640765,27.5914211
47.1640758,27.5914343
47.1640762,27.5914356
47.1640771,27.5914372
47.1640757,27.5914372
47.1640757,27.5914399
47.1642951,27.5909912
47.1638659,27.5886297
47.1641251,27.5856145
47.1647195,27.5834933
47.165529,27.5807727
47.1664418,27.5773316
47.1678301,27.5730478
47.1691159,27.5692294
47.1685006,27.5687158
47.1682106,27.56852
47.1681208,27.5683512
47.166438,27.5703096
47.1647269,27.5717814
47.1618174,27.573268
47.1590523,27.5741529
47.160167,27.5747997
47.1617437,27.5680878
47.1625737,27.5659474
47.1639546,27.563106
47.1652664,27.5600679
47.1666767,27.5573011
47.1668065,27.551262
47.1667033,27.5467086
47.1667743,27.5434454
47.1685286,27.5411544
47.1691418,27.5412458
47.1691408,27.5412468
47.1692522,27.5412058
47.1693742,27.5409126
47.1693608,27.5409661
47.1693277,27.5409257
47.1693745,27.5409634
47.1683599,27.5412819
47.1666981,27.5441464
47.166737,27.5500855
47.1667578,27.554271
47.166796,27.5565912
47.1646935,27.5615226
47.1625084,27.5660608
47.1620487,27.5669614
47.1606267,27.5741897
47.1591609,27.5750784
47.1603789,27.5731351
47.1639565,27.5723327
47.16585,27.5712185
47.1671341,27.5691191
47.1588376,27.5754824
47.1609708,27.5705339
47.1633321,27.564432
47.1706333,27.5370283
47.1706265,27.537054
47.1610523,27.5924622
47.1606573,27.5912987
47.1592566,27.587569
47.1579802,27.5853151
47.1556204,27.5855182
47.1533427,27.5878342
47.1526989,27.5882801
47.1523159,27.5881719
47.1513125,27.5879309
47.1508975,27.5893535
47.1494967,27.5938215
47.1488151,27.5968366
47.1482681,27.6007553
47.1477245,27.604512
47.1471424,27.608724
47.1471437,27.608722
47.1470229,27.6092159
47.1465979,27.6100297
47.1466024,27.6100329
47.1476625,27.6050291
47.1482557,27.6008265
47.1488358,27.5965092
47.1490785,27.5951259
47.14967,27.5932728
47.1510593,27.5891945
47.1517752,27.5877698
47.1527295,27.5882816
47.1550051,27.5861443
47.158258,27.5857503
47.1594189,27.5879535
47.1602594,27.5902344
47.1614618,27.5939176
47.1636612,27.5930724
47.1642313,27.5904126
47.1639447,27.588896
47.1640676,27.586008
47.1642522,27.5851153
47.1645935,27.5840904
47.1654283,27.581106
47.1657543,27.5796339
47.1669076,27.5757598
47.1677046,27.5730769
47.1689895,27.5700108
47.1682343,27.5685228
47.167938,27.5682507
47.1706015,27.5624285
47.171568,27.5602449
47.1730803,27.5538045
47.1734081,27.5521342
47.173345,27.5470153
47.1733057,27.5460792
47.1731634,27.5429083
47.1729719,27.5414505
47.172876,27.5388518
47.1723569,27.5374893
47.1723728,27.5374854
47.1723726,27.537485
47.1723621,27.537492
47.1729122,27.5400868
47.1730954,27.5421464
47.1732333,27.5453645
47.173474,27.5500054
47.1735552,27.550708
47.1735517,27.5508661
47.1724936,27.5566405
47.1718315,27.5596564
47.169073,27.5652927
47.1680747,27.567232
47.167317,27.5687606
47.166457,27.5703847
47.1666259,27.5725583
47.1664843,27.5772296
47.1656086,27.5803725
47.1654355,27.5812676
47.1646294,27.5839177
47.164543,27.5841519
47.1641046,27.5855901
47.1638778,27.5887769
47.1641597,27.590589
47.1637359,27.5928001
47.1621969,27.5947102
47.1611314,27.5928255
47.160071,27.5893681
47.1592919,27.5875623
47.1585963,27.5861777
47.1563191,27.5850731
47.1541422,27.5869885
47.1533413,27.5877717
47.1520295,27.5879656
47.1509561,27.5892199
47.1501616,27.5917445
47.1491146,27.595081
47.148584,27.5985176
47.1481472,27.6015053
47.1471509,27.6085304
47.1471231,27.6087101
47.146671,27.6121518
47.1457196,27.6187195
47.1453475,27.6212935
47.1443365,27.6284981
47.143565,27.6339092
47.1433072,27.6379252
47.1432135,27.6433366
47.1432285,27.6434424
47.1436101,27.6433215
47.143415,27.6412195
47.1433818,27.635662
47.1441489,27.6297048
47.1449558,27.6237828
47.1453808,27.6210925
47.1461878,27.6153662
47.1468034,27.6110706
47.1475994,27.6056458
47.1478323,27.6039104
47.1478047,27.6038326
47.1481342,27.6017667
47.1486523,27.598014
47.1491128,27.5951467
47.1490955,27.5951975
47.1505783,27.5906083
47.1511158,27.5887967
47.1517907,27.5877719
47.1540145,27.5871169
47.1553,27.5857279
47.1578663,27.5852216
47.1593484,27.5878369
47.1603202,27.5901095
47.1622488,27.5947136
47.1639054,27.5924312
47.1641936,27.5903555
47.1639225,27.5886851
47.163848,27.5875445
47.164149,27.5855231
47.1651485,27.5822652
47.1655817,27.5809538
47.1666018,27.5769263
47.1678452,27.5730123
47.168785,27.568978
47.1681108,27.5683933
47.1708393,27.5618642
47.1718288,27.5596893
47.1730848,27.5538824
47.1734335,27.552226
47.1734765,27.548732
47.1733402,27.5457922
47.1731988,27.5429888
47.173068,27.5419074
47.1728464,27.5378349
47.1724647,27.5373838
47.172493,27.5373407
47.1723387,27.5374591
47.1723389,27.5374558
47.1723348,27.5374376
47.1723561,27.5374189
47.1723585,27.5374025
47.172395,27.5373986
47.1723727,27.5374123
47.1723739,27.5374112
47.172375,27.53741
47.1723743,27.5374099
47.1723738,27.5374101
47.172368,27.5374131
47.17237,27.5374165
47.1723696,27.5374164
47.1723697,27.5374158
47.1723702,27.5374147
47.17237,27.5374135
47.1725317,27.537967
47.1729533,27.5405473
47.1732438,27.5444136
47.1732737,27.5457358
47.1735301,27.5499085
47.173116,27.5537568
47.1718883,27.5595724
47.1702238,27.5631345
47.167982,27.5675346
47.1664779,27.5703621
47.1667914,27.5726924
47.1663278,27.5777716
47.1654891,27.5809362
47.1652335,27.5820309
47.1646523,27.584269
47.1639985,27.5862382
47.164039,27.5893984
47.1641715,27.5906942
47.1641582,27.591922
47.1622823,27.5946825
47.1608424,27.5919222
47.1596633,27.5884349
47.1592443,27.5874986
47.1572856,27.5850313
47.1552536,27.5857727
47.1532996,27.5878046
47.1523761,27.5881717
47.1512186,27.5884587
47.1508893,27.5893199
47.1495166,27.5938175
47.1490949,27.5951216
47.1485532,27.5985306
47.1481466,27.6017274
47.147251,27.607922
47.146872,27.6108777
47.1457892,27.6184582
47.1454757,27.6204266
47.1446254,27.6265117
47.1437435,27.6327419
47.1433188,27.6373501
47.1432063,27.6433451
47.1432154,27.6433379
47.1432016,27.6434316
47.1436426,27.6432992
47.1433909,27.6393879
47.1436132,27.6339133
47.1445151,27.6274844
47.1454205,27.621158
47.1457308,27.6188538
47.1467663,27.6117979
47.1468806,27.6109923
47.1473418,27.6074712
47.1481836,27.60166
47.172359,27.5575771
47.1722405,27.5375718
47.1722553,27.5375552
47.171516,27.5603346
47.1680032,27.567469
47.1664417,27.57036
47.1669924,27.5733116
47.1664554,27.5773803
47.1657001,27.5802248
47.1655193,27.5811001
47.1649165,27.5833014
47.1645888,27.5842226
47.1639123,27.5865453
47.1640896,27.5897027
47.1642398,27.5906753
47.1627957,27.5942491
47.1621685,27.5947202
47.1606979,27.5914761
47.1592294,27.5875416
47.1572405,27.5850219
47.1538493,27.5872202
47.151895,27.5878506
47.1513255,27.5879635
47.1506947,27.5901922
47.1494976,27.5937784
47.1492631,27.5944926
47.1487177,27.5974336
47.148288,27.6007707
47.1481711,27.6015274
47.1478561,27.6037214
47.1471097,27.6087266
47.1471094,27.6087281
47.1462885,27.6148238
47.145689,27.6191013
47.145357,27.6211807
47.1448496,27.624845
47.1438124,27.631966
47.1433474,27.6380451
47.1432081,27.6433539
47.1436254,27.6434107
47.1435823,27.6433827
47.1435798,27.6433798
47.143365,27.6400524
47.1435855,27.6341242
47.1443264,27.6286177
47.1454345,27.6209861
47.1455448,27.6202932
47.1465256,27.6130438
47.1468397,27.6109991
47.1477932,27.6044055
47.1480049,27.6030512
47.1483082,27.600712
47.1491252,27.5951137
47.1501578,27.5919767
47.1511533,27.588819
47.1532979,27.5879091
47.1562931,27.5851947
47.1590033,27.5871044
47.1594637,27.587919
47.1606559,27.5913863
47.1615666,27.5943968
47.1634792,27.5933765
47.1642337,27.591821
47.1641122,27.5897569
47.1638958,27.586648
47.1640626,27.585714
47.164216,27.5851009
47.164707,27.5835299
47.1655385,27.5808545
47.1663123,27.5779927
47.1673171,27.5743237
47.1684716,27.5714308
47.1684214,27.5687434
47.1684403,27.56872
47.1680198,27.568328
47.1708978,27.5618538
47.1722336,27.5581018
47.173351,27.5524622
47.1734584,27.5474837
47.173313,27.5454273
47.1730556,27.5410061
47.1729642,27.5400209
47.1724292,27.5374029
47.1724434,27.5373653
47.1724456,27.5373645
47.1723817,27.537528
47.1723818,27.5375293
47.172375,27.5375232
47.1723749,27.5375233
47.172335,27.5375727
47.1723353,27.537573
47.1723491,27.537552
47.1723419,27.5375107
47.1723457,27.5375071
47.1723508,27.5374961
47.1723521,27.537501
47.1723555,27.5375231
47.1723775,27.5375473
47.1724361,27.5375358
47.172403,27.5375225
47.1724324,27.5375232
47.1726623,27.5379315
47.1729406,27.5389669
47.1730216,27.5406886
47.1733293,27.5451844
47.1733993,27.5465536
47.1735918,27.550947
47.171966,27.559288
47.1701346,27.5634514
47.1672927,27.5688903
47.1666232,27.5700935
47.1664357,27.57034
47.1664527,27.5703875
47.1671803,27.5747503
47.1659406,27.5793708
47.1655443,27.5810089
47.1648385,27.5831417
47.1645616,27.5842292
47.1640533,27.5858214
47.1639854,27.5889962
47.1642341,27.5906828
47.1642132,27.5917824
47.1623588,27.594625
47.1622359,27.5946445
47.1600087,27.5891672
47.1593028,27.5874913
47.1585438,27.5860244
47.1562856,27.5850435
47.1539188,27.5872019
47.1521828,27.5880885
47.1509489,27.5893406
47.1496572,27.5933701
47.1495429,27.5937677
47.1491313,27.5950899
47.1482225,27.6007627
47.1477932,27.6043055
47.1471604,27.6086866
47.1460909,27.6163765
47.145516,27.6201889
47.144643,27.6264221
47.1438653,27.6318144
47.143318,27.6373025
47.1434064,27.6423085
47.1431681,27.6433365
47.1431513,27.643348
47.1436612,27.6432815
47.143696,27.6432728
47.1437058,27.6432544
47.1436157,27.6429885
47.1434454,27.635725
47.1440307,27.6307756
47.1448078,27.6252932
47.1454727,27.6207947
47.1466838,27.6123905
47.147133,27.6090668
47.1481053,27.6020936
47.1486265,27.5985095
47.1491091,27.5951359
47.1492531,27.5947143
47.151006,27.5892239
47.1516565,27.5877034
47.1546752,27.5864977
47.1585794,27.5862091
47.1595686,27.5883326
47.1603239,27.5904065
47.1614893,27.5941862
47.1633442,27.5936276
47.1642465,27.5906095
47.1638911,27.5885839
47.164099,27.5858254
47.1642654,27.5851178
47.1644492,27.5845956
47.1655302,27.5809297
47.1661339,27.578574
47.1676181,27.5734749
47.1691085,27.5697207
47.168535,27.5687245
47.1681528,27.5673333
47.1707649,27.5620775
47.172133,27.5587196
47.1732182,27.5532275
47.1734376,27.5524388
47.1735932,27.5508542
47.1733401,27.5452839
47.1730753,27.5415326
47.17248,27.537354
47.1725252,27.5373996
47.1724634,27.5373934
47.172436,27.5373935
47.1724359,27.5373905
47.1722953,27.5376258
47.1722988,27.5376523
47.1722981,27.5376524
47.1722999,27.5376538
47.1723021,27.5376554
47.1723018,27.5376544
47.1723028,27.5376552
47.172318,27.5375527
47.1723473,27.5376225
47.1723479,27.5376259
47.1723461,27.5376238
47.1723306,27.5376099
47.1723296,27.5376091
47.172328,27.5376645
47.1723222,27.5376696
47.1723204,27.5376675
47.172338,27.5376251
47.1725795,27.5379517
47.172838,27.5390665
47.1732559,27.5451659
47.1733219,27.5467929
47.1735322,27.5507613
47.1723269,27.5575674
47.1710558,27.5612908
47.1678415,27.5676348
47.1666181,27.5699374
47.1664313,27.5703574
47.1664447,27.5703536
47.1666884,27.5727006
47.1662897,27.577762
47.1654886,27.5807484
47.1651223,27.5822129
47.1642128,27.5852076
47.1638256,27.5868525
47.1641573,27.5904619
47.1642893,27.5913942
47.1629721,27.5940255
47.1619263,27.5949014
47.1601545,27.5895943
47.1591638,27.5873989
47.1565054,27.5850097
47.153346,27.5877821
47.1525828,27.5882761
47.1516557,27.5876157
47.1508958,27.5895875
47.1494504,27.5938129
47.148724,27.5973206
47.1482706,27.6007473
47.1472775,27.6074868
47.1470902,27.6086613
47.1467691,27.6111324
47.1456906,27.6186219
47.1454564,27.6203023
47.1445635,27.6267959
47.1436236,27.6334491
47.1433148,27.6380686
47.1432561,27.6429323
47.1431219,27.643496
47.1431082,27.6434064
47.1431079,27.6434006
47.1436197,27.6433816
47.1436165,27.6431389
47.1433547,27.6356887
47.1442145,27.6297323
47.1453967,27.621259
47.1454344,27.6210025
47.1457571,27.6185917
47.1468571,27.6110195
47.1474028,27.6070007
47.1478905,27.6036947
47.1482745,27.6009913
47.1488778,27.5963442
47.1490256,27.5954759
47.1490857,27.5952072
47.1500178,27.5922821
47.1512402,27.5883117
47.1528145,27.5883238
47.1561094,27.5852587
47.1585016,27.5860711
47.1600867,27.5896924
47.1614112,27.5938243
47.1621399,27.5947976
47.1640795,27.5921718
47.1642486,27.5902912
47.1638621,27.5877376
47.1642204,27.5854426
47.1649574,27.5829562
47.1655925,27.5808797
47.1665854,27.5770267
47.1678701,27.5729872
47.1691956,27.569223
47.1682433,27.5685189
47.1684348,27.566721
47.1710873,27.561374
47.1730693,27.5540499
47.173556,27.5514529
47.1735546,27.5500642
47.1732883,27.5445917
47.1729594,27.540184
47.1723824,27.5374496
47.1723334,27.5375064
47.1723127,27.5375045
47.1723101,27.5375039
47.172321,27.5374934
47.1723359,27.5375179
47.1723188,27.5374759
47.1723194,27.5374756
47.172483,27.5379241
47.172961,27.5389756
47.1732801,27.5447403
47.1735823,27.5498091
47.1734647,27.5519459
47.1718264,27.5595881
47.1696488,27.5643351
47.1666208,27.5701045
47.1664405,27.5703233
47.1672679,27.574314
47.1659189,27.5792163
47.1654697,27.5812389
47.1646679,27.583753
47.1641129,27.5855528
47.1638241,27.5873947
47.164109,27.5901285
47.1638346,27.5926178
47.1621913,27.5947233
47.1615413,27.5942049
47.1608185,27.5918931
47.1602166,27.5898545
47.1592694,27.5875483
47.1587366,27.5864711
47.1558521,27.5853255
47.1540547,27.5870094
47.1516545,27.5875947
47.150946,27.5893016
47.1494983,27.5938242
47.1492102,27.5947808
47.1487051,27.5976457
47.1482059,27.6010863
47.1473358,27.6072837
47.1471654,27.6084826
47.1470004,27.60977
47.1459691,27.6168868
47.1457997,27.6181608
47.145729,27.6187575
47.1451946,27.6226381
47.1440728,27.6302946
47.1433251,27.6374901
47.1432694,27.6429658
47.1436189,27.6433747
47.1436377,27.6433481
47.1436311,27.6433405
47.1436317,27.6433439
47.1434125,27.6422458
47.1434677,27.6349753
47.1445389,27.6270806
47.1454291,27.6210874
47.1466475,27.6122017
47.147165,27.6083896
47.1478579,27.6037513
47.1482572,27.6008222
47.1490212,27.5953283
47.1490843,27.5951484
47.1502203,27.5916982
47.1511339,27.588823
47.1530982,27.5881239
47.1562973,27.5851652
47.1585877,27.5863097
47.1594011,27.5879082
47.1599724,27.5891653
47.1614945,27.5941965
47.16347,27.5933749
47.1642746,27.5905896
47.1639592,27.5889701
47.1639282,27.5866171
47.164322,27.5847947
47.1651273,27.5823708
47.1655625,27.5808448
47.1667537,27.5763368
47.1679977,27.5727068
47.1685054,27.568717
47.1683769,27.5668027
47.1710214,27.5614067
47.173103,27.5539961
47.1735409,27.5499428
47.1732666,27.5446264
47.1729383,27.5400709
47.1726745,27.5373826
47.1536724,27.5875013
47.1570137,27.5850489
47.1589248,27.5869882
47.1593708,27.5879179
47.1604678,27.5909325
47.161519,27.5942903
47.1637014,27.5929012
47.1642724,27.5906257
47.1640432,27.5892021
47.163826,27.5882544
47.164069,27.5858406
47.1642119,27.5853484
47.1647786,27.583479
47.1655181,27.5811156
47.1655519,27.5808083
47.1661901,27.5783027
47.1671104,27.574994
47.1683283,27.5718269
47.1682374,27.5684957
47.168285,27.5684689
47.1698671,27.5639508
47.1709738,27.5614848
47.1723776,27.5574389
47.1734067,27.5524068
47.1733452,27.5451704
47.1730087,27.5407304
47.1728719,27.5378363
47.1723134,27.5375123
47.1722975,27.5375157
47.1722994,27.5375174
47.1722838,27.5375087
47.1722843,27.5375076
47.1722877,27.537504
47.1722637,27.5375984
47.173053,27.5412814
47.1732309,27.5452092
47.1734055,27.5477462
47.1735109,27.5498934
47.1724971,27.5568418
47.1715539,27.5602246
47.1680261,27.5674194
47.1680151,27.5675224
47.1665058,27.5702865
47.1663779,27.5716439
47.166798,27.576232
47.1655364,27.580992
47.1655577,27.5810429
47.1647081,27.5840319
47.1646636,27.5841556
47.1640693,27.5856832
47.1641102,27.5899097
47.1642781,27.5916149
47.1623225,27.5947074
47.1609767,27.5922322
47.1601891,27.5898284
47.1592879,27.5875514
47.156693,27.5849909
47.1530231,27.5881464
47.1518871,27.5878242
47.1509654,27.5894493
47.1507654,27.5902033
47.1495272,27.59375
47.1491169,27.5950994
47.1482828,27.6007163
47.1477926,27.604187
47.1471443,27.6087005
47.1470581,27.6092712
47.1460088,27.6166976
47.1457631,27.6186672
47.1457629,27.6186682
47.1445901,27.6266521
47.143643,27.6332889
47.1433578,27.640682
47.1431915,27.6432831
47.1432096,27.6434356
47.1436444,27.6433382
47.1433705,27.6386666
47.1436193,27.6339322
47.1447417,27.6259929
47.1454616,27.6208038
47.146626,27.6126343
47.1468388,27.6110412
47.1478731,27.603928
47.1479599,27.6034618
47.1482851,27.6007004
47.1490619,27.5952973
47.1500536,27.5921871
47.1509554,27.5892811
47.1517294,27.5877221
47.1525514,27.5883651
47.1558777,27.5854348
47.1589589,27.5870436
47.1597278,27.5887712
47.1603517,27.5903222
47.1613601,27.5936864
47.1626042,27.5945091
47.1641167,27.5921052
47.1642681,27.5903636
47.1638432,27.5876
47.164167,27.5856564
47.164292,27.5850988
47.1646538,27.5838034
47.1652124,27.5819902
47.1655764,27.5809689
47.1663221,27.5780223
47.1675761,27.5736652
47.1690809,27.5698891
47.1681887,27.5684918
47.1705846,27.5625873
47.1718777,27.5596185
47.1734355,27.5524203
47.1735961,27.5510567
47.1733007,27.544556
47.1729526,27.5400237
47.1723533,27.5374408
47.1723599,27.5374358
47.1723584,27.537434
47.1723574,27.5374332
47.1723568,27.5374322
47.1723574,27.5374318
47.1723568,27.537432
47.1723562,27.5374319
47.172356,27.5374323
47.172356,27.5374322
47.1723555,27.5374319
47.1723552,27.5374328
47.172355,27.5374337
47.1723354,27.537436
47.1723347,27.5374361
47.1723322,27.5374376
47.1723249,27.5374484
47.1728878,27.5390847
47.1732782,27.5446957
47.173351,27.5451755
47.1735953,27.5501845
47.173609,27.5509398
47.1733952,27.5524424
47.1721492,27.5585729
47.1713415,27.5606155
47.1679821,27.5675226
47.1676423,27.5681377
47.1666458,27.5700143
47.166441,27.5703862
47.1664264,27.5703436
47.1661925,27.5709439
47.1669964,27.5754879
47.1658483,27.5796518
47.1655423,27.5810463
47.1647698,27.5836116
47.1640483,27.5859618
47.1638251,27.5878097
47.1641877,27.5902933
47.1642371,27.5906375
47.1628433,27.5942305
47.1621871,27.5947049
47.1614994,27.5940591
47.1600351,27.589195
47.1592697,27.5875256
47.1582033,27.5855837
47.1573959,27.5850295
47.1536954,27.5874462
47.1528928,27.5881756
47.1518837,27.5877837
47.1508983,27.5894316
47.1500802,27.5920898
47.1494124,27.5938049
47.1491084,27.5950586
47.1482614,27.6007411
47.147488,27.6061379
47.1471372,27.6087504
47.1466222,27.6122289
47.1457512,27.6187097
47.1443652,27.6283534
47.1440761,27.6300062
47.1433451,27.6394965
47.1431589,27.6433544
47.1431695,27.64338
47.1432025,27.643433
47.1436584,27.6433037
47.1436914,27.6432446
47.1433414,27.6365289
47.1445498,27.6271722
47.1454011,27.6212913
47.1462421,27.61505
47.1467449,27.6112791
47.1469094,27.6102174
47.1482459,27.6011005
47.1487132,27.5975502
47.1490273,27.5956803
47.1491125,27.5951336
47.1506902,27.5902932
47.1511661,27.5886166
47.1517785,27.5878036
47.154401,27.5867893
47.1563605,27.5851704
47.1589919,27.5871561
47.1594911,27.5881902
47.1614042,27.5939846
47.1615068,27.594479
47.1631707,27.5939044
47.164267,27.5909055
47.1637934,27.5884036
47.1639231,27.5865053
47.1643028,27.5849432
47.1651045,27.5826089
47.1656129,27.5808198
47.166316,27.5779902
47.1673754,27.5741157
47.1685407,27.57127
47.168125,27.5684907
47.1682091,27.5671685
47.1710166,27.5614394
47.1720002,27.5591514
47.1733824,27.5524039
47.1734928,27.5490186
47.1732866,27.5450225
47.1731037,27.5415374
47.1728566,27.5377824
47.1722802,27.5375927
47.1722644,27.537591
47.1722628,27.5375805
47.1722642,27.5375676
47.172264,27.5375689
47.1722643,27.5375672
47.1722651,27.5375728
47.1722647,27.5375734
47.1726094,27.5379745
47.1729674,27.5411292
47.1732067,27.5447002
47.1733643,27.5466743
47.1735705,27.5501884
47.1722619,27.5580642
47.1709269,27.5616691
47.1680197,27.5674379
47.1679384,27.5675857
47.1666959,27.5700465
47.1664985,27.5703874
47.1664483,27.5703926
47.1662227,27.5711248
47.1672323,27.5742332
47.1661326,27.5784825
47.1655824,27.5810362
47.1647973,27.5833006
47.1645884,27.5842773
47.163896,27.5866758
47.1638959,27.5888366
47.1642674,27.590749
47.163628,27.5930951
47.1621905,27.5947258
47.1612423,27.5932657
47.1597794,27.5881151
47.1588142,27.5866991
47.1573346,27.5850384
47.1555127,27.5855947
47.1531871,27.5878788
47.151892,27.5878576
47.1511317,27.5885764
47.1506493,27.5901568
47.1494925,27.5936906
47.1491136,27.5951159
47.1483842,27.6001051
47.1482813,27.6007899
47.1475494,27.6059357
47.1472782,27.6084047
47.1465723,27.6127752
47.1457609,27.6183411
47.1456824,27.6187922
47.1449354,27.6242633
47.1438144,27.6320892
47.1433339,27.6390325
47.1433854,27.6426407
47.1432559,27.6429623
47.1431969,27.6433607
47.1431894,27.6433899
47.1431893,27.6433896
47.143653,27.6434081
47.1433723,27.6398724
47.144043,27.6307282
47.1451987,27.6224466
47.1459518,27.6171682
47.1467226,27.6116277
47.1468092,27.6109865
47.1468089,27.6109875
47.1477571,27.6046571
47.1478432,27.6037669
47.1482777,27.6007596
47.1491054,27.5951149
47.150425,27.5908487
47.1510119,27.5892702
47.151774,27.5878431
47.1517954,27.5879121
47.1543648,27.5868033
47.1584683,27.5860564
47.1584794,27.5860869
47.1598264,27.5888859
47.1616013,27.5944791
47.1615151,27.5945759
47.1623266,27.5947268
47.1644135,27.5913309
47.1640906,27.589447
47.1640688,27.5857979
47.1642913,27.5850676
47.1647402,27.5836529
47.1655415,27.5808815
47.1661593,27.5785901
47.1673368,27.5742709
47.1688392,27.5704799
47.1682255,27.5685106
47.1682193,27.5685345
47.1684768,27.5666773
47.171065,27.5613782
47.1731472,27.5537124
47.1735557,27.5503509
47.173259,27.5446399
47.1729974,27.5405114
47.1722696,27.5375689
47.172281,27.5375781
47.1722808,27.5375794
47.1722786,27.537578
47.172577,27.5379748
47.1728762,27.539185
47.1732809,27.5447111
47.1732783,27.545217
47.1735143,27.5500595
47.1732391,27.5530483
47.1715146,27.5602858
47.1690286,27.5654441
47.1665582,27.5700508
47.1664601,27.5703751
47.1664529,27.5703531
47.1663176,27.571658
47.1667925,27.5761781
47.1655994,27.5805159
47.1652364,27.5819448
47.164476,27.5842878
47.1641449,27.5854146
47.1638111,27.5874062
47.1640413,27.5895294
47.1643074,27.5913514
47.1624398,27.5945619
47.1621515,27.5947454
47.160783,27.5916717
47.1592264,27.5875226
47.1587521,27.5866062
47.1568572,27.5850121
47.1532118,27.5879016
47.152325,27.5882387
47.1515479,27.5876943
47.1509225,27.5894987
47.1495295,27.5939457
47.1494602,27.5941051
47.1488936,27.5962124
47.1482373,27.6010369
47.1473744,27.6072288
47.147136,27.6087254
47.1471347,27.6087247
47.1461491,27.6158663
47.1457004,27.6187349
47.1453958,27.6208983
47.1442303,27.6291579
47.1433003,27.6364758
47.1433188,27.6427915
47.1431709,27.6432004
47.1432236,27.6434581
47.1436534,27.6433834
47.1436971,27.6432994
47.1433232,27.636681
47.1444557,27.627769
47.145596,27.6199372
47.1467498,27.611644
47.1468158,27.610969
47.1477594,27.6047908
47.1479741,27.6032538
47.1483918,27.6002874
47.1490335,27.5956464
47.1490885,27.5956886
47.1491314,27.5950862
47.1504503,27.5909053
47.1510254,27.5892676
47.1515642,27.5876647
47.1525115,27.5883821
47.1553212,27.5858851
47.1574202,27.5850626
47.1592721,27.5876649
47.1598909,27.5891742
47.1610919,27.5929832
47.1615185,27.5944183
47.1628224,27.5943291
47.1640661,27.5922609
47.1642283,27.5903186
47.1638488,27.5883883
47.1641215,27.5855937
47.1643,27.5851402
47.1647823,27.5835997
47.1656141,27.5808669
47.1659371,27.5795485
47.1670766,27.5753353
47.1680044,27.5727093
47.1684398,27.568689
47.1687991,27.566048
47.1710582,27.5614033
47.1729117,27.554947
47.1735844,27.5513723
47.173349,27.5445915
47.1729711,27.5399824
47.1722972,27.5375327
47.1722771,27.5375584
47.1722965,27.5375284
47.1722775,27.5375549
47.1722632,27.5375998
47.1722594,27.5375818
47.1729283,27.5398994
47.1732573,27.5445739
47.1735039,27.5490421
47.1730112,27.5542313
47.1714689,27.5603262
47.1695091,27.5645968
47.167987,27.5675316
47.1677657,27.5679256
47.166668,27.5699947
47.1664865,27.5703437
47.1664486,27.5703737
47.1663863,27.5717562
47.1666721,27.5766862
47.1657064,27.5801339
47.1655015,27.5809935
47.1652081,27.5821263
47.1643742,27.584913
47.1639989,27.5862449
47.1641147,27.5900439
47.1640684,27.5905043
47.1640999,27.5904944
47.1643097,27.591082
47.1640598,27.5891397
47.1639095,27.5866205
47.1641757,27.5855585
47.1647573,27.5834808
47.1654817,27.581028
47.1661557,27.5783804
47.1671491,27.574938
47.1689569,27.5701493
47.1677031,27.5681692
47.1660046,27.5710434
47.162166,27.5732394
47.1601404,27.5730487
47.1586505,27.5747617
47.1609355,27.5725292
47.1624141,27.5662957
47.1641512,27.562749
47.1662616,27.5583922
47.1667854,27.5553292
47.1667534,27.551947
47.1667307,27.5474969
47.1676512,27.542276
47.1683542,27.5413927
47.1695591,27.5398429
47.1706617,27.5370642
47.1707236,27.5362636
47.1707338,27.5362932
47.1707452,27.5362564
47.1716433,27.5350962
47.1716603,27.5350928
47.1716602,27.535095
47.17166,27.5350963
47.1716533,27.5351614
47.1716765,27.5351545
