47.1587366,27.5864333
47.1563355,27.5850663
47.1534887,27.5876476
47.1532716,27.5879054
47.1510739,27.5889486
47.1507339,27.5901658
47.1495344,27.5938555
47.1495449,27.5938795
47.1491387,27.595114
47.1484928,27.5994267
47.1481436,27.6016877
47.1473575,27.6072307
47.1472237,27.6083412
47.147134,27.6090499
47.1461936,27.6154825
47.1457435,27.6184599
47.1453688,27.6209315
47.1443877,27.6279911
47.1437618,27.6327319
47.1433153,27.6359898
47.1434037,27.6418446
47.1432632,27.6430459
47.1431752,27.6434572
47.1431743,27.6434462
47.1436364,27.6433908
47.1436366,27.6433886
47.1433334,27.638043
47.1433949,27.635672
47.1441512,27.6299302
47.144551,27.6270854
47.1454048,27.6210542
47.1455228,27.6200308
47.1464592,27.6138061
47.1467821,27.6113996
47.1469496,27.6101539
47.1478188,27.6041331
47.1482698,27.6010987
47.1487388,27.5975761
47.1491094,27.5951115
47.1491451,27.5951647
47.1497354,27.593233
47.1510381,27.5892774
47.1515631,27.5876074
47.1527721,27.5882929
47.1553291,27.5858183
47.1584951,27.5860652
47.1594353,27.587986
47.160924,27.5921046
47.1631366,27.5938823
47.1638885,27.5925404
47.1641678,27.5902931
47.1640587,27.5894239
47.1638286,27.5872483
47.1641245,27.585572
47.1648584,27.5832143
47.1655017,27.5808365
47.1661449,27.5784685
47.1672665,27.5743201
47.1680836,27.572344
47.1682503,27.5686391
47.1688452,27.5658117
47.1709095,27.5613124
47.1724873,27.5569295
47.1733836,27.5524732
47.1735698,27.5508213
47.1734865,27.5478339
47.173496,27.5467123
47.1733386,27.544874
47.1730847,27.5410679
47.1729333,27.5397112
47.1723581,27.5374876
47.1723456,27.5374768
47.1729449,27.5399297
47.1733334,27.5444922
47.1734458,27.5475287
47.1735453,27.5499556
47.1727713,27.5555205
47.1720706,27.558853
47.1715277,27.5603233
47.1686667,27.5661615
47.1679978,27.5675146
47.1680194,27.5675761
47.1665038,27.5703002
47.1663669,27.5706277
47.1672917,27.573887
47.1660296,27.5789488
47.1655286,27.5810476
47.1651214,27.582265
47.1643102,27.5848606
47.1640534,27.5856681
47.164103,27.5896045
47.164256,27.5908124
47.1637595,27.5927994
47.1621648,27.5947846
47.1607129,27.5915876
47.1599894,27.5891514
47.1590931,27.5872316
47.1573438,27.5850492
47.1542744,27.5868312
47.153751,27.5874716
47.1523363,27.58829
47.1518795,27.5879172
47.1512525,27.5882169
47.1508827,27.5893832
47.1498984,27.5924765
47.1494663,27.5936919
47.149085,27.595088
47.1483193,27.6003006
47.1479225,27.6032054
47.1471546,27.6083551
47.1471578,27.608661
47.1468957,27.6104468
47.1457944,27.6181188
47.1457238,27.6186527
47.1450828,27.623061
47.1441389,27.6298039
47.1434558,27.6344296
47.1432997,27.6379697
47.1431822,27.6433284
47.1431758,27.6433514
47.1436718,27.6433316
47.1433266,27.640071
47.1433761,27.6355066
47.1441743,27.6296129
47.1453977,27.6212304
47.1455536,27.6200799
47.1467131,27.611875
47.1468229,27.6110185
47.1471507,27.6086472
47.1480957,27.6021638
47.1486558,27.5980762
47.1490966,27.5951508
47.1491137,27.5948651
47.1509796,27.5892597
47.1513892,27.5877767
47.1524866,27.58829
47.1548563,27.5861818
47.1582725,27.5856997
47.1593926,27.5879
47.1603177,27.5904839
47.1609084,27.5922799
47.1630862,27.5939468
47.1639547,27.5922418
47.1641683,27.5902984
47.1637961,27.5883476
47.1641033,27.5855541
47.1646676,27.5838763
47.1655247,27.5809747
47.1660317,27.5790961
47.1672028,27.574733
47.1682466,27.5719592
47.1691791,27.5694448
47.1691379,27.565245
47.1710694,27.5612668
47.1727157,27.5556321
47.1734259,27.5523314
47.173393,27.5471057
47.1732582,27.5446759
47.172936,27.5400544
47.1726875,27.5373895
47.1723722,27.5373431
47.1724084,27.5373815
47.1723838,27.5373912
47.1723836,27.5373926
47.1724045,27.5374253
47.1724063,27.5374288
47.1723703,27.5374113
47.1723701,27.5374109
47.1723426,27.5373854
47.1723681,27.5373827
47.1723692,27.5373836
47.1723697,27.5373836
47.1723703,27.5373817
47.1723706,27.537381
47.1723688,27.5373857
47.1723608,27.5373852
47.1723604,27.5373848
47.1729011,27.5392611
47.173244,27.5445068
47.17336,27.5462416
47.1735491,27.5500607
47.1723957,27.5574518
47.1711145,27.5611819
47.1682838,27.5670282
47.1679501,27.5676804
47.1664619,27.5704119
47.166222,27.5709565
47.1669403,27.5756895
47.1656817,27.5803442
47.1655335,27.5813845
47.1646738,27.5837169
47.1641693,27.5854805
47.1638256,27.5879291
47.1642538,27.5906535
47.1637832,27.5928672
47.1622694,27.5947854
47.1607549,27.5916738
47.1600904,27.589589
47.1592564,27.5874511
47.1571373,27.5850249
47.154754,27.5863304
47.151894,27.5879325
47.1513754,27.5877683
47.150937,27.5894261
47.1495347,27.5937732
47.1490292,27.5955158
47.1482226,27.6010011
47.1472896,27.6074003
47.1470389,27.6090299
47.1459163,27.6170267
47.1456995,27.6186869
47.1451669,27.6223255
47.1440752,27.6299448
47.1433206,27.6360012
47.1433577,27.641959
47.1431931,27.6433613
47.1431906,27.6433532
47.1431855,27.6433491
47.1434381,27.6437021
47.1436602,27.6432921
47.1436595,27.6432949
47.143658,27.643296
47.1436562,27.643295
47.1436552,27.6432954
47.1434305,27.6425515
47.1433975,27.6352288
47.1443203,27.6286289
47.1453882,27.6210532
47.1453862,27.6210514
47.1461877,27.6155397
47.1468086,27.610997
47.147176,27.6083994
47.1481804,27.6014006
47.1489164,27.59601
47.1491057,27.5953752
47.1503612,27.5911237
47.1509912,27.5892188
47.1513537,27.5878479
47.1517742,27.5878105
47.1544193,27.586693
47.1577945,27.5851704
47.1592573,27.5876914
47.1598422,27.5883386
47.1605512,27.5910206
47.1625927,27.5945007
47.1643046,27.5916395
47.1640578,27.5894992
47.1640112,27.5858139
47.1642428,27.5851992
47.1644384,27.5844345
47.1654438,27.5812672
47.1655725,27.5809148
47.1661586,27.5782902
47.1677056,27.5733
47.1679716,27.5726204
47.1688746,27.5690203
47.1681885,27.5685239
47.1688268,27.5659737
47.170941,27.5614326
47.1729451,27.5545424
47.1735378,27.5510136
47.1732229,27.5446629
47.1730494,27.5415413
47.1728261,27.5378987
47.1723178,27.5374432
47.1723154,27.5374428
47.1723437,27.5374103
47.1723174,27.5373949
47.172318,27.5373896
47.172306,27.5373882
47.172306,27.5373917
47.1723064,27.537393
47.1723062,27.5373934
47.1723063,27.5373939
47.1723066,27.5373949
47.172307,27.5373968
47.1723072,27.5373983
47.1723073,27.5374
47.1722799,27.5377751
47.1731449,27.5437026
47.1732869,27.5455667
47.173489,27.5501386
47.1735087,27.5506617
47.1723357,27.5575957
47.1715243,27.5603007
47.1682052,27.5670609
47.1664322,27.5704071
47.1670764,27.5734577
47.1662488,27.5779374
47.165491,27.5810129
47.164795,27.5832306
47.1641283,27.585454
47.1638167,27.587942
47.1642327,27.5907183
47.1641105,27.5920707
47.1617142,27.5948109
47.1599352,27.5892118
47.1592145,27.5875441
47.1580835,27.5854551
47.1545003,27.5865929
47.1528246,27.5882485
47.151651,27.5876691
47.1509322,27.5893781
47.1492064,27.5948132
47.1484903,27.5990365
47.147905,27.6032978
47.147123,27.6087107
47.1471208,27.6087064
47.1463727,27.6140719
47.1457375,27.6186714
47.1454768,27.6206012
47.1444122,27.6280058
47.1434101,27.6350429
47.1433677,27.6412705
47.1431839,27.6432631
47.1639828,27.5855521
47.1642782,27.5848108
47.1653681,27.5812915
47.1710337,27.5349412
47.1710357,27.5349441
47.1614937,27.5689374
47.1609228,27.573235
47.1607692,27.5738755
47.160644,27.5742205
47.1604102,27.574535
47.1603343,27.5746704
47.1603341,27.5747026
47.1602997,27.5746748
47.1603292,27.5746972
47.1603,27.5746334
47.1603002,27.5746331
47.1602891,27.5746662
47.1602928,27.574661
47.1602795,27.5746775
47.1601315,27.5748124
47.1597855,27.575071
47.1595005,27.5752452
47.1593423,27.5752144
47.1582156,27.5751148
47.1569486,27.5745386
47.154559,27.5735238
47.1526544,27.5742049
47.1504036,27.5772554
47.1491032,27.5789992
47.1473005,27.5818567
47.1460522,27.5870165
47.146267,27.5899836
47.1466911,27.5911209
47.1477045,27.5923457
47.1489716,27.5939197
47.1489185,27.5959048
47.1482541,27.6008076
47.1475482,27.6058661
47.147214,27.6083078
47.1472098,27.6083283
47.147215,27.6083157
47.1471908,27.6085693
47.1469839,27.60933
47.1465624,27.6098013
47.1466279,27.6100578
47.1466257,27.6100778
47.1471575,27.608883
47.1478787,27.6038243
47.1479698,27.6028901
47.1483031,27.600731
47.1490785,27.5953419
47.149159,27.5951332
47.148187,27.5929929
47.1477609,27.5924314
47.1463856,27.5903241
47.1462989,27.5902121
47.1461018,27.5856872
47.1469126,27.5825417
47.1489918,27.579272
47.1511148,27.5762559
47.153019,27.5740121
47.1554711,27.5737278
47.1587005,27.5754618
47.1601851,27.5748256
47.1608931,27.5715982
47.1633542,27.5644196
47.1635304,27.5640304
47.1663261,27.5581286
47.1667509,27.5563009
47.1667675,27.5526461
47.1667478,27.5513104
47.1667277,27.5450321
47.1675538,27.5423684
47.1686034,27.5411312
47.1693,27.5412105
47.1694092,27.5406636
47.1693672,27.5406278
47.1693654,27.5406278
47.1693564,27.5406404
47.1681921,27.5414995
47.1667366,27.5441441
47.166706,27.5483511
47.1667971,27.5508978
47.1667522,27.5565433
47.1654501,27.55965
47.1624267,27.5661881
47.1621267,27.566752
47.1608681,27.5735355
47.1590528,27.5748957
47.1567533,27.5744331
47.1549612,27.5735833
47.150432,27.577166
47.1503619,27.5772559
47.1486461,27.5797334
47.1472716,27.581916
47.1460467,27.5887597
47.1462989,27.5900942
47.1481224,27.5929425
47.1490858,27.5951326
47.1482912,27.6005026
47.1479349,27.6031665
47.1471269,27.6086356
47.147175,27.6086593
47.1463026,27.6144556
47.1457081,27.6186909
47.145709,27.618692
47.146671,27.6199258
47.1494362,27.6207472
47.1510438,27.6212537
47.1518868,27.6214758
47.1536259,27.6243122
47.1562213,27.623982
47.1583281,27.6210601
47.1592905,27.6185723
47.159875,27.6146598
47.1608222,27.6105426
47.1615448,27.6089927
47.1616116,27.6089936
47.1617119,27.608601
47.1616984,27.6086346
47.1603862,27.6116766
47.160062,27.6135694
47.1600644,27.6137702
47.1592331,27.6189928
47.1569442,27.6229498
47.1562888,27.6239076
47.1539812,27.6250455
47.1521041,27.6215328
47.1493097,27.6207001
47.1471745,27.6200536
47.1456912,27.6191481
47.1466923,27.6120224
47.1468195,27.6110642
47.1473754,27.6071825
47.1478672,27.6036497
47.1482622,27.6009706
47.1489559,27.595894
47.1489523,27.5957082
47.1490777,27.5951472
47.1491573,27.5948585
47.1478367,27.5925093
47.1462984,27.5901521
47.1462981,27.5901469
47.1460178,27.5885039
47.1460706,27.5853389
47.148183,27.5804738
47.1500737,27.5776903
47.1543239,27.5735315
47.1566305,27.5743738
47.1605751,27.5743518
47.1616708,27.5683586
47.162971,27.5650038
47.1638636,27.5632885
47.1663857,27.5580187
47.1667386,27.5544168
47.1666554,27.5511375
47.166729,27.5449722
47.1682615,27.5414764
47.1685838,27.5411184
47.169034,27.541246
47.1689862,27.5412463
47.1689809,27.5412247
47.1689833,27.5412232
47.1690161,27.541235
47.1690083,27.5412366
47.1690092,27.5412374
47.1690075,27.5412393
47.1690231,27.541237
47.169024,27.541237
47.1690237,27.5412371
47.1692127,27.5412708
47.1692258,27.5412632
47.16925,27.5412579
47.1692503,27.5412578
47.1692492,27.541235
47.1692668,27.541255
47.1692661,27.5412554
47.1692646,27.541255
47.1692384,27.5412709
47.1693005,27.5412433
47.1693866,27.5410655
47.1693966,27.5410113
47.169399,27.5410197
47.1694094,27.5410218
47.1693994,27.5410427
47.1693985,27.5410437
47.1693738,27.5410866
47.169374,27.5410859
47.1693743,27.5410856
47.1693904,27.5406523
47.1694011,27.5406601
47.1694008,27.5406602
47.1683619,27.5413245
47.1683561,27.5413236
47.1683605,27.5413202
47.1683212,27.5413862
47.1667411,27.5441905
47.1667205,27.5493132
47.1668176,27.5511712
47.1668028,27.554919
47.1667342,27.557485
47.1647338,27.5615886
47.1622476,27.5665603
47.1614113,27.5691572
47.1595195,27.5752062
47.1574774,27.5748054
47.1567176,27.5744122
47.1524474,27.5744
47.1503457,27.5772753
47.1492709,27.5787639
47.1474451,27.5816761
47.1460509,27.5866681
47.1463117,27.5900562
47.1471134,27.5915911
47.1487982,27.5938487
47.149109,27.5951011
47.1486301,27.5980544
47.1480155,27.6025764
47.1471126,27.6086876
47.1467849,27.6112779
47.1457158,27.6187239
47.1456695,27.6189764
47.1481228,27.6203204
47.1510455,27.6212188
47.1532199,27.6224448
47.1463575,27.5901289
47.1690788,27.5412529
47.1690776,27.5412535
47.1693901,27.5410726
47.1693848,27.5411341
47.1693744,27.5411039
47.1692692,27.5405063
47.1677542,27.5421279
47.1667111,27.54581
47.1667727,27.5502571
47.1667374,27.5561286
47.1665262,27.5579158
47.1638622,27.5633642
47.1622108,27.5665319
47.1608836,27.5711944
47.1589928,27.5747681
47.1574844,27.5747945
47.1570894,27.5745966
47.1545476,27.5735444
47.150363,27.5772675
47.1478217,27.5810868
47.1464099,27.5837597
47.1460331,27.5884409
47.1467698,27.5911564
47.1487833,27.5938616
47.1490789,27.5951134
47.1490765,27.5951177
47.1479041,27.6033355
47.1471084,27.6087013
47.1470874,27.6087827
47.1461037,27.615743
47.1456916,27.6187656
47.1461349,27.6197402
47.1482902,27.6203687
47.1504409,27.6210386
47.1512825,27.6213061
47.1529267,27.6219818
47.1557435,27.6246295
47.1569857,27.6229288
47.1590361,27.6199985
47.1598955,27.6146016
47.1608481,27.6105144
47.1613953,27.6090504
47.1615285,27.6090421
47.161736,27.6086865
47.1617377,27.6086388
47.1617385,27.6086388
47.1617382,27.6086383
47.1612251,27.6092546
47.1602075,27.6125554
47.1601609,27.613623
47.1593358,27.6184895
47.1580429,27.6214773
47.1562956,27.6238826
47.1533203,27.6229684
47.1517212,27.6214258
47.148794,27.6205333
47.1462299,27.6197177
47.1460201,27.6166494
47.1468381,27.610996
47.1475089,27.6062859
47.1478848,27.6036834
47.1482804,27.600736
47.1491058,27.5952229
47.1491252,27.5951675
47.1491426,27.5951359
47.1478904,27.5926237
47.1465755,27.5907348
47.1460564,27.5888827
47.1460747,27.5865234
47.1481678,27.580524
47.1491239,27.5791058
47.1527645,27.5742127
47.156284,27.5742042
47.1566114,27.5743631
47.1586435,27.5754653
47.1613773,27.5692405
47.1626033,27.5659432
47.1639562,27.5632147
47.166351,27.5582806
47.1667346,27.5561685
47.1667801,27.5515844
47.1667479,27.546281
47.167185,27.5428399
47.1683023,27.5415347
47.1682911,27.5415555
47.1682731,27.5415331
47.1682624,27.5415131
47.1682631,27.5415414
47.1684378,27.5412831
47.1689661,27.5406299
47.1692365,27.540346
47.1702179,27.5386707
47.1706031,27.537398
47.1706077,27.5373594
47.1706445,27.5371549
47.1708355,27.5360713
47.1708388,27.5360344
47.1708381,27.536034
47.1708496,27.5360407
47.1708494,27.5360411
47.1708326,27.5360505
47.1708333,27.5360509
47.1708459,27.5360613
47.1708457,27.5360574
47.1709611,27.5360201
47.1707591,27.5359331
47.1707595,27.5359328
47.1707598,27.5359352
47.1707678,27.5359202
47.1707752,27.5359293
47.1707757,27.5359289
47.1707754,27.5359283
47.1703616,27.5380881
47.1696108,27.5397123
47.1696097,27.5397122
47.1696093,27.5397125
47.1696111,27.5397135
47.1696199,27.5397528
47.1696097,27.5397404
47.1696084,27.5397414
47.1695888,27.5397432
47.1691106,27.5403995
47.1685738,27.5410297
47.1685742,27.54103
47.1686175,27.5409821
47.169172,27.5403692
47.1692481,27.5402435
47.1683151,27.5414042
47.1683419,27.5413609
47.1682459,27.5414792
47.1667358,27.544171
47.1667603,27.5467267
47.1668532,27.5504195
47.1668929,27.5532119
47.1668602,27.5569029
47.1652104,27.5603433
47.1632608,27.5644529
47.1622161,27.5665627
47.1609631,27.5705076
47.1593724,27.5752617
47.1576366,27.5749163
47.1565205,27.57429
47.1515695,27.5755627
47.1502941,27.5773259
47.1474758,27.5816087
47.1462604,27.5840711
47.1461829,27.5895666
47.1466541,27.590924
47.1473929,27.5919521
47.1489162,27.5940674
47.1489817,27.5955551
47.1482937,27.6005208
47.1479774,27.6028513
47.147188,27.6084256
47.1471877,27.6084243
47.1462447,27.6150302
47.1457664,27.6184507
47.1474213,27.6201271
47.1499987,27.6209284
47.1517858,27.621456
47.153137,27.6223878
47.1557049,27.6247199
47.1562403,27.623882
47.1587995,27.6203532
47.1598252,27.6150924
47.1599648,27.6141938
47.1609969,27.6100336
47.1612161,27.60933
47.1615574,27.6090253
47.1616458,27.6090307
47.1617673,27.6086251
47.1617649,27.6086347
47.1617502,27.6086532
47.1617504,27.6086533
47.1614118,27.6087261
47.160234,27.6125176
47.1598933,27.614942
47.1592541,27.6190447
47.1564979,27.6235994
47.1552534,27.625223
47.1531885,27.6223904
47.152632,27.6217253
47.1519901,27.6215046
47.1492831,27.6206375
47.1463103,27.6197947
47.1463328,27.6143505
47.1468043,27.6109604
47.147641,27.6050475
47.1479761,27.6026551
47.1482643,27.6007871
47.1490765,27.5952907
47.1490895,27.5950785
47.1479139,27.5926202
47.1464625,27.5904637
47.1460641,27.5888403
47.1460696,27.5884568
47.1468569,27.5826942
47.1491049,27.5790762
47.1514066,27.5757924
47.1516343,27.5754681
47.1517941,27.5752446
47.1519477,27.5750233
47.1521665,27.5747427
47.1522606,27.5746004
47.1523218,27.5745601
47.1526379,27.574306
47.152638,27.574314
47.153416,27.5737855
47.1552334,27.5736645
47.157015,27.5746125
47.1597556,27.5751159
47.1612303,27.5697338
47.163287,27.5644689
47.1640861,27.5627951
47.1659821,27.558873
47.1664469,27.5581484
47.1667638,27.5549724
47.1667978,27.551591
47.1667871,27.5478884
47.1667248,27.5444766
47.1682523,27.5414828
47.1685728,27.541135
47.1693798,27.5411004
47.1693797,27.5411012
47.1693801,27.5411015
47.1693803,27.5411023
47.1693806,27.5411022
47.1693804,27.5406593
47.1684027,27.5412632
47.1667472,27.5434552
47.1667468,27.5464895
47.1668493,27.550285
47.1668046,27.5551692
47.1667688,27.5561715
47.1662,27.5585699
47.1632514,27.5645951
47.1622662,27.5666401
47.1611531,27.5699048
47.1591798,27.5750713
47.1570619,27.5746077
47.1560583,27.5740558
47.1512344,27.5760623
47.1503346,27.5773507
47.1499479,27.5779047
47.1474371,27.58168
47.147161,27.5821506
47.1460495,27.5878077
47.1462886,27.5901107
47.1469922,27.5914425
47.1471377,27.5916889
47.1472031,27.5916666
47.1491994,27.5943946
47.1483799,27.5998193
47.1478033,27.6039774
47.1471217,27.6087093
47.1463239,27.6143212
47.1457201,27.6187391
47.1481444,27.6203237
47.1502752,27.62097
47.1507891,27.6211383
47.1526838,27.6217969
47.1541493,27.6251988
47.1561788,27.6240257
47.1576898,27.6219722
47.1593333,27.6183482
47.1599309,27.6145403
47.1603758,27.6119426
47.1611431,27.6095422
47.1617216,27.6086296
47.161723,27.6086025
47.1615409,27.608483
47.1602309,27.612279
47.1600224,27.61406
47.1592337,27.6191477
47.1562706,27.6239148
47.1547817,27.6254471
47.1521117,27.6214613
47.1490808,27.6205713
47.1462489,27.6197077
47.1460921,27.6197314
47.1461288,27.6162202
47.146849,27.610972
47.1474157,27.6071899
47.148283,27.6010154
47.1489807,27.5959479
47.149078,27.5951145
47.147784,27.5924498
47.146306,27.5901457
47.1460491,27.5885663
47.1469358,27.5824966
47.1490065,27.5791709
47.1507,27.5768013
47.1535496,27.5737307
47.1566566,27.5743542
47.1591763,27.5754155
47.1617121,27.5681742
47.163343,27.5644248
