47.1730791,27.5735998
47.1692358,27.5766121
47.1669456,27.5773267
47.1661397,27.5783992
47.1654636,27.5814453
47.1646481,27.5839709
47.1639972,27.5861277
47.1640148,27.5892702
47.1642599,27.5908525
47.1632523,27.5937606
47.1621429,27.5947818
47.1613723,27.5936673
47.1595106,27.5880547
47.1583927,27.5858017
47.1568041,27.5850014
47.1537784,27.5873785
47.1517908,27.5877449
47.1494581,27.5858777
47.147105,27.5839328
47.1426238,27.5803399
47.139555,27.5788485
47.1389732,27.5782191
47.135473,27.573766
47.1328842,27.571773
47.1291985,27.569171
47.1279053,27.5682612
47.124489,27.5673849
47.1233785,27.5673802
47.123032,27.567402
47.1230321,27.567402
47.1230331,27.5674022
47.1230338,27.5674027
47.1225973,27.5679389
47.122853,27.5682574
47.122854,27.5682595
47.1228545,27.568261
47.123496,27.5676882
47.123515,27.567633
47.1235118,27.5676332
47.1235099,27.5676311
47.1235083,27.5676288
47.1235043,27.567627
47.1235176,27.5676095
47.1252514,27.5673505
47.1286917,27.5688299
47.1311461,27.5704081
47.1339662,27.5725065
47.1373164,27.5762119
47.138897,27.5781611
47.1418937,27.5800597
47.1435136,27.5808817
47.1478258,27.5844982
47.1502625,27.5865349
47.1524407,27.5882731
47.1558443,27.5854461
47.1592333,27.5875761
47.1600325,27.589238
47.1604731,27.5904339
47.1615973,27.5945268
47.1620309,27.5948794
47.1638791,27.5924979
47.1642871,27.5908774
47.164129,27.5899719
47.1638717,27.5870707
47.1641671,27.5854894
47.1643582,27.5847842
47.165157,27.582254
47.1657146,27.5803395
47.1671459,27.5772602
47.1700731,27.5762025
47.1729912,27.5737034
47.1749019,27.5721014
47.1772309,27.5701559
47.1806627,27.5673017
47.18164,27.5664287
47.1850033,27.5636444
47.1857763,27.5629443
47.1891775,27.5600174
47.1897871,27.5595743
47.1904749,27.559217
47.190532,27.5592252
47.1906105,27.5592877
47.1906044,27.5593042
47.1906581,27.5592572
47.1906418,27.5593115
47.1908068,27.5592009
47.1908111,27.5592269
47.1908222,27.5591474
47.1907922,27.5592076
47.190751,27.5592003
47.190751,27.5591999
47.1909336,27.5590324
47.1909364,27.5589993
47.1908314,27.5591621
47.1908428,27.5590931
47.1908589,27.5590797
47.1909086,27.5587122
47.190454,27.5584042
47.1904384,27.5583943
47.1904521,27.5584238
47.1905044,27.5584178
47.1905328,27.5583966
47.190527,27.5583879
47.1897293,27.5595997
47.1863463,27.5624658
47.1848001,27.563773
47.1823644,27.5658194
47.1802168,27.5676281
47.1778575,27.5696805
47.175077,27.5719515
47.1734852,27.573256
47.1723169,27.5742026
47.1692126,27.5766357
47.1677209,27.5770721
47.1658493,27.5795467
47.165493,27.5811924
47.1650235,27.5827368
47.1645143,27.5843703
47.1641062,27.5857881
47.1637718,27.5881059
47.1642679,27.5907852
47.1640478,27.5921262
47.1613152,27.5934152
47.1599357,27.5890281
47.1592349,27.5874676
47.1581559,27.5855032
47.156089,27.5851866
47.1548498,27.5861863
47.1538186,27.5872581
47.153663,27.5874378
47.1524653,27.5882271
47.1520597,27.5879803
47.150537,27.5867213
47.1494583,27.5858455
47.1485649,27.58508
47.1432527,27.5806637
47.1414053,27.5798247
47.1393103,27.5785583
47.1373926,27.5762122
47.1340229,27.572521
47.1314686,27.5707378
47.1293664,27.5692765
47.1244886,27.5673243
47.1238522,27.5673121
47.123111,27.5682054
47.1231671,27.5681925
47.1233683,27.5679047
47.1233638,27.5679031
47.1234183,27.5678195
47.1234614,27.5677083
47.1234593,27.5677072
47.1234854,27.5677251
47.1234915,27.5676762
47.123694,27.5674216
47.1281538,27.5684432
47.1287162,27.5688535
47.132841,27.5716987
47.1346797,27.5730806
47.138465,27.5776775
47.1391433,27.5784778
47.1423871,27.5802497
47.144485,27.581677
47.1494777,27.5858324
47.15025,27.5865529
47.1518563,27.587875
47.1551827,27.5858827
47.159137,27.5874431
47.1600187,27.5894796
47.1604768,27.5908443
47.1632069,27.5938206
47.1642042,27.5904334
47.1639337,27.5889524
47.1641031,27.5856463
47.164607,27.5841075
47.165464,27.5812171
47.1658275,27.5800321
47.1671047,27.5772868
47.1694619,27.5765698
47.1729112,27.5738239
47.175496,27.5715916
47.1788133,27.5688999
47.1808288,27.5671757
47.1826439,27.5656537
47.1852982,27.5633388
47.1864568,27.5624184
47.189803,27.5595666
47.1899748,27.5594517
47.1899862,27.5594047
47.1899858,27.5594056
47.1899883,27.5594014
47.1900523,27.5593901
47.1900496,27.5593643
47.1900612,27.5593536
47.1900561,27.5593509
47.1900313,27.5593373
47.1900247,27.559446
47.1909841,27.5589002
47.1905226,27.5583865
47.1905386,27.5583755
47.1905461,27.5584247
47.1896857,27.5596342
47.1864524,27.5624215
47.1843198,27.5641544
47.1814018,27.5666649
47.179232,27.5684976
47.175231,27.5717706
47.1735946,27.5731356
47.1733432,27.5733685
47.1689578,27.5767227
47.1665581,27.5775125
47.1654986,27.5809613
47.1650728,27.5825563
47.1641173,27.5855843
47.16377,27.5880242
47.1641564,27.5904835
47.163727,27.5928514
47.1617076,27.5946515
47.1602152,27.5899431
47.1588728,27.5868417
47.1557951,27.5854053
47.1538438,27.5872649
47.1512061,27.5872401
47.1494766,27.585865
47.146674,27.5834825
47.1433421,27.5807155
47.1426013,27.5802829
47.1404928,27.5795126
47.1378279,27.576818
47.1332671,27.5720623
47.1315851,27.5708189
47.1290661,27.5690633
47.1245321,27.5673089
47.1245374,27.5672851
47.123604,27.5673696
47.1233274,27.5679305
47.1233511,27.5679388
47.1233388,27.5679432
47.1234825,27.5677173
47.1234812,27.5677165
47.1234797,27.5677104
47.1234792,27.5677062
47.1234776,27.5677015
47.1234747,27.5676981
47.1234757,27.5676961
47.1234744,27.5676965
47.1234734,27.5676948
47.1243651,27.5673548
47.12866,27.5688029
47.1312001,27.5705589
47.13399,27.5725507
47.1363314,27.5747704
47.1384245,27.5776738
47.1415844,27.5799571
47.1435161,27.580873
47.1479607,27.5845777
47.1509999,27.5871308
47.1519338,27.5878404
47.1557275,27.5855053
47.1592711,27.5876871
47.1596543,27.588333
47.161973,27.5949115
47.16413,27.5920948
47.1641514,27.5898311
47.1639932,27.5860524
47.1644606,27.5844316
47.1652588,27.5818127
47.1658221,27.5797818
47.1687315,27.5768385
47.1713268,27.575109
47.1751432,27.571898
47.1769507,27.57043
47.1797344,27.5681097
47.1815012,27.5666214
47.1837889,27.5647129
47.1861412,27.5626835
47.1903445,27.5592063
47.190773,27.559233
47.1907669,27.5592495
47.1907704,27.5592555
47.1907692,27.559239
47.1907685,27.5592388
47.1908214,27.559205
47.190927,27.5589369
47.1909422,27.5589731
47.1909405,27.5589715
47.1908938,27.5590929
47.1905325,27.5584842
47.1905041,27.5584896
47.1905,27.5584712
47.1901598,27.5592078
47.1873012,27.56165
47.1863508,27.5624548
47.184483,27.5640218
47.1818178,27.5662512
47.1810975,27.5668747
47.1794532,27.5683038
47.1760527,27.5711437
47.1748785,27.5720619
47.1742089,27.5725869
47.169755,27.5763258
47.1674438,27.5771156
47.1658657,27.5795087
47.1654523,27.5811883
47.1649071,27.5830373
47.1643189,27.5848115
47.163995,27.5858442
47.1640553,27.5893391
47.1642547,27.5907921
47.1632078,27.5938098
47.1620969,27.5948519
47.1600411,27.589447
47.1594379,27.5879895
47.1587055,27.5864465
47.1548609,27.586198
47.1529582,27.5881845
47.1518308,27.587865
47.1531414,27.5879943
47.1592546,27.5876168
47.1639024,27.5875385
47.1637969,27.5911705
47.1340353,27.5726785
47.1365058,27.5750736
47.138397,27.5775781
47.142234,27.5802038
47.1434804,27.5809248
47.1473738,27.5840891
47.1502357,27.5865339
47.1502334,27.5866225
47.1507785,27.5870413
47.15186,27.5879023
47.1546196,27.5865106
47.1587319,27.5866513
47.1593703,27.5881242
47.1609304,27.5924669
47.1616126,27.594615
47.1630708,27.5939998
47.1641962,27.5905249
47.163864,27.5886471
47.1642036,27.5853888
47.1646657,27.583866
47.1656063,27.5808128
47.166167,27.5784145
47.1675297,27.573773
47.1688975,27.570369
47.1680799,27.5684735
47.1665961,27.5700469
47.1665411,27.5701138
47.1663971,27.570403
47.1639763,27.5722573
47.15912,27.5740934
47.1587575,27.5754403
47.1590621,27.5752241
47.1594166,27.573703
47.1604461,27.5731495
47.1635376,27.5725446
47.163693,27.5724153
47.1643367,27.5731713
47.1644673,27.5732391
47.1653126,27.5730576
47.1656716,27.5736672
47.1643081,27.5731509
47.164295,27.5731477
47.1645497,27.5725313
47.1643728,27.5729005
47.1640552,27.5725725
47.1642147,27.5721728
47.1657539,27.5711338
47.1662909,27.5707245
47.1669829,27.569493
47.1678566,27.5682584
47.1688359,27.5690394
47.1688589,27.5703306
47.1674551,27.5739414
47.1661226,27.5786495
47.1655119,27.5811588
47.164963,27.5829537
47.1644858,27.5845511
47.1638519,27.5873648
47.1640636,27.589426
47.1906234,27.5584334
47.1638267,27.5877686
47.1637898,27.5879802
47.1511692,27.5871509
47.1495192,27.5857357
47.1459687,27.5828165
47.1425838,27.5802571
47.1399154,27.5791654
47.1389954,27.5782494
47.136693,27.5752254
47.1330096,27.571765
47.129678,27.569389
47.1292217,27.5691577
47.1245409,27.5672752
47.1237223,27.5673537
47.1233528,27.5674579
47.1229739,27.5682512
47.1232452,27.5679378
47.1232438,27.5679214
47.1232437,27.5679214
47.1232427,27.5679219
47.1232675,27.5679526
47.123469,27.5676153
47.123466,27.5676136
47.1234623,27.5676132
47.1234609,27.5676141
47.1235345,27.5676487
47.1235301,27.5676459
47.1235229,27.5676403
47.1259012,27.5673179
47.1287275,27.5688493
47.1323212,27.5714191
47.1340306,27.5726166
47.1382262,27.5772741
47.1390726,27.5783952
47.1420124,27.580072
47.1435331,27.5808341
47.1495681,27.5859218
47.1502787,27.5864663
47.1527479,27.5883343
47.1573337,27.5850633
47.1595108,27.5880278
47.1603353,27.5902791
47.1614425,27.5938503
47.161717,27.5945032
47.1637856,27.5928126
47.1641891,27.5903206
47.1638664,27.5886509
47.1642631,27.5854167
47.16492,27.583174
47.1656207,27.5807332
47.1661364,27.5785592
47.1688854,27.5768118
47.1707119,27.5756297
47.1733014,27.5734494
47.1755069,27.5716021
47.1756812,27.5714566
47.1800617,27.5678097
47.1815666,27.5665414
47.1835031,27.5648954
47.1858156,27.5629096
47.1896698,27.559654
47.1905309,27.5592639
47.1907619,27.5592119
47.1907614,27.5592119
47.1907604,27.5592123
47.1907605,27.5592131
47.1907605,27.5592141
47.190761,27.5592139
47.1907609,27.5592147
47.1909421,27.559008
47.1909407,27.559007
47.1909386,27.5590051
47.190938,27.5590042
47.1909401,27.5589776
47.1909104,27.5589567
47.1908619,27.5585406
47.1905005,27.5584135
47.1905009,27.5584141
47.1905025,27.5584157
47.1905033,27.5584182
47.1904592,27.5584134
47.1905165,27.5584697
47.1905091,27.5584083
47.1905474,27.558433
47.1876655,27.5613428
47.1856673,27.5630673
47.1835123,27.5649296
47.18054,27.5674375
47.1783372,27.5692796
47.174941,27.5720651
47.1733303,27.5734077
47.169953,27.5762006
47.16884,27.5767597
47.1665425,27.5775345
47.1654351,27.5810684
47.1652279,27.5820639
47.1645562,27.5842295
47.1642665,27.5851159
47.1638413,27.5873674
47.1641551,27.5901495
47.1642097,27.591796
47.1635328,27.5933242
47.1609985,27.5922595
47.1592808,27.5873881
47.1592424,27.5872318
47.155817,27.5854175
47.1548074,27.5862982
47.1530582,27.5881059
47.1510438,27.5870547
47.1495633,27.585821
47.1486366,27.5851129
47.1469683,27.5837228
47.142603,27.5802728
47.1414688,27.5798878
47.1389939,27.5782123
47.1367074,27.5753377
47.1338784,27.5723998
47.1323792,27.5714253
47.1292483,27.5691684
47.1290689,27.5691068
47.1245939,27.5673031
47.1245015,27.5673335
47.1236342,27.5674058
47.1233099,27.5678825
47.1233168,27.5679021
47.1233163,27.5679015
47.1233138,27.5678991
47.1235174,27.5675928
47.1235172,27.5675916
47.1235208,27.5676055
47.1235202,27.5676049
47.1235184,27.5676043
47.1235163,27.5676039
47.1235146,27.5676032
47.1235134,27.5676028
47.1236759,27.5674246
47.1286808,27.5687866
47.1311095,27.5705602
47.1332299,27.5720286
47.135647,27.5739565
47.13843,27.5775212
47.1419012,27.5800627
47.1435314,27.5808549
47.1435238,27.5808293
47.1470034,27.5837378
47.1502555,27.5864846
47.1506501,27.5868393
47.1523836,27.5882343
47.1554119,27.5856834
47.1580333,27.5853913
47.1594901,27.5881089
47.1603247,27.5902793
47.1615081,27.5942357
47.1633607,27.5935322
47.1642602,27.5906088
47.1640036,27.5888966
47.1639825,27.5862077
47.1641627,27.5856256
47.164361,27.5846889
47.1651604,27.5822439
47.1654775,27.5809878
47.1661269,27.5784902
47.1688477,27.5768498
47.1705164,27.5758384
47.173086,27.5736808
47.1754202,27.5716189
47.1780614,27.5694171
47.1809017,27.5671864
47.1825142,27.5657525
47.1852351,27.5634401
47.1877028,27.5614019
47.190529,27.5592704
47.1909179,27.559161
47.1909579,27.5591343
47.1909602,27.5589228
47.1905172,27.5584159
47.190514,27.5584147
47.1905143,27.5584127
47.1903853,27.5587063
47.1875523,27.5614214
47.1863231,27.5624377
47.1844684,27.5640037
47.1810381,27.5669175
47.1799765,27.5678805
47.1777266,27.5697419
47.1749105,27.5720809
47.1745634,27.5723362
47.1714013,27.5750009
47.1688014,27.5768181
47.1666064,27.5775113
47.1659623,27.5792137
47.1654016,27.5814063
47.1647507,27.5838969
47.1640551,27.5860697
47.1639105,27.5887922
47.164285,27.5908286
47.162831,27.594226
47.1607309,27.5915905
47.1596388,27.5884016
47.1589581,27.5869702
47.1562169,27.5851425
47.1533611,27.5877725
47.1522934,27.5881947
47.1514135,27.5874603
47.1505081,27.5867196
47.1494706,27.5858612
47.1446871,27.5817887
47.1420458,27.5801315
47.1393774,27.5786516
47.1374554,27.5762844
47.1331649,27.571941
47.1300996,27.5698216
47.1284568,27.5686858
47.1245423,27.5673436
47.1239096,27.5673692
47.1230538,27.5673862
47.1234305,27.5677326
47.1235114,27.5676014
47.1235222,27.567602
47.1236667,27.5674184
47.123664,27.5674264
47.1263092,27.5673006
47.128865,27.5689289
47.1311437,27.5705369
47.1339858,27.5726042
47.1340542,27.5726419
47.1379297,27.5769632
47.1389728,27.5782818
47.1420937,27.5801568
47.1436192,27.5808827
47.148833,27.5853095
47.1503087,27.586604
47.1509464,27.5870966
47.1527171,27.5883221
47.1569244,27.5850571
47.159488,27.5880769
47.1608488,27.5920917
47.1632783,27.5936961
47.1642064,27.5904197
47.1638861,27.5886673
47.1640682,27.5857801
47.1646827,27.5837859
47.1653846,27.581412
47.165625,27.5806125
47.166556,27.5771342
47.167936,27.5728017
47.1685588,27.5688096
47.1681204,27.56846
47.1680541,27.5684599
47.166716,27.5699135
47.1664628,27.5704143
47.1664163,27.5705488
47.1640895,27.5721569
47.1603115,27.5730615
47.1586,27.575308
47.1590461,27.5749202
47.162528,27.5731201
47.1633214,27.5726775
47.1633216,27.5726766
47.1637011,27.5724851
47.1644175,27.5731722
47.1644162,27.5731779
47.1643831,27.573169
47.1643567,27.5731638
47.1643568,27.5731688
47.1643565,27.5731712
47.1643566,27.5731722
47.1652467,27.5730964
47.1647396,27.5733272
47.1646571,27.573321
47.1643916,27.5733226
47.1644698,27.5733321
47.1642597,27.5731412
47.1642626,27.5731502
47.164263,27.5731503
47.1643103,27.5731193
47.1642636,27.5730851
47.1640868,27.5727093
47.1650279,27.5717209
47.1664847,27.5703758
47.1674158,27.5686876
47.167446,27.568666
47.1689997,27.569202
47.1680404,27.5724624
47.1666265,27.5767629
47.1657235,27.5801629
47.1655189,27.58122
47.1648982,27.5831646
47.1645449,27.5843826
47.1641014,27.5858154
47.1637761,27.587829
47.1642013,27.5904674
47.1643043,27.5911307
47.162724,27.594363
47.1622699,27.5947412
47.1621376,27.5948266
47.161255,27.5931579
47.1606801,27.5914274
47.159209,27.5873869
47.1577566,27.5851237
47.1550438,27.5861195
47.1530536,27.5881224
47.1524682,27.5882562
47.1505185,27.5867074
47.1493111,27.5857436
47.1477348,27.5843969
47.1429475,27.5804708
47.1423375,27.5802054
47.1390153,27.5782515
47.1369665,27.5756996
47.134727,27.5730249
47.1330694,27.5718146
47.1315897,27.5708416
47.1292749,27.5692474
47.1254402,27.5672969
47.1236619,27.5673301
47.1234992,27.5676902
47.1235079,27.5677047
47.1253119,27.5673716
47.1287725,27.5688174
47.1317689,27.5709649
47.1339352,27.5724982
47.1373312,27.5761806
47.1386827,27.5778721
47.141254,27.5798349
47.1428204,27.5804332
47.1444738,27.5816296
47.1482406,27.5848183
47.1502967,27.5864933
47.1504343,27.5866347
47.1529446,27.588242
47.1573824,27.5851129
47.1595352,27.5880998
47.1603829,27.590554
47.1617376,27.5947769
47.1643434,27.5915782
47.164154,27.5895539
47.1642032,27.5856383
47.1643262,27.5849788
47.1651228,27.5826978
47.1655568,27.5809109
47.1673332,27.5771874
47.1698982,27.5763353
47.1729267,27.5738091
47.1755827,27.5716356
47.1789632,27.5688176
47.181166,27.5669179
47.1857386,27.5630137
47.1879855,27.5611983
47.1901558,27.5592568
47.1909535,27.5589508
47.1909531,27.5589492
47.1906284,27.5583912
47.1905606,27.5584268
47.1906105,27.5583403
47.1906856,27.5582819
47.1906185,27.5583559
47.1906161,27.5583504
47.1905961,27.5583507
47.190595,27.5583514
47.1905919,27.5583575
47.1905918,27.5583608
47.1905885,27.5584161
47.1890457,27.5601762
47.1874326,27.561575
47.1864059,27.5624768
47.186319,27.5625671
47.1825072,27.5656848
47.1800411,27.5678241
47.1761477,27.5710915
47.1746466,27.5723391
47.1716074,27.5748428
47.1687752,27.5768606
47.1659863,27.5791849
47.1652183,27.5820778
47.1642895,27.5849575
47.1638817,27.5871959
47.1640799,27.589438
47.164062,27.5921275
47.1620226,27.5948585
47.1605314,27.5909755
47.1597072,27.5884055
47.1576351,27.5850778
47.153908,27.5872174
47.1516261,27.5876728
47.1494469,27.5858217
47.1468024,27.5835946
47.1425159,27.5803698
47.1393086,27.5786006
47.1373692,27.5761731
47.13473,27.5729729
47.1330058,27.5719088
47.1297947,27.5695861
47.1276873,27.568125
47.1237225,27.5673675
47.123145,27.5673852
47.1234743,27.5677568
47.1234959,27.567723
47.1235212,27.5677154
47.1235202,27.5677151
47.12352,27.5677147
47.1235198,27.5677148
47.123525,27.5677076
47.1242739,27.5673836
47.1286708,27.5688451
47.1296173,27.5695133
47.1339812,27.5726432
47.1360745,27.5746911
47.1384682,27.577577
47.1418194,27.5801198
47.1435142,27.5808882
47.1474611,27.584151
47.150272,27.5865898
47.1516963,27.5877123
47.1543049,27.5868436
47.156348,27.5852153
47.15927,27.5876856
47.1594912,27.5880068
47.1606082,27.5913096
47.161645,27.5945244
47.1632624,27.5936949
47.164198,27.5902002
47.1638699,27.5887079
47.1642099,27.585463
47.1649246,27.583247
47.1656531,27.5808384
47.1661717,27.5785395
47.1688959,27.5768397
47.171288,27.5752066
47.1743623,27.5726268
47.1769187,27.5704862
47.1794499,27.5684158
47.1814152,27.5666441
47.1840757,27.5643677
47.1868535,27.5621141
47.1908427,27.5591421
47.1909819,27.559083
47.190979,27.5590823
47.1906213,27.5584473
47.1906212,27.5584491
47.1906221,27.5584514
47.190622,27.5584521
47.1906417,27.5583536
47.1906687,27.5584509
47.1906437,27.5584311
47.1906353,27.5584537
47.1903608,27.558753
47.1879792,27.5610723
47.186199,27.5625644
47.1843159,27.5642299
47.1813231,27.5667305
47.1793452,27.5684295
47.1766155,27.5707077
47.1748915,27.5721198
47.1726851,27.5740208
47.169605,27.5764523
47.1679668,27.5770436
47.1657332,27.5800252
47.1654226,27.5813584
47.1644636,27.5841532
47.1640787,27.5857625
47.1637542,27.5878692
47.1642437,27.59076
47.1638778,27.5925898
47.162046,27.5948976
47.1592204,27.5874947
47.1586053,27.5862215
47.1572568,27.5850337
47.1531382,27.5880074
47.1531612,27.588005
47.1510165,27.5870806
47.1494158,27.5857933
47.1486248,27.5849957
47.143725,27.5809924
47.1423635,27.5803597
47.139489,27.5788301
47.139031,27.5782265
47.1347596,27.5730927
47.1330264,27.5718403
47.1295357,27.5694139
47.1269998,27.5676562
47.1245586,27.5673387
47.1236228,27.5673849
47.1227591,27.5682394
47.1235002,27.5676971
47.1234996,27.5676966
47.1235003,27.5676974
47.1235011,27.5676958
47.1235004,27.5676955
47.1234978,27.5676934
47.1234964,27.5676931
47.1236787,27.5674615
47.1236814,27.5674481
47.1276322,27.5681447
47.1288205,27.5689539
47.1336279,27.5723146
47.1340271,27.5725329
47.1353043,27.5736033
47.1384809,27.5775906
47.1393539,27.5786932
47.1433596,27.5808094
47.1456954,27.5827059
47.1489119,27.5853932
47.1502683,27.5865442
47.1513304,27.587378
47.1528341,27.5882962
47.1573615,27.5850763
47.1590905,27.5873411
47.1593888,27.5880567
47.1606807,27.591436
47.1626469,27.5944878
47.1641603,27.5902011
47.1638925,27.5886928
47.1638891,27.586898
47.1646465,27.5840046
47.165561,27.5807027
47.1672109,27.577205
47.1701586,27.5761251
47.1742541,27.5726723
47.17553,27.571556
47.1784975,27.5691525
47.1809487,27.5670197
47.1835982,27.5647738
47.1859221,27.5628549
47.189352,27.5599615
47.1908981,27.559029
47.1909376,27.5588578
47.1906039,27.5583869
47.1905862,27.5584065
47.1905866,27.5584056
47.190589,27.558407
47.1905848,27.5584306
47.1905774,27.5584207
47.1905713,27.5584414
47.1905739,27.5584414
47.1904412,27.5584902
47.1877822,27.5612177
47.1858533,27.5629209
47.1827721,27.5655307
47.1804885,27.5674254
47.1776699,27.5698129
47.1749878,27.5720712
47.1740177,27.5728274
47.1732886,27.5734617
47.1695694,27.5764869
47.1671541,27.57723
47.1655598,27.5808503
47.1652848,27.5817683
47.1645983,27.5841088
47.1640684,27.5854659
47.163812,27.5875414
47.1641483,27.5903578
47.1640365,27.5923076
47.1627908,27.5943125
47.1613359,27.5935325
47.1596088,27.5882146
47.1589498,27.5869706
47.1566127,27.5849834
47.1534823,27.5876691
47.1526972,27.5882839
47.1505024,27.5866664
47.1491607,27.5855904
47.1435996,27.5808801
47.1425907,27.5803186
47.139674,27.578937
47.1390094,27.5781447
47.1368419,27.5754491
47.1330569,27.5719108
47.1315841,27.5708574
47.1290536,27.5690201
47.1245593,27.5673531
47.1244142,27.5673293
47.1226376,27.567918
47.1229404,27.5682679
47.1235029,27.5676447
47.1234972,27.5676268
47.123497,27.5676241
47.1235137,27.5675165
47.1234406,27.5675618
47.1234349,27.5675567
47.1234351,27.5675559
47.1235999,27.5674152
47.1235945,27.5673999
47.1280634,27.568322
47.1306003,27.5702051
47.1339847,27.5725823
47.1381648,27.5772329
47.1391447,27.5783948
47.1420505,27.580099
47.1446664,27.5817501
47.1482219,27.5847743
47.1502945,27.586515
47.151603,27.5875565
47.1547402,27.5863337
47.1581909,27.5856025
47.1592457,27.5875828
47.160126,27.5895488
47.1615032,27.5940732
47.1626662,27.5944695
47.1642312,27.5917436
47.1641337,27.5896512
47.1640734,27.5860602
47.1647059,27.583669
47.1655183,27.5809474
47.1658073,27.5798318
47.1686228,27.5768758
47.1696733,27.5764302
47.1728208,27.5738015
47.17493,27.5720415
47.1754532,27.5716037
47.1787221,27.5688498
47.1807209,27.5671808
47.182433,27.5657902
47.1838017,27.5646879
47.1857777,27.5628973
47.1873583,27.5616064
47.1908815,27.5591045
47.1906525,27.5584201
47.1906158,27.5584331
47.1906595,27.5583992
47.1906459,27.5584299
47.190586,27.5583995
47.1900387,27.5593569
47.1870839,27.5618634
47.1855574,27.5631339
47.1830388,27.5652823
47.1804747,27.5674873
47.1766896,27.5705421
47.1748875,27.5720818
47.1733632,27.5733978
47.169246,27.5766272
47.1672253,27.5772047
47.1655063,27.5809417
47.165063,27.5823309
47.1644631,27.5843607
47.1640705,27.5856868
47.1638295,27.5879484
47.1643196,27.5908771
47.1632831,27.593743
47.1620967,27.5947732
47.1609764,27.5921509
47.1596242,27.5881348
47.1588452,27.586666
47.1555402,27.5856377
47.1532799,27.5879603
