47.16794,27.58086
47.16792,27.58094
47.16781,27.58133
47.16779,27.5814
47.167570,27.582285
47.16735,27.58317
47.16733,27.58325
47.16716,27.58391
47.16689,27.58495
47.16679,27.58535
47.16656,27.58624
47.16647,27.58658
47.1663,27.58723
47.16626,27.5874
47.16606,27.58821
47.16594,27.5887
47.1659,27.58886
47.16573,27.5896
47.16568,27.58978
47.16551,27.59044
47.16472,27.59093
47.16464,27.59098
47.16455,27.59105
47.16452,27.59108
47.16445,27.59115
47.16437,27.59123
47.16435,27.59143
47.16425,27.59175
47.16416,27.59195
47.16375,27.59287
47.16373,27.5929
47.16361,27.59317
47.16358,27.59323
47.16345,27.5935
47.16333,27.59365
47.16271,27.59444
47.16239,27.59466
47.16198,27.59491
47.16191,27.59497
47.16178,27.59507
47.16169,27.59479
47.1616,27.59452
47.16155,27.59436
47.16154,27.59434
47.16152,27.59426
47.16131,27.59356
47.16102,27.59261
47.16098,27.59248
47.16072,27.59165
47.16058,27.59117
47.16037,27.59048
47.1602,27.58991
47.16017,27.58981
47.15995,27.58907
47.15989,27.58886
47.15982,27.5886
47.15942,27.58791
47.15933,27.58774
47.15899,27.58709
47.15883,27.58676
47.1586,27.58628
47.15854,27.58616
47.15848,27.58603
47.15834,27.58581
47.15797,27.58534
47.15769,27.58509
47.15745,27.58507
47.15689,27.58505
47.15662,27.58503
47.15654,27.58504
47.15644,27.58506
47.15635,27.5851
47.15604,27.58528
47.15594,27.58534
47.15583,27.5854
47.15561,27.58554
47.15554,27.58558
47.15544,27.58567
47.15541,27.58569
47.15538,27.58571
47.15495,27.58613
47.15484,27.58625
47.15481,27.58628
47.15478,27.58631
47.15472,27.58637
47.1545,27.58661
47.15426,27.58686
47.15419,27.58693
47.15402,27.58711
47.15389,27.58725
47.15371,27.58745
47.15348,27.58769
47.15346,27.5877
47.15315,27.58803
47.15311,27.58807
47.153,27.58818
47.15289,27.58827
47.15283,27.58831
47.15274,27.58835
47.15265,27.58822
47.15257,27.58818
47.15253,27.58817
47.15248,27.58814
47.15244,27.58811
47.1524,27.58809
47.15232,27.58803
47.15225,27.58797
47.15217,27.5879
47.1516,27.58738
47.15148,27.58722
47.15145,27.58718
47.15143,27.58713
47.15138,27.58709
47.15134,27.58705
47.15129,27.58702
47.15124,27.58701
47.15119,27.587
47.15114,27.58701
47.15109,27.58704
47.15102,27.58703
47.15098,27.58702
47.15095,27.587
47.15086,27.58694
47.15066,27.5868
47.15059,27.58674
47.1504,27.58658
47.15022,27.58642
47.14982,27.58609
47.14974,27.58602
47.14969,27.58598
47.14958,27.58589
47.14949,27.58581
47.14939,27.58573
47.14914,27.58552
47.14881,27.58524
47.14862,27.58508
47.1484,27.5849
47.14832,27.58483
47.14828,27.58479
47.147830,27.584385
47.14738,27.58398
47.14702,27.58364
47.14692,27.58356
47.145665,27.582505
47.14441,27.58145
47.14399,27.58116
47.14382,27.58107
47.14373,27.581
47.14362,27.58092
47.14352,27.58084
47.14339,27.58075
47.14338,27.58074
47.14319,27.58061
47.14299,27.5805
47.1427,27.58037
47.14267,27.58035
47.14259,27.58031
47.1423,27.58018
47.14224,27.58016
47.14197,27.58005
47.14162,27.57992
47.14155,27.57989
47.14115,27.57975
47.14064,27.57955
47.1404,27.57944
47.14015,27.57932
47.13992,27.57916
47.1399,27.57915
47.13971,27.57898
47.13957,27.57885
47.13937,27.57864
47.13927,27.57852
47.13918,27.57841
47.13906,27.57826
47.13889,27.57804
47.13878,27.5779
47.13853,27.57757
47.1384,27.57741
47.13831,27.57729
47.13815,27.57709
47.13806,27.57697
47.13786,27.57672
47.13757,27.57636
47.13747,27.57623
47.13736,27.5761
47.136980,27.575630
47.1366,27.57516
47.13649,27.57502
47.136140,27.574575
47.13579,27.57413
47.13553,27.57381
47.13527,27.57351
47.13494,27.57319
47.13467,27.57297
47.13446,27.57283
47.1343,27.57272
47.13409,27.57258
47.13398,27.5725
47.13338,27.57211
47.13337,27.5721
47.13319,27.57198
47.13264,27.57159
47.13208,27.57118
47.1315,27.57076
47.1314,27.57068
47.13111,27.57049
47.130650,27.570170
47.13019,27.56985
47.12941,27.56929
47.12924,27.56918
47.12917,27.56912
47.12904,27.56903
47.12885,27.56889
47.12875,27.56882
47.12859,27.5687
47.128170,27.568415
47.12775,27.56813
47.12709,27.56767
47.12683,27.5675
47.12656,27.56738
47.1264,27.56733
47.12617,27.56729
47.125090,27.567270
47.12401,27.56725
47.12377,27.56718
47.12328,27.56685
47.122740,27.566505
47.1222,27.56616
47.12208,27.56608
47.12194,27.56599
47.12173,27.56586
47.12125,27.56555
47.12119,27.56552
47.12113,27.56547
47.12103,27.56541
47.12095,27.56536
47.12032,27.56497
47.1195,27.56446
47.11948,27.56445
47.11925,27.5643
47.11887,27.56405
47.11837,27.56372
47.117825,27.563385
47.11728,27.56305
47.11722,27.563
47.11672,27.5627
47.11641,27.56251
47.11576,27.56211
47.115,27.56163
47.11488,27.56156
47.11419,27.56111
47.11406,27.56103
47.11399,27.56098
47.11368,27.56079
47.11339,27.56063
47.11327,27.56058
47.11315,27.56055
47.11302,27.56054
47.112560,27.560555
47.1121,27.56057
47.112,27.56055
47.11139,27.56012
47.11122,27.55999
47.11106,27.55987
47.11074,27.55961
47.11069,27.55957
47.11051,27.55943
47.11037,27.55932
47.11013,27.55913
47.10995,27.55905
47.1098,27.55904
47.10957,27.55909
47.109075,27.559245
47.10858,27.5594
47.10818,27.55951
47.10783,27.55956
47.106725,27.559585
47.10562,27.55961
47.10482,27.55962
47.10455,27.55963
47.10397,27.55965
47.10353,27.55966
47.102100,27.559700
47.10067,27.55974
47.1003,27.55973
47.10011,27.55972
47.098650,27.559375
47.09719,27.55903
47.09712,27.55902
47.09702,27.55899
47.09688,27.55894
47.096825,27.559625
47.09677,27.56031
47.09675,27.56062
47.09669,27.56119
