47.19053,27.55851
47.19049,27.55855
47.19044,27.55862
47.1904,27.55871
47.19032,27.55897
47.1902,27.55919
47.19016,27.55925
47.189740,27.559610
47.18932,27.55997
47.188920,27.560305
47.18852,27.56064
47.18816,27.56094
47.18803,27.56097
47.18791,27.56103
47.1878,27.56111
47.18769,27.56122
47.18759,27.56134
47.1875,27.56148
47.186985,27.561930
47.18647,27.56238
47.18624,27.56258
47.18619,27.56263
47.18607,27.56273
47.18595,27.56283
47.18538,27.56329
47.18479,27.5638
47.1846,27.56396
47.18438,27.56416
47.18431,27.56422
47.18417,27.56435
47.18397,27.56452
47.1837,27.56476
47.18357,27.56487
47.18348,27.56494
47.18327,27.56511
47.18314,27.56522
47.18242,27.56581
47.182005,27.566170
47.18159,27.56653
47.1815,27.56661
47.18138,27.5667
47.18112,27.56692
47.18097,27.56705
47.18094,27.56707
47.18089,27.56712
47.18057,27.56739
47.18043,27.56751
47.18025,27.56766
47.18023,27.56768
47.1798,27.56803
47.17923,27.56851
47.1791,27.56862
47.17904,27.56867
47.178425,27.569180
47.17781,27.56969
47.17706,27.57031
47.17675,27.57058
47.17598,27.57121
47.17584,27.57132
47.17576,27.57139
47.17574,27.57141
47.17562,27.57151
47.17555,27.57157
47.1755,27.57161
47.17538,27.57171
47.17506,27.572
47.175,27.57205
47.17497,27.57207
47.17473,27.57228
47.1745,27.57248
47.17442,27.57255
47.17403,27.57289
47.17371,27.57315
47.17353,27.57331
47.17329,27.57351
47.172725,27.573970
47.17216,27.57443
47.17141,27.57508
47.17109,27.57535
47.171,27.57542
47.17067,27.57561
47.17012,27.57601
47.16999,27.57609
47.16994,27.57612
47.16991,27.57614
47.16974,27.57619
47.16962,27.57621
47.16956,27.57625
47.1695,27.57634
47.16946,27.57644
47.16913,27.57665
47.16896,27.57678
47.16889,27.57679
47.16888,27.5768
47.16869,27.57685
47.16832,27.57693
47.16831,27.57694
47.16807,27.57699
47.16757,27.57711
47.16753,27.57712
47.16736,27.57718
47.1671,27.57726
47.16676,27.57748
47.1666,27.57756
47.16644,27.57752
47.16618,27.57851
47.16601,27.57913
47.16594,27.57939
47.16579,27.57992
47.16567,27.5804
47.16557,27.58074
47.16556,27.58077
47.16551,27.58097
47.16538,27.58143
47.16529,27.58174
47.165100,27.582395
47.16491,27.58305
47.16481,27.5834
47.16476,27.58357
47.16437,27.5847
47.16424,27.58514
47.16416,27.58543
47.16415,27.58548
47.164,27.58606
47.1639,27.58667
47.16388,27.58689
47.16385,27.58729
47.16382,27.58777
47.16381,27.58812
47.1638,27.58832
47.1639,27.58868
47.16398,27.58899
47.16406,27.58924
47.16412,27.58946
47.16417,27.58969
47.1642,27.58997
47.16421,27.59013
47.16425,27.59039
47.16427,27.59047
47.16431,27.59076
47.16432,27.59083
47.16433,27.59085
47.16434,27.59095
47.16437,27.59123
47.16435,27.59143
47.16425,27.59175
47.16416,27.59195
47.16375,27.59287
47.16373,27.5929
47.16361,27.59317
47.16358,27.59323
47.16345,27.5935
47.16333,27.59365
47.16271,27.59444
47.16239,27.59466
47.16198,27.59491
47.16191,27.59497
47.16178,27.59507
47.16169,27.59479
47.1616,27.59452
47.16155,27.59436
47.16154,27.59434
47.16152,27.59426
47.161270,27.593435
47.16102,27.59261
47.16098,27.59248
47.16072,27.59165
47.16058,27.59117
47.16037,27.59048
47.1602,27.58991
47.16017,27.58981
47.15995,27.58907
47.15982,27.5886
47.15942,27.58791
47.15933,27.58774
47.15919,27.58747
47.15899,27.58709
47.15883,27.58676
47.1586,27.58628
47.15854,27.58616
47.15848,27.58603
47.15834,27.58581
47.15797,27.58534
47.15769,27.58509
47.15745,27.58507
47.15689,27.58505
47.15662,27.58503
47.15654,27.58504
47.15644,27.58506
47.15635,27.5851
47.15604,27.58528
47.15594,27.58534
47.15583,27.5854
47.15561,27.58554
47.15554,27.58558
47.15544,27.58567
47.15541,27.58569
47.15538,27.58571
47.15495,27.58613
47.15484,27.58625
47.15481,27.58628
47.15478,27.58631
47.15472,27.58637
47.1545,27.58661
47.15426,27.58686
47.15419,27.58693
47.15402,27.58711
47.15389,27.58725
47.15371,27.58745
47.15348,27.58769
47.15346,27.5877
47.15315,27.58803
47.15311,27.58807
47.153,27.58818
47.15289,27.58827
47.15283,27.58831
47.15274,27.58835
47.15265,27.58822
47.15257,27.58818
47.15253,27.58817
47.15248,27.58814
47.15244,27.58811
47.1524,27.58809
47.15232,27.58803
47.15225,27.58797
47.15217,27.5879
47.1516,27.58738
47.15148,27.58722
47.15145,27.58718
47.15143,27.58713
47.15138,27.58709
47.15134,27.58705
47.15129,27.58702
47.15124,27.58701
47.15119,27.587
47.15114,27.58701
47.15109,27.58704
47.15102,27.58703
47.15098,27.58702
47.15095,27.587
47.15086,27.58694
47.15066,27.5868
47.15059,27.58674
47.1504,27.58658
47.15022,27.58642
47.14982,27.58609
47.14974,27.58602
47.14969,27.58598
47.14958,27.58589
47.14949,27.58581
47.14939,27.58573
47.14914,27.58552
47.14881,27.58524
47.14862,27.58508
47.1484,27.5849
47.14832,27.58483
47.14828,27.58479
47.147830,27.584385
47.14738,27.58398
47.14702,27.58364
47.14692,27.58356
47.145665,27.582505
47.14441,27.58145
47.14399,27.58116
47.14382,27.58107
47.14373,27.581
47.14362,27.58092
47.14352,27.58084
47.14339,27.58075
47.14338,27.58074
47.14319,27.58061
47.14299,27.5805
47.1427,27.58037
47.14267,27.58035
47.14259,27.58031
47.1423,27.58018
47.14224,27.58016
47.14197,27.58005
47.14162,27.57992
47.14155,27.57989
47.14115,27.57975
47.14064,27.57955
47.1404,27.57944
47.14015,27.57932
47.13992,27.57916
47.1399,27.57915
47.13971,27.57898
47.13957,27.57885
47.13937,27.57864
47.13927,27.57852
47.13918,27.57841
47.13906,27.57826
47.13889,27.57804
47.13878,27.5779
47.13853,27.57757
47.1384,27.57741
47.13831,27.57729
47.13815,27.57709
47.13806,27.57697
47.13786,27.57672
47.13757,27.57636
47.13747,27.57623
47.13736,27.5761
47.136980,27.575630
47.1366,27.57516
47.13649,27.57502
47.136140,27.574575
47.13579,27.57413
47.13553,27.57381
47.13527,27.57351
47.13494,27.57319
47.13467,27.57297
47.13446,27.57283
47.1343,27.57272
47.13409,27.57258
47.13398,27.5725
47.13338,27.57211
47.13337,27.5721
47.13319,27.57198
47.13264,27.57159
47.13208,27.57118
47.1315,27.57076
47.1314,27.57068
47.13111,27.57049
47.130650,27.570170
47.13019,27.56985
47.12941,27.56929
47.12924,27.56918
47.12917,27.56912
47.12904,27.56903
47.12885,27.56889
47.12875,27.56882
47.12859,27.5687
47.128170,27.568415
47.12775,27.56813
47.12709,27.56767
47.12683,27.5675
47.12656,27.56738
47.1264,27.56733
47.12617,27.56729
47.125090,27.567270
47.12401,27.56725
47.12391,27.56729
