47.1500937,27.5744725
47.1519293,27.5724039
47.1528701,27.5714143
47.1531069,27.5712213
47.1535554,27.5707203
47.1561751,27.5703897
47.1587092,27.5703997
47.1605828,27.5712321
47.1641544,27.5664511
47.1653613,27.563897
47.1684472,27.5582308
47.1693624,27.554086
47.1694724,27.549633
47.1694858,27.5456535
47.1695634,27.5405824
47.1695586,27.5405672
47.1695409,27.5405656
47.1695364,27.5405726
47.1695356,27.5405699
47.1695464,27.5405796
47.1695305,27.5405696
47.1695126,27.5405706
47.1695135,27.540571
47.1695139,27.5405715
47.1695239,27.5405651
47.1695238,27.5405693
47.1686857,27.5409485
47.1668715,27.5433202
47.1667825,27.5468492
47.1668909,27.5514486
47.166884,27.5551256
47.1668515,27.5570268
47.1639468,27.5633737
47.1622473,27.5666678
47.1603708,27.5700043
47.1593495,27.5705075
47.158142,27.5703964
47.157065,27.5704474
47.1558185,27.5704751
47.155093,27.5704481
47.1542543,27.5704151
47.1530225,27.5713044
47.1518237,27.5725607
47.1497109,27.5749819
47.1478109,27.5788012
47.1453844,27.5823393
47.1424077,27.5851857
47.1387823,27.5848689
47.136404,27.5815553
47.1347363,27.5772968
47.1341594,27.5732163
47.1341891,27.5729781
47.132731,27.5716551
47.1311281,27.5705492
47.1284917,27.5687403
47.1251206,27.5672337
47.1228682,27.5665748
47.1191247,27.5641975
47.1170114,27.5628539
47.1142951,27.5611893
47.1107023,27.5595354
47.1076023,27.5595837
47.1040119,27.5596873
47.1003188,27.5597896
47.096825,27.5591085
47.0966593,27.5621632
47.0965107,27.5665207
47.0964029,27.5642614
47.0964552,27.5638191
47.0964124,27.5637712
47.0963739,27.5637779
47.096487,27.5633178
47.0965199,27.5632926
47.0965055,27.563306
47.0964968,27.5633583
47.0965216,27.5633619
47.0965566,27.5633365
47.0965589,27.5633217
47.0965323,27.5633052
47.096546,27.5626235
47.0968884,27.5590553
47.1000354,27.5596864
47.10486,27.5596248
47.1083551,27.5594538
47.1103789,27.5592894
47.1131227,27.5605173
47.115623,27.5619944
47.117895,27.563409
47.1212889,27.5656252
47.1247473,27.5673159
47.1288676,27.5689678
47.1316103,27.5709221
47.1338277,27.5745378
47.134257,27.5763623
47.1354223,27.5794586
47.1369648,27.5829551
47.1396991,27.5853021
47.1445319,27.5834989
47.1463663,27.5807039
47.1484474,27.5769045
47.1508061,27.5736164
47.1520449,27.5722491
47.1531773,27.5709811
47.1559194,27.5703075
47.1578731,27.5703533
47.1601513,27.5705093
47.1612232,27.5714082
47.1635771,27.5675942
47.1641353,27.5663342
47.1644697,27.5656686
47.1669973,27.5604292
47.168847,27.5573161
47.1693493,27.5502998
47.1694565,27.5461582
47.1695077,27.540791
47.1695534,27.5405289
47.1695507,27.5405285
47.1695353,27.5405239
47.1695256,27.5405336
47.1695175,27.5405318
47.1695073,27.5404646
47.1695249,27.5405107
47.1695321,27.5405471
47.1695303,27.5405475
47.1692628,27.5401716
47.1675003,27.5424553
47.1667445,27.5453907
47.1668485,27.5507162
47.1668393,27.5532163
47.1668117,27.555239
47.1667914,27.5554853
47.1667524,27.5563788
47.1667213,27.5573222
47.164881,27.5613596
47.1632191,27.5645076
47.161935,27.5672357
47.1608676,27.5692024
47.1599824,27.5704016
47.159532,27.5705265
47.1587942,27.5705336
47.1585731,27.5705505
47.1570979,27.5704353
47.1558086,27.5704627
47.1550514,27.5705562
47.1542241,27.57051
47.1525054,27.5718257
47.1516683,27.5727029
47.1496418,27.5749875
47.1476717,27.578994
47.1451836,27.582527
47.1436365,27.584394
47.1406444,27.5855452
47.1363613,27.5815728
47.1347504,27.577304
47.1339702,27.5740487
47.1328672,27.5718173
47.1292034,27.5692462
47.1257578,27.5673611
47.1231075,27.5667402
47.1191584,27.5641402
47.1171081,27.5629129
47.1142796,27.561186
47.1112817,27.5600457
47.1099727,27.5590632
47.1054124,27.5596178
47.1006196,27.5597444
47.0971211,27.5589667
47.0966432,27.5620042
47.0962953,27.5661061
47.0964553,27.5664791
47.0964133,27.5664586
47.0964222,27.5641214
47.0964857,27.5638192
47.0964956,27.5638436
47.0965172,27.5638976
47.0964476,27.5638775
47.0965161,27.5635919
47.0965814,27.5622381
47.0971421,27.5589973
47.1005722,27.5597547
47.1052832,27.559652
47.1095779,27.5590567
47.1108747,27.5596835
47.1135739,27.5606708
47.1159931,27.5621705
47.1191238,27.5641833
47.1230421,27.5667187
47.1243139,27.5673053
47.1285522,27.5686626
47.130727,27.5702684
47.1341654,27.5727994
47.1337502,27.576187
47.1353402,27.5792161
47.1371552,27.5833095
47.1404736,27.5855064
47.1448354,27.5830812
47.1479895,27.5783637
47.1500642,27.5744448
47.1520082,27.5722524
47.1526339,27.5718292
47.1534255,27.5709788
47.1537385,27.5705397
47.1567701,27.5702448
47.1603814,27.5708112
47.1632297,27.5682984
47.1651784,27.564316
47.168363,27.55818
47.1692878,27.5548842
47.1693838,27.5517944
47.1694372,27.5460642
47.1695399,27.5408299
47.1695694,27.540857
47.1695701,27.5408579
47.1695685,27.5408559
47.1695659,27.5408524
47.1695868,27.5408493
47.1695925,27.5404532
47.1677692,27.5421067
47.1667573,27.5455619
47.1668513,27.551635
47.1668186,27.5564951
47.1654514,27.5601751
47.1631641,27.5646082
47.1618909,27.567259
47.1598836,27.5704984
47.1568441,27.5704475
47.1551129,27.5704838
47.1539958,27.5705276
47.1539447,27.5704614
47.1517238,27.572558
47.1501487,27.5744272
47.1484909,27.5773891
47.1469064,27.5800794
47.1444184,27.5836706
47.1410024,27.5854948
47.138506,27.5846686
47.1362747,27.5808878
47.134441,27.5770368
47.1341628,27.5726624
47.130349,27.5699459
47.127654,27.5680613
47.125235,27.5673108
47.11939,27.5643547
47.1169971,27.5628334
47.1128173,27.5605178
47.1108475,27.5596595
47.1070783,27.5595525
47.1026148,27.5596901
47.0982264,27.5592535
47.0966981,27.5614392
47.0964343,27.5651998
47.0964528,27.5664959
47.0963068,27.5655534
47.0965181,27.5635111
47.0965084,27.5635336
47.0965019,27.5635261
47.0968974,27.5591962
47.0981345,27.5592256
47.1030777,27.5597093
47.1065013,27.5596012
47.1106532,27.5595408
47.1139545,27.5609482
47.1170117,27.5629318
47.1195679,27.5645449
47.123685,27.567171
47.1287708,27.568848
47.1312283,27.570506
47.1341812,27.572912
47.1336887,27.5751403
47.1349541,27.5774642
47.1364645,27.5815476
47.1394581,27.5851154
47.1436185,27.5843833
47.1467928,27.5801953
47.1487148,27.5761129
47.1500756,27.574481
47.1520815,27.5722653
47.1533081,27.570928
47.1557689,27.570296
47.1600565,27.5703938
47.1621783,27.5701689
47.1644815,27.565682
47.1671043,27.5602135
47.169212,27.5562054
47.1693885,27.5496372
47.1694821,27.5431531
47.1694791,27.5407616
47.1695025,27.5407894
47.1694691,27.540825
47.169484,27.5408202
47.1695352,27.5407738
47.169474,27.5407787
47.1695171,27.5407918
47.1694833,27.5407928
47.1694924,27.5406417
47.1685005,27.5411257
47.1667257,27.5446271
47.1667708,27.5499234
47.166812,27.553756
47.1667895,27.5568828
47.1638356,27.5633756
47.1621782,27.5666486
47.1613608,27.5683595
47.1599793,27.5704403
47.1566117,27.570431
47.1545284,27.5704938
47.1525183,27.5717801
47.1506652,27.573742
47.148764,27.5760656
47.14701,27.5799555
47.1445913,27.5833684
47.1407417,27.5855147
47.1372801,27.5834837
47.1352591,27.5788598
47.1339893,27.5749142
47.1447178,27.5832638
47.1479683,27.5783731
47.151537,27.5728464
47.1533633,27.602875
47.1533477,27.6028689
47.1723316,27.5377553
47.1722679,27.5377567
47.1722914,27.5377528
47.1722918,27.5377529
47.1722941,27.5377543
47.1722808,27.5377347
47.1722822,27.5377338
47.1722886,27.5377441
47.1728734,27.53925
47.1732448,27.5446756
47.1732924,27.5454259
47.1735061,27.5494379
47.1735149,27.5502519
47.1726048,27.5561801
47.170994,27.5613487
47.1684681,27.566525
47.1678674,27.5676621
47.1673618,27.5686508
47.1664765,27.5701953
47.1659292,27.5711169
47.1645117,27.5720136
47.1614217,27.5732124
47.1589885,27.5741666
47.1563363,27.5740721
47.1541924,27.5735097
47.1517701,27.5752064
47.1505414,27.5769149
47.1499141,27.5777701
47.1493462,27.5786911
47.1469379,27.5822758
47.1462914,27.5839196
47.1460222,27.5883966
47.1466007,27.5909195
47.1466403,27.5929285
47.1454333,27.5944037
47.1413238,27.6002031
47.1392329,27.6033438
47.137796,27.6055064
47.1367451,27.6070806
47.1345839,27.61028
47.1321052,27.6130076
47.1292978,27.6150001
47.1263261,27.6177726
47.1236474,27.6223939
47.1212972,27.6253727
47.1190002,27.6299032
47.1165482,27.6319274
47.1165842,27.6321654
47.1166657,27.6321339
47.1166485,27.6321322
47.116615,27.6320932
47.1166741,27.6320482
47.116693,27.6320645
47.1166944,27.632065
47.1166915,27.6320357
47.1167122,27.6320773
47.1178954,27.6316278
47.1211219,27.6256662
47.1242101,27.6215197
47.1244835,27.6210566
47.1287198,27.6154862
47.131115,27.6135027
47.1341652,27.6108817
47.1349698,27.6097734
47.1353704,27.6091391
47.1356553,27.6086824
47.1387202,27.6041354
47.1414355,27.6001619
47.1421272,27.5991425
47.1436166,27.5968638
47.1450415,27.5948836
47.1460875,27.5937146
47.1469266,27.5925247
47.1464797,27.5904371
47.1460553,27.5875979
47.1474248,27.5818312
47.1485822,27.5799958
47.1491525,27.5789391
47.1506183,27.5770018
47.15613,27.5742335
47.1579403,27.5750995
47.1604189,27.5731782
47.1613118,27.5733545
47.1643542,27.5721284
47.1657456,27.5713282
47.1662623,27.5709487
47.1674663,27.5687854
47.1675491,27.5685506
47.1704071,27.5628805
47.1715963,27.5602446
47.1730612,27.5539779
47.1734538,27.5523049
47.1735915,27.5510423
47.1733593,27.5472499
47.1732649,27.5449404
47.17324,27.5435965
47.1731643,27.5429031
47.1730451,27.5415052
47.1729687,27.5407264
47.1724531,27.5366795
47.1727505,27.5293368
47.1724722,27.5195905
47.1728916,27.5132336
47.1722947,27.5096336
47.1691389,27.512079
47.1674717,27.5141228
47.1690885,27.5142004
47.169342,27.5119482
47.1714655,27.5093045
47.1727852,27.5122606
47.172435,27.5201084
47.1722698,27.5300336
47.1725803,27.5369857
47.1730786,27.5411966
47.1734706,27.5478415
47.1735074,27.5518127
47.1718213,27.5595509
47.1693643,27.5648375
47.1663347,27.5703417
47.1663296,27.5703431
47.1623682,27.5731559
47.1574389,27.5748437
47.1553831,27.5792598
47.1524526,27.5856917
47.1516429,27.5872468
47.1512666,27.5888296
47.1530702,27.5972652
47.1537766,27.6035761
47.1527558,27.6033122
47.1528415,27.6032837
47.1528733,27.6032985
47.1528727,27.6032981
47.1528726,27.6032982
47.1528724,27.6032965
47.1532338,27.603247
47.1532556,27.6024521
47.1532771,27.6024702
47.1532897,27.6024746
47.1532895,27.6024752
47.1532369,27.6025212
47.153237,27.6025212
47.153237,27.6025205
47.1532381,27.6025195
47.1532383,27.6025167
47.1532395,27.6025139
47.1532405,27.602512
47.1532413,27.6025105
47.1532416,27.6025095
47.1532911,27.6024756
47.1532951,27.6024752
47.1532971,27.602464
47.1532711,27.6024892
47.153321,27.602474
47.1533174,27.6024193
47.1533057,27.6024374
47.1533043,27.602438
47.1533034,27.6024387
47.1533326,27.6024615
47.1532877,27.6024828
47.1532635,27.6024766
47.1532638,27.6024765
47.1532567,27.6024794
47.1532572,27.6024792
47.1532581,27.6024789
47.1532578,27.6024801
47.1532581,27.6024808
47.1532585,27.6024813
47.1532593,27.6024805
47.1532603,27.6024793
47.1532641,27.6024763
47.1532681,27.602472
47.153271,27.6024696
47.1532702,27.6024699
47.1532677,27.6024711
47.1532675,27.6024713
47.1532673,27.6024715
47.1532673,27.6024717
47.1532734,27.6024669
47.1532788,27.602452
47.1532777,27.6024524
47.1532764,27.6024518
47.1532748,27.6024512
47.153274,27.602451
47.1532739,27.6024512
47.1532732,27.602452
47.1532728,27.6024519
47.1532727,27.6024513
47.1532573,27.6024472
47.1532566,27.6024484
47.1532564,27.6024494
47.1532561,27.6024503
47.1532554,27.602451
47.1532554,27.6024514
47.153255,27.602452
47.153255,27.6024519
47.1532549,27.6024508
47.1532543,27.6024511
47.1532545,27.6024505
47.1532548,27.6024498
47.153255,27.6024497
47.1532552,27.6024512
47.1532551,27.6024517
47.1532551,27.6024516
47.153239,27.6024628
47.1532392,27.6024621
47.1532392,27.6024629
47.1532327,27.6024615
47.153232,27.6024607
47.1532314,27.6024598
47.1532306,27.6024595
47.1532306,27.6024607
47.1532567,27.602471
47.1532618,27.6024716
47.1532408,27.6024753
47.1532353,27.602481
47.1532358,27.6024791
47.1532364,27.6024777
47.1532149,27.6024779
47.1532155,27.6024777
47.1532168,27.602477
47.1533253,27.602468
47.1532634,27.6024743
47.1532631,27.6024739
47.1532656,27.6024996
47.1532669,27.6024982
47.1532674,27.602497
47.1532681,27.6024956
47.1532679,27.6024951
47.1532677,27.6024948
47.1532687,27.6024948
47.1532688,27.6024941
47.1532691,27.6024937
47.153269,27.6024936
47.153269,27.6024934
47.15327,27.6024925
47.1532707,27.6024918
47.1532709,27.6024915
47.1532718,27.6024912
47.1532721,27.6024896
47.1532723,27.6024886
47.1532746,27.6024873
47.1532745,27.6024861
47.1532687,27.6024481
47.1532701,27.6024475
47.1532701,27.6024472
47.1532712,27.6024469
47.1532719,27.6024468
47.1532719,27.6024454
47.1532719,27.6024448
47.1532718,27.6024442
47.1532732,27.6024437
47.1532731,27.602444
47.1532721,27.6024436
47.1532725,27.6024436
47.1532724,27.6024434
47.1532735,27.6024437
47.1532745,27.6024436
47.1532752,27.6024438
47.1532754,27.6024431
47.1532754,27.6024426
47.1532752,27.6024427
47.1532755,27.6024424
47.1532762,27.6024428
47.1532765,27.6024428
47.153276,27.6024427
47.1532758,27.6024428
47.1532754,27.6024425
47.1532748,27.6024427
47.1532733,27.6024429
47.1532728,27.6024427
47.1532725,27.6024423
47.1532724,27.6024425
47.1532719,27.6024423
47.1532717,27.6024423
47.1532714,27.6024422
47.1532717,27.6024418
47.1532718,27.6024424
47.1532652,27.6024516
47.1532652,27.6024512
47.1532472,27.6024579
47.1532471,27.6024575
47.1532474,27.6024571
47.1532475,27.6024568
47.1532483,27.6024573
47.1532488,27.6024572
47.1532499,27.6024575
47.1532503,27.6024587
47.1532501,27.6024596
47.1532504,27.6024597
47.1532514,27.60246
47.1532515,27.60246
47.1532511,27.6024612
47.1532509,27.6024606
47.1532508,27.6024602
47.1532509,27.6024597
47.1532506,27.6024596
47.1532511,27.6024594
47.1532508,27.6024594
47.1532507,27.6024593
47.1532509,27.6024591
47.1532512,27.6024583
47.1532522,27.6024594
47.1532421,27.6024679
47.1532416,27.6024686
47.1532603,27.6024675
47.1532602,27.6024652
47.1532606,27.6024639
47.1532611,27.6024627
47.1532612,27.6024622
47.1532606,27.6024611
47.1532601,27.6024594
47.1532598,27.6024587
47.1532603,27.602458
47.1533301,27.6024874
47.1533333,27.6024883
47.1533331,27.6024901
47.1533509,27.602498
47.1533507,27.6024968
47.1533463,27.6024978
47.1533428,27.6024982
47.15334,27.6025003
47.153342,27.6025034
47.1533417,27.6025039
47.1533403,27.602507
47.1533337,27.6025069
47.1533301,27.6025064
47.1533228,27.6025043
47.1533199,27.6025023
47.1533172,27.6024997
47.1533125,27.6024988
47.1533077,27.6024976
47.1533059,27.6024957
47.1533045,27.6024952
47.1533034,27.6024948
47.1533047,27.6024931
47.1533044,27.6024917
47.1532962,27.6024962
47.1532934,27.6024955
47.1532939,27.6024948
47.1532947,27.6024951
47.1532951,27.6024955
47.1532913,27.6024932
47.1532908,27.6024923
47.153291,27.6024921
47.153291,27.602492
47.1532905,27.6024922
47.1532856,27.6025227
47.1532856,27.6025237
47.1532859,27.6025244
47.1532836,27.6025241
47.153261,27.6025019
47.1532644,27.6025028
47.1532652,27.602506
47.1532616,27.6025232
47.1532233,27.6025018
47.1532221,27.6025007
47.1532302,27.6025037
47.1532261,27.6024988
47.1532334,27.6024933
47.1532336,27.6024929
47.1532344,27.6024919
47.1532354,27.602491
47.153235,27.6024915
47.1532345,27.6024885
47.1532359,27.6024862
47.1532367,27.6024852
47.1532382,27.6024861
47.1532395,27.6024856
47.1532777,27.6024594
47.1532837,27.6024352
47.1532566,27.6024809
47.153258,27.6024848
47.1532592,27.6024854
47.1532591,27.6024851
47.1532724,27.6024756
47.1532736,27.6024751
47.1532779,27.6024659
47.1532769,27.6024662
47.1532764,27.6024672
47.1532681,27.6024719
47.1532674,27.602473
47.1532663,27.6024729
47.1532657,27.6024721
47.1532656,27.6024716
47.1532648,27.6024724
47.153265,27.6024723
47.1532658,27.6024713
47.1532658,27.6024713
47.1532655,27.6024712
47.1532661,27.6024711
47.153266,27.6024718
47.1532654,27.602473
47.1532652,27.6024732
47.1532653,27.6024731
47.1532649,27.6024733
47.1532659,27.6024731
47.1532663,27.6024734
47.153266,27.6024739
47.1532659,27.6024745
47.1532659,27.6024748
47.1532658,27.6024749
47.1532656,27.602475
47.1532655,27.6024746
47.1532647,27.6024747
47.1532653,27.6024738
47.1532662,27.6024731
47.1532676,27.6024732
47.1532677,27.6024734
47.1532684,27.6024733
47.1532692,27.6024724
47.1532695,27.6024724
47.15327,27.6024728
47.1532699,27.6024738
47.1532689,27.6024753
47.1532681,27.6024771
47.1532684,27.6024778
47.1532688,27.6024779
47.1532687,27.6024779
47.153268,27.6024786
47.1532673,27.6024798
47.1532665,27.6024855
47.1532699,27.6025066
47.1532359,27.6024782
47.1532361,27.6024787
47.1532356,27.6024782
47.1532347,27.6024794
47.1532334,27.6024792
47.1532321,27.6024812
47.1532322,27.6024819
47.1532317,27.6024823
47.1532319,27.6024827
47.1532317,27.6024831
47.1532319,27.602485
47.1532318,27.6024854
47.1532322,27.6024861
47.1532323,27.6024872
47.153231,27.6024892
47.1532311,27.6024885
47.1532318,27.6024886
47.1532313,27.6024896
47.1532309,27.6024894
47.1532314,27.6024896
47.153232,27.6024898
47.1532328,27.6024906
47.1532329,27.6024911
47.1532329,27.6024917
47.1532341,27.6024925
47.1532344,27.6024941
47.1532348,27.6024948
47.1532342,27.6024952
47.1532334,27.6024954
47.1532335,27.6024959
47.1532335,27.6024969
47.1532333,27.6024984
47.1532334,27.6024998
47.1532337,27.6025017
47.153234,27.6025033
47.1532351,27.6025055
47.1532351,27.6025065
47.1532356,27.602507
47.1532353,27.6025082
47.1532342,27.6025078
47.1532336,27.6025069
47.1532334,27.6025077
47.1532335,27.6025069
47.1532336,27.6025062
47.1532335,27.6025061
47.1532546,27.6024893
47.1532554,27.6024892
47.1532576,27.6024907
47.1532581,27.6024908
47.1532604,27.6024915
47.1532578,27.6024773
47.1532562,27.6024827
47.1532555,27.6024868
47.1532555,27.6024864
47.1532566,27.6024846
47.153258,27.6024833
47.153259,27.6024829
47.1532596,27.6024823
47.153253,27.6024828
47.1532235,27.6024713
47.1532254,27.6024702
47.1532264,27.602471
47.1532294,27.6024738
47.1532303,27.6024751
47.1532304,27.6024761
47.1532318,27.6024749
47.1532342,27.6024755
47.1532338,27.6024778
47.1532343,27.6024795
47.1532355,27.6024797
47.153236,27.602481
47.1532366,27.6024815
47.1532376,27.6024793
47.1532529,27.602458
47.1532492,27.6024567
47.153249,27.6024573
47.153249,27.602457
47.153249,27.6024579
47.1532486,27.6024604
47.1532481,27.6024625
47.1532476,27.6024644
47.1532471,27.6024662
47.1532471,27.6024676
47.1532476,27.6024676
47.1532477,27.6024669
47.153247,27.6024669
47.1532464,27.602467
47.1532451,27.6024671
47.1532441,27.6024666
47.1532439,27.6024669
47.1532429,27.6024396
47.1532419,27.6024404
47.1532409,27.6024399
47.1532404,27.6024399
47.1532403,27.6024404
47.1532403,27.6024417
47.1532416,27.6024426
47.153242,27.6024422
47.1532412,27.602442
47.1532404,27.6024424
47.15324,27.6024425
47.1532402,27.6024435
47.1532407,27.6024441
47.1532401,27.6024449
47.1532394,27.602446
47.1532385,27.6024473
47.1532388,27.6024478
47.1532388,27.6024482
47.1532383,27.6024491
47.1532381,27.6024494
47.1532378,27.60245
47.1532375,27.6024508
47.1532375,27.6024515
47.153238,27.6024519
47.1532385,27.6024517
47.1532386,27.6024517
47.1532384,27.6024521
47.1532368,27.6024446
47.1532366,27.6024446
47.1532365,27.6024448
47.1532364,27.6024449
47.1532201,27.6024557
47.1532757,27.602438
47.1532804,27.6024355
47.153281,27.6024349
47.153319,27.6024284
47.1533153,27.602442
47.153315,27.6024422
47.153315,27.6024424
47.1533156,27.6024429
47.1533154,27.6024428
47.1533142,27.6024431
47.1533129,27.6024439
47.1533126,27.6024443
47.1533105,27.6024466
47.1533083,27.6024493
47.1533056,27.6024522
47.1533157,27.6024528
47.153316,27.6024549
47.1533148,27.602458
47.1533155,27.6024586
47.1533157,27.6024598
47.153315,27.60246
47.1533149,27.6024599
47.153315,27.6024605
47.1533153,27.602461
47.1533152,27.6024619
47.1533141,27.6024625
47.1533138,27.6024631
47.1533126,27.6024652
47.1533406,27.6025005
47.1533115,27.6025001
47.1533114,27.6025001
47.1533082,27.602501
47.1533071,27.6025018
47.1533071,27.6025024
47.1533068,27.6025021
47.1533039,27.6025024
47.1533013,27.6025038
47.1532999,27.6025051
47.153294,27.6025062
47.1532933,27.6025056
47.1532898,27.6025064
47.1532885,27.6025076
47.1532899,27.6025085
47.153292,27.6025098
47.1532894,27.6025119
47.1533118,27.6025194
47.1533156,27.6025206
47.1533149,27.6025222
47.1533129,27.6025224
47.1533039,27.6025246
47.1532997,27.6025223
47.1532929,27.6025224
47.153294,27.6025202
47.1525636,27.6015728
47.1525641,27.601571
47.1525645,27.6015703
47.1525645,27.6015704
47.1525651,27.6015703
47.1525779,27.6015856
47.1525781,27.601585
