47.1532967,27.6022278
47.1532996,27.6022271
47.1533,27.6022285
47.1533001,27.602229
47.1532999,27.60223
47.1532998,27.6022307
47.1533001,27.6022312
47.1533004,27.6022306
47.1533002,27.6022306
47.1532999,27.6022309
47.1533002,27.6022309
47.1533005,27.6022307
47.1533005,27.6022309
47.1533009,27.6022304
47.1533011,27.60223
47.1533013,27.6022296
47.1533015,27.6022295
47.1533016,27.6022292
47.1533018,27.6022289
47.1533018,27.602229
47.1533018,27.6022289
47.1533016,27.6022294
47.1533015,27.6022299
47.1533015,27.6022299
47.1533014,27.6022305
47.1533013,27.6022308
47.1533013,27.6022314
47.1533015,27.6022317
47.1533019,27.6022313
47.1533023,27.6022314
47.1533023,27.6022318
47.1533024,27.6022323
47.1533026,27.6022327
47.1533027,27.6022327
47.1533027,27.6022328
47.1533027,27.6022331
47.1533027,27.6022332
47.1533026,27.6022332
47.1533024,27.6022337
47.1533024,27.6022336
47.1533024,27.6022337
47.1533022,27.6022337
47.1533021,27.6022338
47.153302,27.6022337
47.1533021,27.6022333
47.1533021,27.6022335
47.1533023,27.6022337
47.1533023,27.6022339
47.1533023,27.6022338
47.153302,27.6022339
47.153301,27.6022347
47.153301,27.6022346
47.1533008,27.6022347
47.1533008,27.6022345
47.1533009,27.6022342
47.1533009,27.6022341
47.153301,27.6022341
47.1533008,27.6022341
47.1533006,27.6022344
47.1533005,27.6022345
47.1533003,27.6022342
47.1533003,27.6022344
47.1533002,27.6022346
47.1533003,27.6022347
47.1533004,27.6022349
47.1533005,27.6022351
47.1533007,27.602235
47.1533007,27.602235
47.1533005,27.6022352
47.1533006,27.6022352
47.1533006,27.6022352
47.1533007,27.6022352
47.1533007,27.6022353
47.1533008,27.6022353
47.1533009,27.6022352
47.1533011,27.6022352
47.1533012,27.6022352
47.1533011,27.6022353
47.153301,27.6022353
47.1533008,27.6022352
47.1533008,27.6022352
47.1533007,27.6022352
47.1533008,27.6022353
47.1533008,27.6022353
47.1533008,27.6022353
47.153301,27.6022353
47.153301,27.6022354
47.1533011,27.6022354
47.1533013,27.6022353
47.1533014,27.6022353
47.1533015,27.6022353
47.1533014,27.6022354
47.1533013,27.6022355
47.1533012,27.6022356
47.1533012,27.6022356
47.1533012,27.6022356
47.1533013,27.6022355
47.1533013,27.6022355
47.1533014,27.6022355
47.1533014,27.6022354
47.1533014,27.6022355
47.1533013,27.6022358
47.1533014,27.602236
47.1533015,27.6022363
47.1533015,27.6022365
47.1533015,27.6022367
47.1533015,27.6022367
47.1533015,27.6022369
47.1533015,27.602237
47.1533017,27.6022371
47.153301,27.6022379
47.153301,27.6022379
47.1533011,27.602238
47.1533011,27.602238
47.1533011,27.602238
47.153301,27.6022379
47.1533011,27.602238
47.1533011,27.6022382
47.153301,27.6022386
47.1533004,27.6022386
47.1533004,27.6022385
47.1533004,27.6022384
47.1533004,27.6022384
47.1533004,27.6022384
47.1533004,27.6022383
47.1533003,27.6022383
47.1533002,27.6022383
47.1533001,27.6022383
47.1532999,27.6022384
47.1532998,27.6022384
47.1532997,27.6022383
47.1532997,27.6022382
47.1532996,27.6022383
47.1532996,27.6022382
47.1532996,27.6022382
47.1532996,27.6022382
47.1532997,27.6022383
47.1532996,27.6022381
47.1532996,27.6022381
47.1532996,27.6022379
47.1532996,27.6022379
47.1532996,27.6022379
47.1532996,27.6022379
47.1532995,27.6022378
47.1532995,27.6022379
47.1532995,27.6022379
47.1532994,27.6022378
47.1532993,27.6022377
47.153299,27.6022379
47.1532989,27.6022379
47.1532987,27.6022378
47.1532986,27.6022378
47.1532984,27.6022377
47.1532984,27.6022376
47.1532984,27.6022375
47.1532984,27.6022375
47.1532986,27.6022373
47.1532986,27.6022372
47.1532986,27.6022371
47.1532984,27.602237
47.1532969,27.6022108
47.1532961,27.6022076
47.1532957,27.6022074
47.1532953,27.6022072
47.1532951,27.6022077
47.1532948,27.6022074
47.1532945,27.6022071
47.153283,27.6022199
47.153293,27.6022017
47.1532945,27.6022054
47.1532944,27.6022069
47.1532945,27.6022082
47.1532946,27.6022091
47.1532944,27.6022106
47.1532948,27.6022119
47.1532944,27.6022131
47.1532945,27.6022132
47.1532939,27.6022135
47.1532937,27.6022139
47.1532929,27.6022148
47.1532918,27.6022364
47.1532922,27.6022364
47.1532924,27.6022366
47.1532922,27.6022369
47.1532919,27.6022369
47.1532914,27.6022368
47.1532907,27.602237
47.15329,27.6022375
47.1532894,27.6022377
47.1532891,27.6022378
47.1532889,27.6022375
47.1532883,27.6022375
47.1532877,27.602238
47.1532876,27.6022378
47.1532869,27.6022381
47.1532864,27.6022382
47.1532862,27.6022383
47.153286,27.6022384
47.1532859,27.6022384
47.1532857,27.6022379
47.1532857,27.6022378
47.1532856,27.6022377
47.1532857,27.6022377
47.1532857,27.6022374
47.1532857,27.6022371
47.1532855,27.6022367
47.1532852,27.6022364
47.1532853,27.6022362
47.1532853,27.6022361
47.1532853,27.6022358
47.1532855,27.6022357
47.1532855,27.6022357
47.1532854,27.6022359
47.1532854,27.6022359
47.1532855,27.6022357
47.1532857,27.6022353
47.1532858,27.6022351
47.153286,27.6022347
47.1532862,27.6022343
47.153286,27.602234
47.153286,27.6022339
47.153286,27.602234
47.1532863,27.6022339
47.1532861,27.6022336
47.1532861,27.6022336
47.1532861,27.6022333
47.1532861,27.6022333
47.1532862,27.602233
47.1532868,27.6022321
47.1532878,27.6022312
47.1532879,27.6022306
47.153288,27.6022302
47.1532882,27.6022296
47.1532883,27.6022291
47.1532883,27.6022287
47.1532882,27.6022284
47.1532883,27.6022281
47.1532884,27.6022277
47.1532889,27.6022271
47.1532893,27.6022265
47.1532894,27.6022263
47.1532895,27.6022262
47.1532896,27.6022262
47.1532901,27.6022262
47.1532901,27.6022262
47.1532903,27.6022262
47.1532904,27.602226
47.1532904,27.6022261
47.1532907,27.6022261
47.1532909,27.6022263
47.153291,27.6022258
47.1532914,27.6022255
47.1532918,27.6022253
47.1532917,27.6022252
47.1532915,27.6022253
47.1532916,27.6022253
47.1532915,27.6022252
47.1532914,27.6022252
47.1532914,27.6022253
47.1532895,27.6022245
47.1532894,27.6022243
47.1532893,27.6022243
47.1532894,27.6022243
47.1532894,27.6022243
47.1532894,27.6022243
47.1532894,27.6022243
47.1532893,27.6022244
47.1532893,27.6022245
47.1532894,27.6022245
47.1533261,27.6022076
47.1533249,27.6022076
47.1533236,27.6022085
47.1533219,27.6022085
47.1533213,27.6022078
47.1533206,27.6022068
47.1533195,27.6022067
47.153318,27.6022065
47.153317,27.6022058
47.1533162,27.602205
47.1533149,27.6022046
47.153314,27.602205
47.1533131,27.6022047
47.1533123,27.6022045
47.1533119,27.6022042
47.1533118,27.6022044
47.1533111,27.6022047
47.1533106,27.6022053
47.1533104,27.6022055
47.1533102,27.602205
47.1533097,27.6022049
47.1533094,27.602205
47.1533094,27.6022046
47.1533087,27.6022045
47.1533083,27.6022045
47.153308,27.6022044
47.1533076,27.6022043
47.1533072,27.6022042
47.153307,27.6022039
47.1533066,27.602204
47.1533063,27.6022045
47.153306,27.6022049
47.1533057,27.602205
47.1533053,27.602205
47.1533047,27.6022052
47.1533043,27.6022052
47.153304,27.6022051
47.1533034,27.6022051
47.1533031,27.6022047
47.1533028,27.6022044
47.1533027,27.602204
47.1533026,27.6022041
47.1533024,27.6022041
47.1533021,27.602204
47.1533018,27.602204
47.1533017,27.6022038
47.1532958,27.6021934
47.1532956,27.6021936
47.1532955,27.6021939
47.1533079,27.6022409
47.1533073,27.6022408
47.1532938,27.6022325
47.1532944,27.6022328
47.1532944,27.6022334
47.1532943,27.602234
47.1533019,27.6022315
47.1533176,27.6022242
47.1533169,27.6022252
47.1533162,27.6022262
47.1533159,27.6022272
47.1533158,27.6022278
47.1533155,27.6022291
47.1533151,27.6022304
47.1533152,27.6022314
47.1533148,27.6022315
47.1533144,27.6022319
47.1533045,27.6022334
47.1533039,27.6022335
47.1533037,27.6022334
47.1533033,27.6022338
47.1533028,27.6022344
47.1533028,27.602234
47.1533026,27.6022333
47.1533026,27.6022327
47.1533019,27.6022334
47.1533019,27.6022342
47.1533023,27.6022343
47.1533028,27.6022344
47.1533031,27.6022352
47.1533035,27.6022361
47.1532918,27.6022296
47.1532919,27.6022311
47.1532915,27.6022329
47.1532915,27.6022344
47.1532941,27.602236
47.153295,27.6022409
47.1532954,27.6022443
47.1532956,27.6022429
47.1532957,27.6022437
47.1532967,27.602245
47.1532973,27.6022454
47.1532974,27.6022451
47.1532975,27.6022442
47.1532977,27.6022437
47.1532984,27.602243
47.1532987,27.6022425
47.1532989,27.6022425
47.153299,27.602243
47.1532987,27.6022433
47.1532983,27.6022434
47.1532986,27.602244
47.1532987,27.6022446
47.1532991,27.6022448
47.1532995,27.6022444
47.1532998,27.6022439
47.1533002,27.6022442
47.1533003,27.6022444
47.1533002,27.6022447
47.1533002,27.6022459
47.1532987,27.6022536
47.1532983,27.6022545
47.1532985,27.6022559
47.1532984,27.6022566
47.1532982,27.602257
47.1532983,27.6022573
47.153298,27.6022581
47.1532979,27.6022582
47.1532974,27.6022585
47.1532971,27.602259
47.1532973,27.602259
47.1532975,27.6022587
47.1532976,27.6022586
47.1532976,27.6022582
47.1532976,27.6022579
47.1532977,27.6022583
47.1532977,27.6022591
47.1532978,27.6022597
47.1532979,27.6022601
47.1532981,27.6022602
47.1532979,27.6022598
47.1532977,27.6022595
47.1532978,27.6022591
47.1532978,27.6022588
47.1532978,27.6022592
47.153298,27.6022598
47.1532981,27.6022607
47.153298,27.6022605
47.1532981,27.6022604
47.1532982,27.6022602
47.1532982,27.6022603
47.1532982,27.6022605
47.1532981,27.6022605
47.153298,27.6022604
47.1532977,27.6022602
47.1532972,27.60226
47.1532972,27.6022601
47.1532973,27.6022599
47.1532974,27.6022599
47.1532976,27.60226
47.1532975,27.6022599
47.1532974,27.60226
47.1532973,27.60226
47.1532976,27.6022598
47.1532979,27.6022594
47.1532981,27.602259
47.1532984,27.6022592
47.1532986,27.6022593
47.1532987,27.6022595
47.153299,27.6022594
47.153299,27.6022591
47.1532991,27.6022589
47.1532993,27.6022588
47.1532994,27.6022586
47.1532991,27.6022585
47.1532992,27.6022583
47.1532988,27.6022581
47.1533024,27.6022567
47.1533025,27.6022564
47.1533026,27.602256
47.1533027,27.6022558
47.1533028,27.6022556
47.1533031,27.6022552
47.1533032,27.602255
47.1533032,27.6022549
47.1533027,27.6022554
47.1533025,27.6022554
47.1533025,27.6022556
47.1533029,27.6022553
47.1533028,27.6022552
47.1533027,27.6022547
47.1533028,27.6022545
47.1533029,27.6022542
47.1533029,27.602254
47.1533029,27.6022538
47.1533031,27.6022535
47.153303,27.6022534
47.1533029,27.6022532
47.1533029,27.6022529
47.1533029,27.6022527
47.1533029,27.6022526
47.1533028,27.6022525
47.1533028,27.6022523
47.153303,27.602252
47.1533033,27.6022518
47.1533035,27.6022517
47.1533038,27.6022513
47.1533038,27.6022513
47.1533041,27.602251
47.1533042,27.6022509
47.1533044,27.6022506
47.1533044,27.6022503
47.1533044,27.6022502
47.1533045,27.6022501
47.1533046,27.6022501
47.1533047,27.60225
47.1533047,27.60225
47.1533047,27.6022498
47.1533048,27.6022497
47.1533049,27.6022496
47.1533049,27.6022495
47.1533049,27.6022493
47.153305,27.6022493
47.1533052,27.6022493
47.1533053,27.6022493
47.1533053,27.6022494
47.1533054,27.6022493
47.1533053,27.6022496
47.1533054,27.6022497
47.1533054,27.6022496
47.1533055,27.6022495
47.1533054,27.6022494
47.1533055,27.6022495
47.1533054,27.6022494
47.1533052,27.6022494
47.1533052,27.6022493
47.1533052,27.6022494
47.1533051,27.6022495
47.1533051,27.6022494
47.1533051,27.6022491
47.1533051,27.6022489
47.153305,27.6022489
47.1533047,27.6022489
47.1533047,27.6022486
47.1533046,27.6022487
47.1533046,27.6022486
47.1533046,27.6022486
47.1533045,27.6022486
47.1533046,27.6022484
47.1533046,27.6022482
47.1533046,27.602248
47.1533046,27.6022479
47.1533046,27.6022478
47.1533046,27.6022476
47.1533046,27.6022475
47.1533046,27.6022474
47.1533044,27.6022474
47.1533044,27.6022472
47.1533045,27.6022471
47.1533043,27.6022469
47.1533043,27.6022468
47.1533044,27.6022466
47.1533045,27.6022465
47.1533046,27.6022463
47.1533045,27.6022463
47.1533044,27.6022463
47.1533043,27.6022461
47.1533042,27.602246
47.1533042,27.6022459
47.1533043,27.6022458
47.1533044,27.6022456
47.1533044,27.6022454
47.1533043,27.602245
47.1533041,27.6022448
47.1533041,27.6022448
47.1533041,27.6022447
47.1533041,27.6022446
47.1533041,27.6022443
47.1533042,27.6022442
47.1533042,27.6022441
47.1533043,27.602244
47.1533043,27.6022438
47.1533034,27.6022423
47.1532959,27.6022536
47.1533051,27.6022463
47.1533158,27.6022423
47.1533159,27.6022422
47.1533154,27.6022415
47.1533155,27.6022413
47.1533151,27.6022414
47.153315,27.6022415
47.153315,27.6022415
47.1533149,27.6022411
47.1533145,27.6022413
47.1533144,27.6022412
47.1533145,27.6022408
47.1533146,27.6022408
47.1533146,27.6022407
47.1533147,27.6022405
47.1533146,27.6022406
47.1533145,27.6022407
47.1533145,27.6022403
47.1533141,27.6022404
47.1533139,27.6022402
47.1533138,27.6022399
47.1533141,27.6022394
47.1533141,27.6022393
47.1533139,27.6022389
47.1533137,27.6022387
47.1533272,27.6022491
47.1533269,27.6022492
47.153326,27.6022493
47.1533259,27.6022491
47.1533258,27.6022488
47.1533255,27.602249
47.1533254,27.6022483
47.153325,27.6022485
47.1533249,27.6022483
47.1533245,27.6022486
47.1533243,27.6022433
47.1533241,27.6022446
47.153324,27.602244
47.1533237,27.6022442
47.1533231,27.6022452
47.1533227,27.6022457
47.153322,27.6022466
47.1533216,27.6022474
47.1533213,27.602248
47.1533208,27.6022482
47.1533208,27.6022478
47.1533202,27.602248
47.1533197,27.602248
47.1533192,27.602248
47.1533191,27.6022475
47.1533192,27.6022467
47.1533191,27.602246
47.1533187,27.6022461
47.1533185,27.6022458
47.1533184,27.6022454
47.1533184,27.6022448
47.1533184,27.6022445
47.1533181,27.6022444
47.1533181,27.6022438
47.1533181,27.6022437
47.1533178,27.6022435
47.1533176,27.602244
47.1533179,27.6022438
47.1533179,27.6022443
47.1533181,27.6022439
47.153318,27.6022436
47.1533179,27.6022433
47.1533178,27.6022433
47.1533179,27.6022431
47.153318,27.6022424
47.1533181,27.602242
47.1533183,27.6022414
47.1533182,27.6022411
47.1533183,27.6022407
47.1533184,27.6022401
47.1533184,27.6022402
47.153318,27.6022405
47.1533181,27.6022401
47.1533182,27.6022396
47.153318,27.602239
47.153318,27.6022389
47.1533181,27.6022383
47.1533183,27.6022381
47.1533184,27.602238
47.1533185,27.6022378
47.1533187,27.6022373
47.1533181,27.6022367
47.1533182,27.6022366
47.1533181,27.6022363
47.1533181,27.6022362
47.153318,27.6022357
47.1533179,27.6022354
47.1533181,27.6022353
47.153318,27.6022352
47.1533178,27.6022352
47.1533179,27.6022351
47.1533181,27.6022349
47.1533183,27.6022349
47.1533186,27.6022348
47.1533187,27.602235
47.1533189,27.602235
47.153319,27.6022348
47.1533189,27.6022349
47.1533189,27.602235
47.1533188,27.602235
47.1533188,27.6022349
47.1533187,27.6022348
47.1533185,27.6022348
47.1533187,27.6022352
47.153319,27.6022371
47.1533192,27.6022381
47.1533191,27.6022389
47.1533192,27.602239
47.1533193,27.602239
47.1533199,27.6022401
47.15332,27.602241
47.1533201,27.6022415
47.1533201,27.6022416
47.1533201,27.602242
47.15332,27.602242
47.1533202,27.6022427
47.1533203,27.6022432
47.1533202,27.6022428
47.1533201,27.602243
47.1533199,27.6022428
47.1533199,27.6022427
47.1533198,27.6022426
47.1533198,27.6022427
47.1533199,27.6022429
47.1533199,27.6022427
47.15332,27.6022428
47.15332,27.602243
47.1533201,27.602243
47.1533202,27.6022428
47.1533202,27.6022428
47.1533212,27.6022422
47.1533211,27.6022419
47.1533211,27.6022419
47.1533207,27.602242
47.1533204,27.6022416
47.1533202,27.6022414
47.15332,27.6022413
47.1533198,27.6022411
47.1533198,27.6022413
47.1533195,27.6022413
47.1533191,27.6022412
47.1533189,27.6022413
47.1533187,27.6022413
47.1533185,27.6022411
47.1533185,27.6022408
47.1533184,27.6022409
47.1533185,27.602241
47.1533185,27.6022409
47.153318,27.6022409
47.1533178,27.6022409
47.1533176,27.6022409
47.1533174,27.6022409
47.1533173,27.6022408
47.1533173,27.6022408
47.1533174,27.6022407
47.1533174,27.6022408
47.1533175,27.6022407
47.1533175,27.6022406
47.1533174,27.6022406
47.1533174,27.6022408
47.1533175,27.602241
47.1533174,27.602241
47.1533174,27.6022409
47.1533172,27.6022411
47.1533051,27.6022458
47.1533042,27.6022469
47.1533043,27.6022482
47.1533037,27.6022518
47.1533149,27.602268
47.1533246,27.602246
47.1533242,27.6022469
47.1533095,27.6022673
47.1533096,27.6022677
47.15331,27.6022675
47.1533096,27.6022671
47.1533094,27.6022675
47.1533096,27.6022656
47.1533091,27.6022639
47.1533089,27.6022639
47.1533088,27.6022646
47.1533111,27.6022573
47.153311,27.6022586
47.1533113,27.6022592
47.1533115,27.6022593
47.1533115,27.6022605
47.1533113,27.6022611
47.1533112,27.6022609
47.1533112,27.6022609
47.1533112,27.6022607
47.1533112,27.6022608
47.1533111,27.6022607
47.1533108,27.6022605
47.1533105,27.6022601
47.1533107,27.6022596
47.1533109,27.6022581
47.1533108,27.602258
47.1533105,27.6022585
47.1533109,27.602259
47.153311,27.6022593
47.1533113,27.6022591
47.1533111,27.6022586
47.1533117,27.6022375
47.1533115,27.602237
47.1533118,27.6022378
47.1533114,27.6022385
47.1533113,27.6022385
47.1533107,27.6022384
47.1533099,27.6022384
47.1533091,27.6022382
47.1533088,27.6022372
47.1533087,27.602237
47.1533084,27.6022364
47.1533084,27.6022363
47.1533086,27.6022365
47.1533084,27.6022365
47.1533083,27.6022364
47.1533083,27.6022363
47.1533082,27.6022365
47.153308,27.6022365
47.1533078,27.6022363
47.1533075,27.6022362
47.1533074,27.6022361
47.1533074,27.6022362
47.1533074,27.6022359
47.1533073,27.602236
47.1533076,27.6022361
47.1533077,27.6022361
47.1533073,27.602236
47.1533069,27.6022371
47.1533069,27.6022372
47.1533081,27.6022382
47.1533079,27.6022379
47.1533075,27.6022374
47.1533073,27.6022371
47.1533072,27.6022366
47.1533071,27.6022362
47.1533072,27.6022361
47.1533074,27.6022363
47.1533072,27.6022362
47.153307,27.6022358
47.153307,27.6022355
47.1533066,27.6022351
47.1533058,27.6022347
47.1533053,27.6022345
47.153305,27.6022344
47.1533047,27.6022342
47.1533046,27.6022338
47.1533044,27.6022333
47.1533039,27.6022329
47.1533038,27.6022327
47.1533036,27.6022324
47.153304,27.6022326
47.1533039,27.6022327
47.153304,27.6022332
47.1533042,27.6022337
47.1533044,27.6022342
47.1533045,27.6022346
47.1533046,27.6022347
47.1533048,27.602235
47.153305,27.6022355
47.1533051,27.6022357
47.1533055,27.6022359
47.1533055,27.602236
47.1533055,27.6022359
47.1533056,27.6022359
47.1533054,27.6022357
47.1533053,27.6022356
47.1533052,27.6022356
47.1533051,27.6022356
47.1533048,27.6022353
47.1533045,27.602235
47.1533043,27.602235
47.1533041,27.602235
47.1533039,27.6022349
47.1533038,27.6022348
47.1533036,27.6022346
47.1533035,27.6022346
47.1533031,27.6022349
47.1533027,27.6022351
47.1533025,27.6022352
47.153302,27.6022345
47.1533018,27.6022341
47.1533017,27.602234
47.1533015,27.6022336
47.1533013,27.6022338
47.1533013,27.6022338
47.1533012,27.6022338
47.153301,27.602234
47.153301,27.602234
47.1533009,27.6022339
47.1533008,27.6022338
47.1533009,27.6022339
47.1533009,27.6022338
47.1533009,27.6022338
47.1533009,27.6022336
47.1533009,27.6022336
47.1533009,27.6022334
47.1533007,27.6022334
47.1533004,27.6022333
47.1533004,27.6022329
47.1533005,27.6022328
47.1533005,27.6022324
47.1533004,27.6022321
47.1533003,27.602232
47.1533004,27.6022321
47.1533004,27.602232
47.1533273,27.6022248
47.1533271,27.6022242
47.1533267,27.602223
47.1533282,27.6022222
47.153311,27.6022157
47.1533113,27.6022148
47.1533119,27.6022138
47.1533158,27.6022168
47.1533163,27.6022162
47.1533161,27.6022153
47.1533169,27.6022148
47.1533173,27.6022141
47.1533172,27.6022137
47.1533173,27.602213
47.1533169,27.6022131
47.1533159,27.6022134
47.1533157,27.6022136
47.1533152,27.6022136
47.1533151,27.6022138
47.1533151,27.6022137
47.1533151,27.6022136
47.1533152,27.6022137
47.1533156,27.602214
47.1533158,27.6022142
47.1533157,27.6022142
47.1533157,27.6022145
47.1533159,27.6022148
47.1533156,27.6022149
47.1533151,27.6022148
47.1533153,27.6022149
47.1533153,27.6022146
47.1533153,27.6022149
47.1533152,27.6022153
47.1533152,27.6022154
47.1533152,27.6022154
47.1533149,27.6022157
47.1533148,27.6022157
47.1533126,27.6022173
47.153312,27.6022174
47.1533116,27.6022179
47.1533115,27.6022179
47.1533113,27.602218
47.1533112,27.6022181
47.1533113,27.6022182
47.1533117,27.6022183
47.1533118,27.6022185
47.1533119,27.6022185
47.153312,27.6022187
47.1533123,27.6022186
47.1533127,27.6022184
47.1533126,27.6022187
47.1533129,27.6022187
47.1533129,27.6022189
47.1533127,27.6022189
47.1533123,27.6022188
47.1533121,27.6022189
47.1533124,27.6022189
47.1533126,27.6022188
47.1533128,27.6022188
47.1533127,27.6022192
47.1533128,27.6022195
47.1533135,27.6022195
47.1533137,27.6022193
47.153314,27.6022191
47.1526554,27.6030036
47.1526554,27.6030033
47.1526553,27.603003
47.1526552,27.603003
47.1526549,27.603003
47.1526549,27.603003
47.1526546,27.6030031
47.1526544,27.6030033
47.1526544,27.6030034
47.1526542,27.6030035
47.152654,27.6030033
47.1526538,27.6030032
47.1526533,27.6030033
47.152653,27.6030034
47.1526529,27.6030035
47.1526527,27.6030034
47.1526526,27.6030033
47.1526446,27.6029923
47.1526455,27.6029938
47.1526453,27.6029932
47.152645,27.602993
47.1526447,27.6029935
47.1526701,27.6030351
47.1526681,27.6030128
47.1526708,27.6030104
47.1526701,27.6030104
47.1526698,27.6030102
47.1526696,27.6030101
47.1526696,27.6030094
47.1526694,27.6030091
47.1526684,27.6030095
47.1526683,27.6030091
47.1526681,27.603009
47.1526676,27.6030091
47.1526672,27.6030097
47.1526674,27.6030094
47.1526674,27.6030089
47.1526674,27.6030086
47.1526609,27.6030145
47.152661,27.603014
47.1526602,27.6030139
47.1526601,27.603014
47.1526603,27.6030133
47.1526601,27.6030131
47.1526604,27.6030129
47.1526604,27.6030131
47.1526604,27.6030132
47.1526608,27.6030132
47.1526608,27.6030132
47.1526618,27.6030145
47.1526611,27.6030146
47.1526609,27.6030147
47.1526608,27.603015
47.1526614,27.6030145
47.1526612,27.6030143
47.1526614,27.6030139
47.1526617,27.6030131
47.1526616,27.6030128
47.1526613,27.6030125
47.1526611,27.6030126
47.1526607,27.6030124
47.1526607,27.6030123
47.152661,27.6030119
47.1526611,27.6030116
47.152661,27.6030114
47.1526614,27.6030112
47.152662,27.603011
47.1526621,27.6030112
47.1526626,27.603011
47.1526628,27.6030107
47.1526624,27.6030105
47.1526623,27.6030103
47.152662,27.6030103
47.1526623,27.6030105
47.1526624,27.6030098
47.1526624,27.6030098
47.1526624,27.6030097
47.1526625,27.6030092
47.1526623,27.6030092
47.1526624,27.6030088
47.1526622,27.6030085
47.1526621,27.603008
47.1526622,27.6030077
47.152662,27.6030077
47.1526621,27.6030079
47.152662,27.6030077
47.1526619,27.6030076
47.1526617,27.6030079
47.1526613,27.6030082
47.1526611,27.6030081
47.1526611,27.603008
47.1526611,27.6030079
47.1526612,27.6030078
47.1526613,27.6030079
47.1526614,27.6030076
47.1526617,27.6030078
47.1526619,27.6030078
47.1526618,27.6030075
47.1526618,27.6030073
47.1526615,27.6030071
47.1526615,27.6030073
47.1526613,27.6030074
47.1526612,27.6030075
47.152661,27.6030077
47.1526606,27.6030077
47.1526602,27.6030076
47.15266,27.6030071
47.1526601,27.6030069
47.1526601,27.6030069
47.1526599,27.6030069
47.1526597,27.6030066
47.1526596,27.6030065
47.1526597,27.6030063
47.1526595,27.603006
47.1526593,27.6030057
47.152659,27.6030053
47.1526588,27.6030052
47.1526587,27.603005
47.1526574,27.6030078
47.1526573,27.6030076
47.1526572,27.6030072
47.1526569,27.6030072
47.1526567,27.6030071
47.1526567,27.6030066
47.1526567,27.6030063
47.1526567,27.6030061
47.1526567,27.6030059
47.1526566,27.6030058
47.1526567,27.6030055
47.1526568,27.6030052
47.1526566,27.603005
47.1526565,27.6030048
47.1526565,27.6030046
47.1526565,27.6030044
47.1526565,27.6030043
47.1526565,27.6030047
47.1526565,27.6030048
47.1526565,27.6030047
47.1526564,27.6030042
47.1526563,27.6030041
47.1526562,27.6030037
47.1526561,27.6030032
47.1526559,27.6030027
47.1526559,27.6030026
47.1526558,27.6030025
47.1526557,27.6030023
47.1526557,27.6030023
47.1526557,27.6030024
47.1526556,27.6030022
47.1526556,27.6030016
47.1526556,27.6030015
47.1526555,27.6030015
47.1526555,27.6030015
47.1526555,27.6030014
47.1526554,27.6030013
47.1526554,27.6030013
47.1526555,27.6030014
47.1526555,27.6030014
47.1526555,27.6030011
47.1526553,27.603001
47.1526552,27.6030008
47.1526552,27.6030005
47.1526551,27.6030005
47.1526552,27.6030002
47.1526552,27.6030003
47.1526552,27.603
47.1526551,27.603
47.152655,27.6030001
47.1526551,27.6029996
47.1526551,27.6029996
47.1526552,27.6029996
47.1526552,27.6029996
47.1526553,27.6029998
47.1526554,27.6029999
47.1526551,27.6030006
47.1526551,27.6030007
47.1526552,27.6030007
47.1526552,27.6030008
47.1526553,27.603001
47.1526553,27.6030011
47.1526554,27.603001
47.1526555,27.6030011
47.1526554,27.6030013
47.1526552,27.6030013
47.1526552,27.6030014
47.1526552,27.6030013
47.1526551,27.6030014
47.152655,27.6030015
47.1526551,27.6030017
47.1526552,27.6030019
47.1526554,27.603002
47.1526557,27.6030022
47.1526558,27.6030022
47.152656,27.6030023
47.152656,27.6030025
47.1526562,27.6030026
47.1526563,27.6030027
47.1526562,27.6030027
47.152656,27.6030027
47.152656,27.6030024
47.1526561,27.6030025
47.1526561,27.6030024
47.1526562,27.6030025
47.1526562,27.6030031
47.1526562,27.603003
47.1526561,27.6030029
47.1526562,27.603003
47.1526562,27.603003
47.1526561,27.6030029
47.1526562,27.603003
47.1526562,27.603003
47.1526561,27.6030029
47.1526561,27.6030029
47.152656,27.603003
47.152656,27.6030032
47.152656,27.6030033
47.152656,27.6030031
47.1526563,27.6030031
47.1526563,27.6030032
47.1526564,27.6030032
47.1526563,27.6030033
47.1526562,27.6030035
47.1526562,27.6030036
47.1526564,27.6030039
47.1526565,27.603004
47.1526564,27.6030041
47.1526564,27.6030043
47.1526565,27.6030042
47.1526566,27.6030042
47.1526566,27.6030045
47.1526565,27.6030045
47.1526564,27.6030045
47.1526565,27.6030046
47.1526638,27.6030167
47.1526641,27.6030164
47.1526644,27.6030166
47.1526646,27.603017
47.1526616,27.6030166
47.1526608,27.6030166
47.152661,27.6030168
47.1526607,27.6030167
47.1526605,27.6030167
47.1526602,27.6030159
47.1526595,27.6030155
47.1526595,27.6030153
47.1526594,27.603015
47.1526595,27.6030151
47.1526595,27.6030147
47.1526591,27.6030143
47.1526589,27.6030144
47.1526584,27.6030145
47.1526581,27.6030145
47.1526578,27.6030147
47.1526578,27.6030148
47.1526575,27.6030145
47.152657,27.6030139
47.1526567,27.6030137
47.1526564,27.6030136
47.1526563,27.6030131
47.1526562,27.603013
47.1526558,27.6030125
47.1526558,27.6030126
47.1526557,27.6030126
47.1526557,27.6030127
47.1526555,27.6030126
47.1526553,27.6030125
47.1526551,27.6030124
47.152655,27.6030122
47.1526551,27.6030121
47.1526549,27.603012
47.1526547,27.6030119
47.1526545,27.6030118
47.1526545,27.6030119
47.1526544,27.6030124
47.1526544,27.6030125
47.1526545,27.6030126
47.1526546,27.6030128
47.1526547,27.6030128
47.1526546,27.6030128
47.1526546,27.603013
47.1526546,27.603013
47.1526545,27.603013
47.1526546,27.6030132
47.1526547,27.6030133
47.1526548,27.6030136
47.1526549,27.6030139
47.1526547,27.6030144
47.1526548,27.6030147
47.1526548,27.6030148
47.1526551,27.6030151
47.1526551,27.6030151
47.1526549,27.6030151
47.1526552,27.6030156
47.1526553,27.6030156
47.1526553,27.6030158
47.1526553,27.6030161
47.1526552,27.6030162
47.1526552,27.6030164
47.1526552,27.6030169
47.1526553,27.6030171
47.1526552,27.6030174
47.1526552,27.6030176
47.1526553,27.6030177
47.1526553,27.6030179
47.1526555,27.6030178
47.1526557,27.6030177
47.1526558,27.6030178
47.1526559,27.6030178
47.152656,27.6030177
47.152656,27.6030177
47.1526561,27.6030179
47.152656,27.6030179
47.1526561,27.603018
47.1526562,27.6030179
47.1526562,27.6030179
47.1526561,27.6030178
47.1526561,27.603018
47.152656,27.603018
47.152656,27.603018
47.152656,27.6030179
47.1526563,27.6030181
47.1526565,27.6030181
47.1526566,27.603018
47.1526565,27.6030179
47.1526566,27.6030178
47.1526564,27.6030175
47.1526562,27.6030173
47.1526563,27.6030172
47.1526564,27.6030171
47.1526564,27.603017
47.1526563,27.6030168
47.1526613,27.6030211
47.152656,27.603012
47.1526624,27.6030118
47.1526683,27.6030077
47.1526823,27.6030136
47.1526754,27.6030213
47.1526687,27.6030301
47.1526676,27.6030298
47.1526661,27.6030299
47.1526648,27.6030302
47.1526638,27.6030298
47.152663,27.6030294
47.1526628,27.6030295
47.1526627,27.6030296
47.1526626,27.6030301
47.1526627,27.6030304
47.1526682,27.6030254
47.1526675,27.6030249
47.1526667,27.6030226
47.1526648,27.6030068
47.1526646,27.6030061
47.1526646,27.6030062
47.1526642,27.6030064
47.1526638,27.6030062
47.1526638,27.6030064
47.1526636,27.6030066
47.1526635,27.6030066
47.1526638,27.6030065
47.1526637,27.6030064
47.1526635,27.6030063
47.1526631,27.603006
47.1526628,27.6030062
47.1526629,27.6030065
47.1526627,27.6030068
47.1526625,27.6030071
47.1526626,27.6030069
47.1526628,27.6030069
47.1526618,27.6030071
47.1526618,27.6030073
47.152662,27.6030075
47.1526617,27.6030076
47.1526616,27.6030076
47.1526631,27.6030048
47.1526695,27.6030091
47.1526689,27.603009
47.1526685,27.6030088
47.1526679,27.6030093
47.1526672,27.6030054
47.152667,27.603007
47.1526663,27.6030073
47.1526656,27.603007
47.1526654,27.6030067
47.1526648,27.6030069
47.1526646,27.6030075
47.1526641,27.6030078
47.1526639,27.603008
47.1526628,27.6030119
47.152673,27.603026
47.1526721,27.6030251
47.1526598,27.6030014
47.1526596,27.6030006
47.1526596,27.6030006
47.1526697,27.6029932
47.1526692,27.6029941
47.1526691,27.6029944
47.1526691,27.6029947
47.1526801,27.6029997
47.15268,27.6030003
47.1526798,27.6030007
47.1526794,27.6030013
47.1526787,27.6030017
47.1526779,27.6030018
47.1526774,27.603002
47.1526768,27.6030018
47.1526764,27.6030015
47.1526757,27.6030007
47.1526753,27.603
47.1526746,27.603
47.1526739,27.603
47.1526735,27.6029994
47.1526728,27.6029985
47.1526724,27.6029982
47.1526721,27.6029983
47.1526722,27.6030048
47.1526718,27.6030032
47.1526715,27.6030019
47.1526705,27.603002
47.1526704,27.6030016
47.1526708,27.6030007
47.152671,27.6029998
47.1526709,27.6029999
47.1526708,27.6029997
47.1526709,27.6029986
47.1526704,27.6029973
47.1526696,27.6029971
47.1526677,27.6030006
47.1526658,27.6030004
47.1526652,27.603
47.1526648,27.6029995
47.1526644,27.6029998
47.1526637,27.6030002
47.1526636,27.6030006
47.1526632,27.6030002
47.152662,27.6029992
47.152663,27.6029876
47.1526623,27.6029885
47.1526613,27.6029881
47.1526607,27.6029879
47.1526602,27.6029875
47.1526595,27.6029872
47.1526588,27.6029871
47.1526302,27.6029863
47.1526661,27.6021187
47.1525055,27.6019688
47.1525061,27.6019695
47.1525063,27.6019702
47.1525064,27.6019715
47.1525069,27.6019731
47.1525058,27.6019767
47.1525062,27.6019775
47.1525067,27.6019779
47.1525067,27.601978
47.1525067,27.6019781
47.1525073,27.6019781
47.1525078,27.6019786
47.1525083,27.6019787
47.1525088,27.601979
47.1525091,27.6019791
47.1525096,27.6019793
47.1525097,27.6019796
47.1525101,27.6019798
47.15251,27.6019801
47.1525096,27.6019804
47.1525088,27.6019795
47.1525086,27.6019794
47.1525084,27.601979
47.1525081,27.601979
47.1525078,27.6019793
47.1525074,27.6019797
47.1525072,27.6019801
47.1525068,27.6019808
47.1525017,27.6020002
47.1525014,27.6020003
47.1525015,27.6020009
47.1525015,27.6020014
47.1525016,27.6020012
47.1525012,27.602001
47.1525007,27.6020009
47.1524967,27.602001
