47.150354,27.6029798
47.1487242,27.602538
47.147997,27.602915
47.1473348,27.607277
47.1466335,27.6124159
47.1457852,27.6187853
47.1455248,27.620344
47.1446322,27.6266206
47.143722,27.6332599
47.143386,27.6395583
47.1432233,27.6433446
47.1434221,27.6434655
47.1436803,27.6433341
47.1436926,27.6432913
47.1433323,27.6357875
47.1441177,27.6300036
47.1448948,27.6252595
47.1454646,27.6207156
47.1466596,27.6132482
47.1468456,27.6110544
47.1468374,27.6110857
47.1476421,27.6049583
47.1477709,27.6038142
47.1479356,27.6031634
47.1499465,27.6026986
47.153375,27.6039225
47.1554935,27.6044057
47.1565341,27.6035559
47.158419,27.601504
47.1589351,27.6001978
47.1603825,27.5975721
47.161449,27.5955501
47.1627113,27.594394
47.1640945,27.5922718
47.1642209,27.5909132
47.1639077,27.5887574
47.1639649,27.5862273
47.1641746,27.5855252
47.1642906,27.5850174
47.1649979,27.5828968
47.1655879,27.5809183
47.1660886,27.5788083
47.1687117,27.5768911
47.1701519,27.5761811
47.1745742,27.5724488
47.1752084,27.5719103
47.178204,27.5693287
47.1807723,27.5671232
47.1817041,27.5664461
47.1841617,27.5643746
47.1858404,27.5629058
47.1896293,27.5597074
47.18962,27.5597259
47.1897872,27.5595396
47.1899708,27.5592301
47.1900351,27.5591806
47.19003,27.5591911
47.1900758,27.559336
47.1900588,27.5593503
47.1900479,27.5593437
47.190823,27.5591754
47.1910267,27.5586116
47.1910201,27.5586223
47.1910181,27.5586216
47.1905907,27.5584736
47.1878525,27.5611614
47.1864649,27.5624892
47.1836682,27.5647357
47.1807532,27.5671245
47.1795269,27.5682024
47.1760957,27.570948
47.1752593,27.5718872
47.174764,27.5721397
47.1720882,27.5744493
47.1694587,27.5765762
47.1693144,27.5765867
47.1671863,27.577229
47.1661379,27.5780937
47.1655039,27.5806455
47.1650565,27.5822499
47.164634,27.5839904
47.1643934,27.585403
47.1637479,27.5885275
47.1642237,27.590226
47.1641954,27.5905373
47.1639756,27.5923765
47.1618432,27.5949682
47.1591337,27.5999536
47.1588758,27.6001104
47.1569184,27.6028804
47.1559681,27.6037667
47.1555794,27.6043338
47.1539825,27.6040335
47.1508852,27.6031956
47.1479749,27.6025581
47.147106,27.6089025
47.1468158,27.610322
47.1458156,27.6182794
47.1456017,27.6203312
47.1447926,27.6262411
47.1438001,27.6325457
47.1434898,27.6387253
47.143422,27.6423285
47.1431021,27.6433228
47.1435481,27.6433865
47.1435823,27.6432719
47.1436564,27.6432868
47.143657,27.6432892
47.1433173,27.6390159
47.143795,27.6327163
47.1446982,27.626549
47.1455695,27.6199097
47.1467651,27.6118559
47.1468834,27.61055
47.1478032,27.6045365
47.1479639,27.6030821
47.1496017,27.6027316
47.1531098,27.6038141
47.1540852,27.604106
47.1555961,27.6043998
47.156522,27.6033225
47.1584901,27.6015084
47.1589486,27.6001148
47.1604391,27.597441
47.1611954,27.5958701
47.162606,27.594583
47.1636481,27.5929861
47.1644094,27.5913295
47.1640685,27.5894028
47.164064,27.5861804
47.1644649,27.584475
47.165117,27.5822516
47.1656001,27.580839
47.1677021,27.5770524
47.1693059,27.5766952
47.1729116,27.5738798
47.1752687,27.5717955
47.1765576,27.5707911
47.1786933,27.5689267
47.1820612,27.5660773
47.1849359,27.5636973
47.1862279,27.5625662
47.1901463,27.5592331
47.1905488,27.5592248
47.1905459,27.5592244
47.1905701,27.5592168
47.1908507,27.5591604
47.1908465,27.5592263
47.1908291,27.5591316
47.1908279,27.5591328
47.1908274,27.559132
47.1908273,27.5591319
47.1908257,27.5591328
47.1906056,27.5584106
47.1908421,27.5583665
47.188655,27.5606442
47.1866039,27.5624605
47.1845197,27.564079
47.180681,27.5672827
47.1794702,27.5683725
47.1758822,27.5713715
47.1747693,27.5722563
47.1718779,27.5746082
47.1688539,27.5768281
47.1664912,27.5776463
47.1656801,27.5806264
47.1652712,27.5817798
47.164498,27.5837808
47.1644939,27.5840737
47.1640451,27.5859154
47.1640826,27.5899208
47.1641841,27.5904899
47.1641259,27.5919416
47.1622839,27.5946919
47.1612721,27.5956582
47.1590705,27.5999954
47.1587278,27.6001547
47.1566351,27.603435
47.156141,27.6038559
47.1554541,27.6044217
47.1550128,27.6043001
47.1529081,27.6037343
47.1497662,27.6027772
47.1488528,27.6024787
47.1476726,27.6051371
47.1474499,27.6082161
47.1471769,27.6086017
47.1469172,27.6102179
47.1458573,27.6175739
47.1454666,27.6201377
47.1453023,27.620897
47.1442256,27.6292654
47.1433887,27.6348553
47.1433309,27.64083
47.1434316,27.6420888
47.1433719,27.6421449
47.1433709,27.6424061
47.1432042,27.6433274
47.1431941,27.6433165
47.1435944,27.6434201
47.1435947,27.6432449
47.1433219,27.6357743
47.1441463,27.6296478
47.145156,27.6227738
47.1454153,27.6209884
47.1459936,27.6167974
47.1466707,27.6117448
47.1468926,27.6101553
47.147922,27.6031978
47.1495391,27.6027821
47.1535524,27.6039835
47.1566858,27.603347
47.1585164,27.6014078
47.1592626,27.5997041
47.1603823,27.5974442
47.1632642,27.5937246
47.1642517,27.5917092
47.1640333,27.5892172
47.1638468,27.5863961
47.164312,27.5846703
47.1650747,27.5823077
47.1652751,27.5805006
47.1673283,27.5770799
47.1691544,27.5767284
47.1722829,27.5742997
47.1729585,27.5737427
47.1753269,27.5717319
47.1768158,27.5705322
47.1802257,27.567679
47.181823,27.566282
47.1844499,27.5641104
47.1864809,27.5623135
47.1901172,27.5592713
47.1904793,27.5591695
47.1906204,27.5593147
47.1906638,27.5592694
47.1906788,27.559249
47.1906805,27.5592474
47.1906804,27.5592479
47.1906805,27.5592477
47.1906824,27.5592449
47.1906834,27.5592438
47.1906844,27.5592435
47.1906866,27.5592416
47.1907116,27.5584543
47.1907498,27.5584594
47.1907529,27.5584582
47.1907524,27.558459
47.1903394,27.5587994
47.1866614,27.5620424
47.1854081,27.5633335
47.1843488,27.563985
47.1804398,27.5673232
47.179533,27.5682391
47.177167,27.5701282
47.1750983,27.5720221
47.1737252,27.5731081
47.1709987,27.5754546
47.1690997,27.5768603
47.1664152,27.5779632
47.1656038,27.5810273
47.1652494,27.5826171
47.1647108,27.5841927
47.1641325,27.5856201
47.1638004,27.587961
47.1642324,27.5906559
47.1634263,27.5936442
47.1615411,27.595457
47.159063,27.5999795
47.1587679,27.6004403
47.1568104,27.6031609
47.1562298,27.6037215
47.1548564,27.604259
47.153598,27.6039428
47.1497861,27.602791
47.1487878,27.6024992
47.1477321,27.6048256
47.1472026,27.6083895
47.1469298,27.6101346
47.1458264,27.6181649
47.1453554,27.6206939
47.1445649,27.6267173
47.1437528,27.6320101
47.1432551,27.6383526
47.1432023,27.6431379
47.14317,27.643447
47.1431699,27.6434148
47.1436068,27.6434631
47.1436407,27.6434845
47.1436047,27.6434777
47.1436123,27.6434813
47.1435238,27.6434925
47.1435336,27.643511
47.1435345,27.643511
47.1435215,27.6432042
47.1432846,27.6360624
47.1440924,27.6299127
47.1450297,27.6231253
47.1457996,27.6178993
47.146739,27.6109778
47.1469162,27.6099269
47.1478895,27.6034233
47.1482003,27.602422
47.1524898,27.6036454
47.1536691,27.6041036
47.1567129,27.603362
47.1583664,27.6014644
47.1588983,27.6001284
47.1614156,27.5954542
47.1632206,27.593669
47.1643667,27.5910085
47.1640007,27.5893718
47.163874,27.587458
47.16406,27.5858707
47.1641399,27.5855088
47.1740638,27.5729849
47.1697561,27.5762271
47.1666443,27.5774584
47.1647139,27.573702
47.1647103,27.5737712
47.1907491,27.5584707
47.1907537,27.5584757
47.1907543,27.5584773
47.1907541,27.5584772
47.1889335,27.5602285
47.1864815,27.5623923
47.18456,27.5638059
47.1817966,27.5663777
47.1806526,27.5673697
47.1786527,27.5690318
47.1760611,27.5712326
47.175044,27.5719475
47.1733448,27.5734396
47.1702372,27.5761008
47.1688996,27.5768555
47.1668805,27.5773828
47.1665631,27.5774932
47.1657842,27.5800284
47.1656484,27.5808903
47.1648652,27.5828129
47.1649439,27.5834473
47.1648921,27.5834404
47.1650036,27.5834997
47.1649985,27.5834959
47.1646557,27.584213
47.1645415,27.5847911
47.1643195,27.584986
47.1642838,27.5849064
47.1642853,27.5849069
47.1642864,27.5849028
47.1642877,27.5848984
47.1642875,27.584902
47.1642445,27.5857015
47.1638136,27.5878625
47.1642064,27.5905736
47.1643255,27.5909273
47.1636052,27.5930862
47.1617807,27.5948068
47.1596656,27.588483
47.1591428,27.5874969
47.1576356,27.5850664
47.1556216,27.5855435
47.1528399,27.588156
47.1517097,27.5876773
47.1509641,27.589432
47.1495427,27.5938178
47.1495398,27.5937934
47.1492827,27.5949269
47.1483328,27.600307
47.1481195,27.6018657
47.1474224,27.6063739
47.1471864,27.608372
47.1464421,27.6131508
47.1463896,27.6140881
47.1462333,27.6151547
47.1463096,27.6155443
47.1460703,27.6160996
47.1459573,27.6169923
47.1459455,27.6170893
47.1457924,27.6179149
47.1457931,27.618322
47.1457703,27.6189044
47.1479092,27.6203032
47.1500136,27.6209178
47.1507682,27.6211155
47.1511887,27.6213055
47.1533505,27.6227775
47.1556298,27.6248079
47.1567626,27.6232666
47.1586945,27.6206186
47.1599322,27.6146446
47.1601057,27.6127904
47.1610243,27.6098903
47.1611386,27.6093179
47.1622321,27.6064785
47.1623654,27.6059502
47.1626568,27.6001614
47.1631244,27.5975923
47.1637355,27.5928429
47.1642788,27.5909058
47.1641695,27.590381
47.1638839,27.5887473
47.1639274,27.5865484
47.1641058,27.585481
47.1643192,27.5852017
47.1647228,27.5831458
47.1654442,27.5808075
47.1657057,27.5797482
47.1678325,27.577036
47.1691822,27.5766978
47.1727701,27.5738066
47.1743939,27.5725087
47.1754481,27.5716222
47.1784523,27.5691803
47.1806645,27.5672159
47.1827318,27.5656248
47.1852614,27.5634934
47.1861752,27.5626833
47.1900436,27.5592936
47.1906235,27.5592984
47.1906471,27.5592812
47.1906461,27.5592829
47.190645,27.5592851
47.1906905,27.5591346
47.19077,27.5591092
47.1907695,27.5591113
47.1907722,27.559114
47.1907738,27.5591184
47.1906011,27.5584279
47.1906298,27.5583129
47.1906183,27.5584542
47.1906604,27.5584486
47.1906634,27.5584469
47.190663,27.5584459
47.1882229,27.5608518
47.1864332,27.562424
47.1847119,27.5639838
47.1824875,27.5656761
47.180605,27.5673339
47.1796425,27.5681589
47.1765884,27.5706879
47.1751058,27.5720129
47.1747414,27.5723589
47.1713155,27.5752187
47.1689054,27.5768896
47.1672408,27.5772515
47.1666494,27.5775329
47.1654494,27.5809543
47.1653807,27.5817118
47.1646937,27.5842906
47.1641132,27.585609
47.1640614,27.5890994
47.1642502,27.5905572
47.1636544,27.592905
47.1622671,27.5947665
47.1614756,27.5937955
47.1603002,27.590232
47.1599165,27.5887775
47.1593199,27.5875123
47.1581718,27.5852906
47.1563674,27.5850611
47.1542535,27.5870264
47.1519927,27.5878933
47.1509898,27.5892671
47.1503798,27.591561
47.1495892,27.5940198
47.149151,27.5950404
47.148294,27.6006674
47.1482302,27.6014189
47.1481933,27.6018235
47.1472712,27.6083813
47.1471868,27.6086601
47.1471853,27.608654
47.1459669,27.6171663
47.1457532,27.6186314
47.146164,27.6197104
47.1481288,27.6203706
47.1503714,27.6209862
47.150604,27.6211025
47.1528666,27.6219068
47.1544502,27.6254627
47.1561482,27.6239476
47.1585165,27.6206793
47.1593504,27.6179618
47.159787,27.6146553
47.1598678,27.6144218
47.1610975,27.609816
47.1617454,27.6080897
47.162381,27.6060397
47.162677,27.6043766
47.1631486,27.5986691
47.163338,27.5967901
47.163616,27.5931502
47.1642716,27.5906296
47.1641669,27.588956
47.1641364,27.5857266
47.1645353,27.5843271
47.1654572,27.5811693
47.1656511,27.5801877
47.1668624,27.5772546
47.1690411,27.5767513
47.172399,27.5741017
47.1745575,27.5724424
47.1752725,27.5717522
47.1770425,27.570407
47.1796193,27.5682771
47.1808323,27.5672351
47.1829376,27.5653129
47.1853132,27.5634299
47.1857161,27.5626383
47.1897148,27.5592829
47.1899421,27.5596855
47.1898682,27.5596397
47.1898542,27.5595993
47.1898545,27.5595903
47.1898539,27.5595901
47.1905331,27.5592742
47.1906441,27.5584656
47.1906835,27.5585513
47.1906824,27.5585488
47.1869716,27.5618179
47.1862437,27.5626373
47.1843912,27.5642118
47.1812578,27.5669274
47.1797964,27.5679364
47.1790977,27.5685225
47.177942,27.5693922
47.1770679,27.5703073
47.1749453,27.5720512
47.1738402,27.5730323
47.1710102,27.5754086
47.1688097,27.5768139
47.1665697,27.5775202
47.1656454,27.5802195
47.1656607,27.5809092
47.1650826,27.5827131
47.1642148,27.585338
47.1638692,27.5870588
47.1641778,27.5902393
47.1641722,27.5918582
47.159976,27.6136511
47.1692048,27.5693949
47.1682586,27.5685194
47.1642285,27.5729415
47.1642811,27.5730655
47.1643919,27.573187
47.1647377,27.5734349
47.1647287,27.5734515
47.1647293,27.5734524
47.1647231,27.5734475
47.1652097,27.5731387
47.1651572,27.5731619
47.1645451,27.5729915
47.1644901,27.5729788
47.1644901,27.5729788
47.1644901,27.5729788
47.1644901,27.5729788
47.1644901,27.5729788
47.1644901,27.5729788
47.1644901,27.5729788
47.1644901,27.5729788
47.1644901,27.5729788
47.1644901,27.5729788
47.1644901,27.5729788
47.1644901,27.5729788
47.1644901,27.5729788
47.1644901,27.5729788
47.1644901,27.5729788
47.1644901,27.5729788
47.1644901,27.5729788
47.1644901,27.5729788
47.1644901,27.5729788
47.1644901,27.5729788
47.1644901,27.5729788
47.1644901,27.5729788
47.1644901,27.5729788
47.1644901,27.5729788
47.1644901,27.5729788
47.1644901,27.5729788
47.1644901,27.5729788
47.1644901,27.5729788
47.1644901,27.5729788
47.1644901,27.5729788
47.1644901,27.5729788
47.1644901,27.5729788
47.1644901,27.5729788
47.1644901,27.5729788
47.1644901,27.5729788
47.1644901,27.5729788
47.1644901,27.5729788
47.1644901,27.5729788
47.1644901,27.5729788
47.1644901,27.5729788
47.1644901,27.5729788
47.1644901,27.5729788
47.1644901,27.5729788
47.1644901,27.5729788
47.1644901,27.5729788
47.1644901,27.5729788
47.1644901,27.5729788
47.1644901,27.5729788
47.1644901,27.5729788
47.1644901,27.5729788
47.1644901,27.5729788
47.1644901,27.5729788
47.1644901,27.5729788
47.1644901,27.5729788
47.1644901,27.5729788
47.1644901,27.5729788
47.1644901,27.5729788
47.1644901,27.5729788
47.1644901,27.5729788
47.1644901,27.5729788
47.1644901,27.5729788
47.1644901,27.5729788
47.1644901,27.5729788
47.1644901,27.5729788
47.1644901,27.5729788
47.1644901,27.5729788
47.1644901,27.5729788
47.1644901,27.5729788
47.1644901,27.5729788
47.1644901,27.5729788
47.1644901,27.5729788
47.1644901,27.5729788
47.1644901,27.5729788
47.1644901,27.5729788
47.1644901,27.5729788
47.1644901,27.5729788
47.1644901,27.5729788
47.1644901,27.5729788
47.1644901,27.5729788
47.1644901,27.5729788
47.1644901,27.5729788
47.1644901,27.5729788
47.1644901,27.5729788
47.1644901,27.5729788
47.1644901,27.5729788
47.1644901,27.5729788
47.1644901,27.5729788
47.1644901,27.5729788
47.1644901,27.5729788
47.1644901,27.5729788
47.1644901,27.5729788
47.1644901,27.5729788
47.1644901,27.5729788
47.1644901,27.5729788
47.1644901,27.5729788
47.1644901,27.5729788
47.1644901,27.5729788
47.1644901,27.5729788
47.1644901,27.5729788
47.1644901,27.5729788
47.1644901,27.5729788
47.1644901,27.5729788
47.1644901,27.5729788
47.1644901,27.5729788
47.1644901,27.5729788
47.1644901,27.5729788
47.1644901,27.5729788
47.1644901,27.5729788
47.1644901,27.5729788
47.1644901,27.5729788
47.1644901,27.5729788
47.1644901,27.5729788
47.1644901,27.5729788
47.1644901,27.5729788
47.1644901,27.5729788
47.1644901,27.5729788
47.1644901,27.5729788
47.1644901,27.5729788
47.1644901,27.5729788
47.1644901,27.5729788
47.1644901,27.5729788
47.1644901,27.5729788
47.1644901,27.5729788
47.1644901,27.5729788
47.1644901,27.5729788
47.1644901,27.5729788
47.1644901,27.5729788
47.1644901,27.5729788
47.1644901,27.5729788
47.1644901,27.5729788
47.1644901,27.5729788
47.1644901,27.5729788
47.1644901,27.5729788
47.1644901,27.5729788
47.1644901,27.5729788
47.1644901,27.5729788
47.1644901,27.5729788
47.1644901,27.5729788
47.1644901,27.5729788
47.1644901,27.5729788
47.1644901,27.5729788
47.1644901,27.5729788
47.1644901,27.5729788
47.1644901,27.5729788
47.1644901,27.5729788
47.1644901,27.5729788
47.1644901,27.5729788
47.1644901,27.5729788
47.1644901,27.5729788
47.1644901,27.5729788
47.1644901,27.5729788
47.1644901,27.5729788
47.1644901,27.5729788
47.1644901,27.5729788
47.1644901,27.5729788
47.1644901,27.5729788
47.1644901,27.5729788
47.1644901,27.5729788
47.1644901,27.5729788
47.1644901,27.5729788
47.1644901,27.5729788
47.1644901,27.5729788
47.1644901,27.5729788
47.1644901,27.5729788
47.1644901,27.5729788
47.1644901,27.5729788
47.1644901,27.5729788
47.1644901,27.5729788
47.1644901,27.5729788
47.1644901,27.5729788
47.1644901,27.5729788
47.1644901,27.5729788
47.1644901,27.5729788
47.1644901,27.5729788
47.1644901,27.5729788
47.1644901,27.5729788
47.1644901,27.5729788
47.1644901,27.5729788
47.1644901,27.5729788
47.1644901,27.5729788
47.1644901,27.5729788
47.1644901,27.5729788
47.1644901,27.5729788
47.1644901,27.5729788
47.1644901,27.5729788
47.1644901,27.5729788
47.1644901,27.5729788
47.1644901,27.5729788
47.1644901,27.5729788
47.1644901,27.5729788
47.1644901,27.5729788
47.1644901,27.5729788
47.1644901,27.5729788
47.1644901,27.5729788
47.1644901,27.5729788
47.1644901,27.5729788
47.1644901,27.5729788
47.1644901,27.5729788
47.1644901,27.5729788
47.1644901,27.5729788
47.1644901,27.5729788
47.1644901,27.5729788
47.1644901,27.5729788
47.1644901,27.5729788
47.1644901,27.5729788
47.1644901,27.5729788
47.1644901,27.5729788
47.1644901,27.5729788
47.1644901,27.5729788
47.1644901,27.5729788
47.1644901,27.5729788
47.1644901,27.5729788
47.1644901,27.5729788
47.1644901,27.5729788
47.1644901,27.5729788
47.1644901,27.5729788
47.1644901,27.5729788
47.1644901,27.5729788
47.1644901,27.5729788
47.1644901,27.5729788
47.1644901,27.5729788
47.1644901,27.5729788
47.1644901,27.5729788
47.1644901,27.5729788
47.1644901,27.5729788
47.1644901,27.5729788
47.1644901,27.5729788
47.1644901,27.5729788
47.1644901,27.5729788
47.1644901,27.5729788
47.1644901,27.5729788
47.1644901,27.5729788
47.1644901,27.5729788
47.1644901,27.5729788
47.1644901,27.5729788
47.1644901,27.5729788
47.1644901,27.5729788
47.1644901,27.5729788
47.1644901,27.5729788
47.1644901,27.5729788
47.1644901,27.5729788
47.1644901,27.5729788
47.1644901,27.5729788
47.1644901,27.5729788
47.1644901,27.5729788
47.1644901,27.5729788
47.1644901,27.5729788
47.1644901,27.5729788
47.1644901,27.5729788
47.1644901,27.5729788
47.1644901,27.5729788
47.1644901,27.5729788
47.1644901,27.5729788
47.1644901,27.5729788
47.1644901,27.5729788
47.1644901,27.5729788
47.1644901,27.5729788
47.1644901,27.5729788
47.1644901,27.5729788
47.1644901,27.5729788
47.1644901,27.5729788
47.1644901,27.5729788
47.1644901,27.5729788
47.1644901,27.5729788
47.1644901,27.5729788
47.1644901,27.5729788
47.1644901,27.5729788
47.1644901,27.5729788
47.1644901,27.5729788
47.1644901,27.5729788
47.1644901,27.5729788
47.1644901,27.5729788
47.1644901,27.5729788
47.1644901,27.5729788
47.1644901,27.5729788
47.1644901,27.5729788
47.1644901,27.5729788
47.1644901,27.5729788
47.1644901,27.5729788
47.1644901,27.5729788
47.1644901,27.5729788
47.1644901,27.5729788
47.1644901,27.5729788
47.1644901,27.5729788
47.1644901,27.5729788
47.1644901,27.5729788
47.1644901,27.5729788
47.1644901,27.5729788
47.1644901,27.5729788
47.1644901,27.5729788
47.1644901,27.5729788
47.1644901,27.5729788
47.1644901,27.5729788
47.1644901,27.5729788
47.1644901,27.5729788
47.1644901,27.5729788
47.1644901,27.5729788
47.1644901,27.5729788
47.1644901,27.5729788
47.1644901,27.5729788
47.1644901,27.5729788
47.1644901,27.5729788
47.1644901,27.5729788
47.1644901,27.5729788
47.1644901,27.5729788
47.1644901,27.5729788
47.1644901,27.5729788
47.1644901,27.5729788
47.1644901,27.5729788
47.1644901,27.5729788
47.1644901,27.5729788
47.1644901,27.5729788
47.1644901,27.5729788
47.1644901,27.5729788
47.1644901,27.5729788
47.1644901,27.5729788
47.1644901,27.5729788
47.1644901,27.5729788
47.1644901,27.5729788
47.1644901,27.5729788
47.1644901,27.5729788
47.1644901,27.5729788
47.1644901,27.5729788
47.1644901,27.5729788
47.1644901,27.5729788
47.1644901,27.5729788
47.1644901,27.5729788
47.1644901,27.5729788
47.1644901,27.5729788
47.1644901,27.5729788
47.1644901,27.5729788
47.1644901,27.5729788
47.1644901,27.5729788
47.1644901,27.5729788
47.1644901,27.5729788
47.1644901,27.5729788
47.1644901,27.5729788
47.1644901,27.5729788
47.1644901,27.5729788
47.1644901,27.5729788
47.1644901,27.5729788
47.1644901,27.5729788
47.1644901,27.5729788
47.1644901,27.5729788
47.1644901,27.5729788
47.1644901,27.5729788
47.1644901,27.5729788
47.1644901,27.5729788
47.1644901,27.5729788
47.1644901,27.5729788
47.1644901,27.5729788
47.1644901,27.5729788
47.1644901,27.5729788
47.1644901,27.5729788
47.1644901,27.5729788
47.1644901,27.5729788
47.1644901,27.5729788
47.1644901,27.5729788
47.1644901,27.5729788
47.1644901,27.5729788
47.1644901,27.5729788
47.1644901,27.5729788
47.1644901,27.5729788
47.1644901,27.5729788
47.1807183,27.5673195
47.1823279,27.5658647
47.1850766,27.5635228
47.1866982,27.5620472
47.1902319,27.5591451
47.1907302,27.5593481
47.190674,27.5592557
47.1906005,27.5594144
47.1908378,27.5591783
47.1908395,27.5591796
47.1908385,27.5591808
47.1908387,27.5591814
47.190853,27.5585531
47.1908887,27.5584856
47.1909535,27.5584202
47.1909546,27.5584233
47.1892926,27.5600802
47.1868746,27.5619444
47.186377,27.5622323
47.1846434,27.5641014
47.1812861,27.5667647
47.1803645,27.5676254
47.176534,27.570803
47.1753453,27.5717748
47.1750265,27.5720108
47.1718097,27.5747167
47.1693618,27.5765919
47.168813,27.5768198
47.1661778,27.578226
47.1655848,27.580702
47.1653201,27.5817654
47.1648359,27.5836488
47.1643276,27.5851027
47.1637818,27.5875805
47.163733,27.5879157
47.1642001,27.5909015
47.1643865,27.5913787
47.1621142,27.5948517
47.1598102,27.5879009
47.1592209,27.5876236
47.1580014,27.585299
47.1560657,27.5852609
47.1548324,27.5862633
47.1524657,27.5882117
47.1508957,27.5869061
47.1493706,27.5860053
47.1485137,27.5852256
47.1427655,27.5804283
47.1427293,27.580296
47.1402816,27.5794515
47.1387661,27.5778709
47.1348483,27.5730406
47.1331895,27.5719298
47.1315591,27.5707624
47.1294294,27.5692555
47.1280924,27.5683182
47.1244085,27.5673925
47.1233601,27.5673576
47.1233207,27.5678806
47.1232756,27.5679062
47.1232786,27.5679145
47.1232699,27.5679259
47.123525,27.5675615
47.1276445,27.5679052
47.1294536,27.5692247
47.1309618,27.5703623
47.1340061,27.5725029
47.1361737,27.5745205
47.1383116,27.5774826
47.1390544,27.5783423
47.1431083,27.5806025
47.1441098,27.5813864
47.148021,27.5847173
47.1497501,27.5861497
47.1501864,27.5863175
47.152113,27.5880675
47.154201,27.5868617
47.1558806,27.5854698
47.1582423,27.5856723
47.15929,27.5876282
47.1593635,27.5877822
47.1603385,27.5906208
47.1615256,27.5944646
47.1631054,27.5940127
47.164389,27.5908916
47.163918,27.5885823
47.1637944,27.5857185
47.1641349,27.5851151
47.1650917,27.5827509
47.1653853,27.5813224
47.1659148,27.5795348
47.1684525,27.576702
47.1699114,27.5763182
47.1730047,27.5735757
47.1729219,27.5737282
47.1754047,27.5716047
47.1774933,27.5697771
47.1809282,27.5670064
47.1822992,27.5658436
47.1852734,27.5631733
47.1866497,27.562193
47.1902455,27.5592332
47.1907158,27.5592996
47.1907572,27.5592744
47.1907552,27.5592803
47.19075,27.5592869
47.1907518,27.5592847
47.1908484,27.5584807
47.1908582,27.5584861
47.1908584,27.5584892
47.1908588,27.5584914
47.1908566,27.5584911
47.1904208,27.5589518
47.1864503,27.562328
47.1855113,27.5632669
47.1841391,27.5645169
47.1806394,27.5674333
47.1789515,27.5688942
47.1750523,27.5719699
47.173445,27.5732961
47.1693046,27.5766902
47.167087,27.5771674
47.165901,27.5791417
47.16542,27.580911
47.1650189,27.5826979
47.1645819,27.58424
47.1639488,27.5863999
47.1638869,27.5874688
47.1641475,27.5901985
47.1642116,27.5905741
47.1640656,27.5923698
47.1616111,27.5943569
47.1607963,27.5920179
47.1602439,27.5904129
47.1593125,27.5876005
47.1565532,27.5849819
47.153278,27.5879169
47.1528826,27.588412
47.1505616,27.5867696
47.149266,27.5854763
47.1475546,27.5840101
47.1425437,27.580536
47.1405477,27.5794703
47.1385317,27.5779258
47.1361258,27.5745886
47.1348828,27.5733221
47.1330415,27.5719997
47.1295097,27.5694424
47.127201,27.5678297
47.1244425,27.5673454
47.1234139,27.5673328
47.1232409,27.5682369
47.1232041,27.5683162
47.1231722,27.5683219
47.1230789,27.5684073
47.1230437,27.5684093
47.1230432,27.5684078
47.123271,27.5679601
47.1232621,27.5679218
47.1232594,27.5679235
47.1232592,27.5679241
47.1232591,27.5679201
47.1279364,27.5682459
47.1302918,27.569848
47.1323553,27.5713732
47.1338166,27.5725152
47.1360753,27.5748216
47.1383169,27.5773316
47.1424083,27.5804198
47.1447986,27.5818996
47.1482865,27.5848552
47.1502162,27.5863239
47.1512282,27.587429
47.152073,27.5881057
47.1576311,27.5851125
47.1590352,27.5871694
47.1592638,27.5880928
47.1604043,27.5907922
47.1615501,27.5943686
47.1635145,27.5932445
47.1642195,27.5904249
47.1638197,27.5872461
47.1640347,27.5858759
47.1643628,27.5847437
47.1650909,27.5824448
47.1655589,27.5808817
47.1668707,27.5762967
47.1677751,27.5733506
47.1691703,27.5697526
47.1683782,27.5687726
47.1683563,27.568682
47.1683623,27.5685451
47.1677123,27.5682138
47.1664643,27.5704437
47.1644437,27.5720106
47.1643567,27.5721317
47.1640577,27.5724904
47.1641187,27.572677
47.164137,27.5727613
47.1641373,27.572762
47.1641771,27.5727907
47.164291,27.5729407
47.1643499,27.5727786
47.1642708,27.572968
47.164274,27.5729774
47.164274,27.572985
47.1644984,27.5732249
47.1646596,27.5732983
47.1646581,27.5732961
47.1644714,27.5732444
47.1651849,27.5730923
47.1651183,27.5731623
47.1647526,27.5730195
47.1647767,27.5730281
47.1647767,27.5730281
47.1647767,27.5730281
47.1647767,27.5730281
47.1647767,27.5730281
47.1647767,27.5730281
47.1647767,27.5730281
47.1647767,27.5730281
47.1647767,27.5730281
47.1647767,27.5730281
47.1647767,27.5730281
47.1647767,27.5730281
47.1647767,27.5730281
47.1647767,27.5730281
47.1647767,27.5730281
47.1647767,27.5730281
47.1647767,27.5730281
47.1647767,27.5730281
47.1647767,27.5730281
47.1647767,27.5730281
47.1647767,27.5730281
47.1647767,27.5730281
47.1647767,27.5730281
47.1647767,27.5730281
47.1647767,27.5730281
47.1647767,27.5730281
47.1647767,27.5730281
47.1647767,27.5730281
47.1647767,27.5730281
47.1647767,27.5730281
47.1647767,27.5730281
47.1647767,27.5730281
47.1647767,27.5730281
47.1647767,27.5730281
47.1647767,27.5730281
47.1647767,27.5730281
47.1647767,27.5730281
47.1647767,27.5730281
47.1647767,27.5730281
47.1647767,27.5730281
47.1647767,27.5730281
47.1647767,27.5730281
47.1647767,27.5730281
47.1647767,27.5730281
47.1647767,27.5730281
47.1647767,27.5730281
47.1647767,27.5730281
47.1647767,27.5730281
47.1647767,27.5730281
47.1647767,27.5730281
47.1647767,27.5730281
47.1647767,27.5730281
47.1647767,27.5730281
47.1647767,27.5730281
47.1647767,27.5730281
47.1647767,27.5730281
47.1647767,27.5730281
47.1647767,27.5730281
47.1647767,27.5730281
47.1647767,27.5730281
47.1647767,27.5730281
47.1647767,27.5730281
47.1647767,27.5730281
47.1647767,27.5730281
47.1647767,27.5730281
47.1647767,27.5730281
47.1647767,27.5730281
47.1647767,27.5730281
47.1647767,27.5730281
47.1647767,27.5730281
47.1647767,27.5730281
47.1647767,27.5730281
47.1647767,27.5730281
47.1647767,27.5730281
47.1647767,27.5730281
47.1647767,27.5730281
47.1647767,27.5730281
47.1647767,27.5730281
47.1647767,27.5730281
47.1647767,27.5730281
47.1647767,27.5730281
47.1647767,27.5730281
47.1647767,27.5730281
47.1647767,27.5730281
47.1647767,27.5730281
47.1647767,27.5730281
47.1647767,27.5730281
47.1647767,27.5730281
47.1647767,27.5730281
47.1647767,27.5730281
47.1647767,27.5730281
47.1647767,27.5730281
47.1647767,27.5730281
47.1647767,27.5730281
47.1647767,27.5730281
47.1647767,27.5730281
47.1647767,27.5730281
47.1647767,27.5730281
47.1647767,27.5730281
47.1647767,27.5730281
47.1647767,27.5730281
47.1647767,27.5730281
47.1647767,27.5730281
47.1647767,27.5730281
47.1647767,27.5730281
47.1647767,27.5730281
47.1647767,27.5730281
47.1647767,27.5730281
47.1647767,27.5730281
47.1647767,27.5730281
47.1647767,27.5730281
47.1647767,27.5730281
47.1647767,27.5730281
47.1647767,27.5730281
47.1647767,27.5730281
47.1647767,27.5730281
47.1647767,27.5730281
47.1647767,27.5730281
47.1647767,27.5730281
47.1647767,27.5730281
47.1647767,27.5730281
47.1647767,27.5730281
47.1647767,27.5730281
47.1647767,27.5730281
47.1647767,27.5730281
47.1647767,27.5730281
47.1647767,27.5730281
47.1647767,27.5730281
47.1647767,27.5730281
47.1647767,27.5730281
47.1647767,27.5730281
47.1647767,27.5730281
47.1647767,27.5730281
47.1647767,27.5730281
47.1647767,27.5730281
47.1647767,27.5730281
47.1647767,27.5730281
47.1647767,27.5730281
47.1647767,27.5730281
47.1647767,27.5730281
47.1647767,27.5730281
47.1647767,27.5730281
47.1647767,27.5730281
47.1647767,27.5730281
47.1647767,27.5730281
47.1647767,27.5730281
47.1647767,27.5730281
47.1647767,27.5730281
47.1647767,27.5730281
47.1647767,27.5730281
47.1647767,27.5730281
47.1647767,27.5730281
47.1647767,27.5730281
47.1647767,27.5730281
47.1647767,27.5730281
47.1647767,27.5730281
47.1647767,27.5730281
47.1647767,27.5730281
47.1647767,27.5730281
47.1647767,27.5730281
47.1647767,27.5730281
47.1647767,27.5730281
47.1647767,27.5730281
47.1647767,27.5730281
47.1647767,27.5730281
47.1647767,27.5730281
47.1647767,27.5730281
47.1647767,27.5730281
47.1647767,27.5730281
47.1647767,27.5730281
47.1647767,27.5730281
47.1647767,27.5730281
47.1647767,27.5730281
47.1647767,27.5730281
47.1647767,27.5730281
47.1647767,27.5730281
47.1647767,27.5730281
47.1647767,27.5730281
47.1647767,27.5730281
47.1647767,27.5730281
47.1647767,27.5730281
47.1647767,27.5730281
47.1647767,27.5730281
47.1647767,27.5730281
47.1647767,27.5730281
47.1647767,27.5730281
47.1647767,27.5730281
47.1647767,27.5730281
47.1647767,27.5730281
47.1647767,27.5730281
47.1647767,27.5730281
47.1647767,27.5730281
47.1647767,27.5730281
47.1647767,27.5730281
47.1647767,27.5730281
47.1647767,27.5730281
47.1647767,27.5730281
47.1647767,27.5730281
47.1647767,27.5730281
47.1647767,27.5730281
47.1647767,27.5730281
47.1647767,27.5730281
47.1647767,27.5730281
47.1647767,27.5730281
47.1647767,27.5730281
47.1647767,27.5730281
47.1647767,27.5730281
47.1647767,27.5730281
47.1647767,27.5730281
47.1647767,27.5730281
47.1647767,27.5730281
47.1647767,27.5730281
47.1647767,27.5730281
47.1647767,27.5730281
47.1647767,27.5730281
47.1647767,27.5730281
47.1647767,27.5730281
47.1647767,27.5730281
47.1647767,27.5730281
47.1647767,27.5730281
47.1647767,27.5730281
47.1647767,27.5730281
47.1647767,27.5730281
47.1647767,27.5730281
47.1647767,27.5730281
47.1647767,27.5730281
47.1647767,27.5730281
47.1647767,27.5730281
47.1647767,27.5730281
47.1647767,27.5730281
47.1647767,27.5730281
47.1647767,27.5730281
47.1647767,27.5730281
47.1647767,27.5730281
47.1647767,27.5730281
47.1647767,27.5730281
47.1647767,27.5730281
47.1647767,27.5730281
47.1647767,27.5730281
47.1647767,27.5730281
47.1647767,27.5730281
47.1647767,27.5730281
47.1647767,27.5730281
47.1647767,27.5730281
47.1647767,27.5730281
47.1647767,27.5730281
47.1647767,27.5730281
47.1647767,27.5730281
47.1647767,27.5730281
47.1647767,27.5730281
47.1647767,27.5730281
47.1647767,27.5730281
47.1647767,27.5730281
47.1647767,27.5730281
47.1647767,27.5730281
47.1647767,27.5730281
47.1647767,27.5730281
47.1647767,27.5730281
47.1647767,27.5730281
47.1647767,27.5730281
47.1647767,27.5730281
47.1647767,27.5730281
47.1647767,27.5730281
47.1647767,27.5730281
47.1647767,27.5730281
47.1647767,27.5730281
47.1647767,27.5730281
