47.1647319,27.5730486
47.1647322,27.5730478
47.1647322,27.5730475
47.1647322,27.5730476
47.1647313,27.573048
47.164731,27.573048
47.1647306,27.5730476
47.1647303,27.5730474
47.1647305,27.5730469
47.1647305,27.5730469
47.1647307,27.5730467
47.164731,27.5730468
47.1647309,27.5730466
47.1647177,27.5730573
47.1647842,27.5730341
47.1647969,27.5730178
47.1647956,27.5730154
47.1647937,27.5730157
47.1648209,27.5729815
47.1647628,27.5730388
47.1647552,27.5730468
47.1647556,27.5730467
47.1647542,27.5730479
47.164751,27.5730509
47.1647484,27.5730524
47.1647513,27.5730498
47.1647511,27.5730503
47.1647613,27.5730271
47.1647578,27.5730106
47.1647501,27.5730218
47.1647361,27.5731098
47.1647205,27.5729385
47.1647588,27.5729942
47.164758,27.5729966
47.164755,27.5730012
47.1647528,27.573004
47.1647514,27.573007
47.1647501,27.5730092
47.1647495,27.5730107
47.1647495,27.573011
47.1647496,27.5730121
47.164746,27.573019
47.1647434,27.5730239
47.1647425,27.5730252
47.1647409,27.5730277
47.1647401,27.5730288
47.1647411,27.5730271
47.1647417,27.5730265
47.1647424,27.5730263
47.1647426,27.5730256
47.1647428,27.5730255
47.1647406,27.5730271
47.1647341,27.5730343
47.1647327,27.5730353
47.1647326,27.5730352
47.1647326,27.5730336
47.1647319,27.5730332
47.1647343,27.5730384
47.1647422,27.5730436
47.1647422,27.5730426
47.1647424,27.5730421
47.1647423,27.5730429
47.1647415,27.5730451
47.1647417,27.5730475
47.1647412,27.5730466
47.1647408,27.5730481
47.1647397,27.5730501
47.164738,27.5730542
47.1647075,27.5731096
47.164707,27.5730979
47.1646953,27.573092
47.1646955,27.5730918
47.1647188,27.5730499
47.1648773,27.5731167
47.1647546,27.5730775
47.1647512,27.5730789
47.1647503,27.5730789
47.1647491,27.5730801
47.1647463,27.5730812
47.1647455,27.5730809
47.1647446,27.5730809
47.1647439,27.5730808
47.1649603,27.5731298
47.1655239,27.5731319
47.1652732,27.5728955
47.1651633,27.5729437
47.1651949,27.572967
47.1651932,27.57296
47.1651886,27.5729502
47.1651895,27.5729509
47.1651912,27.5729521
47.1651914,27.5729518
47.1651946,27.5729522
47.1651979,27.5729541
47.1651992,27.5729552
47.1651996,27.572956
47.1652001,27.5729572
47.1652023,27.5729598
47.1652028,27.5729598
47.1652035,27.5729602
47.1652075,27.5729629
47.1652094,27.5729641
47.1652118,27.5729654
47.165212,27.5729648
47.1652113,27.5729644
47.1652113,27.5729606
47.1652094,27.5729576
47.165209,27.5729562
47.1652092,27.5729558
47.1652109,27.5729577
47.1652129,27.5729595
47.1652142,27.5729597
47.1652144,27.57296
47.1652146,27.5729576
47.1652175,27.5729581
47.1652212,27.5729598
47.165223,27.57296
47.1652252,27.5729587
47.165225,27.5729582
47.165225,27.5729582
47.165225,27.5729578
47.1652266,27.5729574
47.1652272,27.5729578
47.1652312,27.5729583
47.1652484,27.5728935
47.1652488,27.5728979
47.1652491,27.5728975
47.165249,27.5728979
47.16525,27.5728988
47.16525,27.5728988
47.1652511,27.5728994
47.1652511,27.5728994
47.1652504,27.5728946
47.1652504,27.572896
47.1652507,27.5728964
47.1652507,27.5728957
47.1652505,27.5728968
47.1652505,27.5728958
47.1652505,27.5728957
47.1652503,27.5728955
47.1652506,27.5728951
47.1652506,27.5728951
47.1652509,27.5728964
47.1652509,27.5728966
47.1652508,27.5728967
47.1652508,27.5728967
47.1652514,27.5728977
47.1652514,27.5728977
47.1652514,27.5728977
47.1652515,27.5728985
47.1652515,27.5728987
47.1652515,27.5728988
47.1652514,27.5728999
47.1652514,27.5728999
47.165251,27.5729019
47.1652507,27.5729028
47.1652508,27.5729028
47.1652507,27.5729034
47.1652508,27.5729031
47.165251,27.5729031
47.1652508,27.5729046
47.165251,27.5729047
47.165251,27.5729047
47.1652509,27.5729042
47.1652502,27.5729008
47.1652502,27.5729009
47.1659331,27.5722082
47.1657528,27.572352
47.165538,27.5727411
47.165538,27.5727411
47.165538,27.5727411
47.165538,27.5727411
47.1650875,27.5727312
47.1651733,27.5728315
47.1651758,27.5728352
47.1651758,27.5728352
47.1651758,27.5728352
47.1650216,27.5728345
47.1647986,27.5736884
47.1651367,27.5730892
47.1653324,27.5725382
47.1653324,27.5725382
47.1652692,27.5726391
47.1652873,27.5724819
47.1653066,27.5727387
47.1649393,27.5734977
47.1651762,27.5730334
47.1655257,27.5725158
47.1647926,27.5734614
47.1647198,27.5738345
47.1647198,27.5738345
47.1647198,27.5738345
47.1656716,27.5722243
47.1657199,27.5722889
47.1656028,27.57239
47.1653451,27.5726313
47.1653638,27.5726117
47.1652027,27.5728261
47.1652027,27.5728261
47.165616,27.5721782
47.1658288,27.5730341
47.1658288,27.5730341
47.1658288,27.5730341
47.1658288,27.5730341
47.1658288,27.5730341
47.1658288,27.5730341
47.1658288,27.5730341
47.1651643,27.5728929
47.1652667,27.5728921
47.1652721,27.5728892
47.1652753,27.5728884
47.1652771,27.5728863
47.1652803,27.5728843
47.1652795,27.5728826
47.1652806,27.5728817
47.1652797,27.5728814
47.1652859,27.5728856
47.165286,27.5728859
47.165286,27.5728859
47.165286,27.5728859
47.165286,27.5728859
47.1652633,27.5728777
47.165264,27.5728774
47.1652643,27.5728777
47.1652681,27.5728797
47.1652721,27.5728818
47.1652731,27.572883
47.1652731,27.572883
47.1652708,27.5728824
47.1652708,27.5728824
47.1652732,27.5728822
47.1652829,27.5728861
47.1652845,27.5728866
47.1652845,27.5728866
47.1652845,27.5728866
47.1652909,27.5728856
47.1652909,27.5728856
47.1652921,27.5728852
47.1652962,27.5728853
47.165296,27.5728856
47.165296,27.5728856
47.165296,27.5728856
47.165296,27.5728856
47.165296,27.5728856
47.165296,27.5728856
47.165296,27.5728856
47.1656411,27.5728801
47.1652049,27.572698
47.1652323,27.5727219
47.1652329,27.5727231
47.1652329,27.5727231
47.1652329,27.5727231
47.1652329,27.5727231
47.1652339,27.5727367
47.1652357,27.5727459
47.1652362,27.5727458
47.1652368,27.5727472
47.1652357,27.5727476
47.1652372,27.5727514
47.1652409,27.5727645
47.1652451,27.5727705
47.1652479,27.5727865
47.1652479,27.5727865
47.1652479,27.5727865
47.1653941,27.5729621
47.1653445,27.5730721
47.1653413,27.5729659
47.1653405,27.5729568
47.1653367,27.5729417
47.1653365,27.5729407
47.1653365,27.5729407
47.1653357,27.5729399
47.1653364,27.5729402
47.165336,27.5729406
47.165336,27.5729406
47.165336,27.5729406
47.1653356,27.5729343
47.1653353,27.5729329
47.1653332,27.57292
47.1653334,27.5729225
47.1653333,27.5729219
47.1653324,27.5729155
47.1653314,27.5729094
47.1653311,27.5729078
47.1653311,27.5729079
47.1653311,27.5729083
47.1653306,27.5729067
47.1653304,27.5729058
47.1653295,27.5729007
47.1653296,27.572902
47.1653296,27.572902
47.164922,27.5730695
47.1652939,27.5730205
47.1653533,27.5729983
47.1651788,27.5730151
47.1651788,27.5730151
47.1650261,27.5729632
47.1651682,27.573072
47.1654318,27.5725238
47.1655076,27.5725092
47.1655076,27.5725092
47.1655076,27.5725092
47.1651893,27.5731059
47.1653324,27.5727967
47.1653883,27.5730519
47.1653865,27.5730536
47.1653872,27.5730521
47.1653859,27.5730511
47.1653816,27.5730484
47.1653783,27.5730441
47.1653776,27.5730434
47.1653776,27.5730434
47.1650398,27.5736766
47.1653604,27.5730634
47.1654067,27.5727218
47.1651985,27.5729601
47.1651985,27.5729601
47.1651985,27.5729601
47.1650538,27.5728535
47.1650538,27.5728535
47.1460739,27.6154851
47.1460772,27.6154985
47.1460816,27.6155184
47.1460857,27.6155351
47.1460864,27.6155361
47.146087,27.6155351
47.1460872,27.6155363
47.1460876,27.6155365
47.1460901,27.6155471
47.1460919,27.6155559
47.146094,27.6155662
47.146096,27.615573
47.1460982,27.6155761
47.1460993,27.6155772
47.1460998,27.615578
47.1461,27.6155785
47.1461003,27.6155798
47.1461,27.6155815
47.1460998,27.6155829
47.1461009,27.6155867
47.1461017,27.6155934
47.1461014,27.6155935
47.1461011,27.6155942
47.1461011,27.6155954
47.1461106,27.6155691
47.14611,27.615556
47.14611,27.6155552
47.1461108,27.6155584
47.1461106,27.6155664
47.1461131,27.6155703
47.1461118,27.6155753
47.1461111,27.61558
47.14611,27.6155835
47.1461109,27.6155844
47.1461093,27.6155879
47.1461069,27.6155941
47.1461057,27.6155976
47.1461051,27.6156019
47.1461059,27.6156035
47.1461066,27.6156084
47.1461081,27.615612
47.1460816,27.6157224
47.1461054,27.6157336
47.1461812,27.6156913
47.1461786,27.6156884
47.1461779,27.6156886
47.1461719,27.6156775
47.1461105,27.6159697
47.1459053,27.6169185
47.1458633,27.6170172
47.1459042,27.6172803
47.1457357,27.6179127
47.1467419,27.6198185
47.1497764,27.6209391
47.1510815,27.6213383
47.1510771,27.6212206
47.1528331,27.6219754
47.1561556,27.6238593
47.1587999,27.6206057
47.1588516,27.6204319
47.1597789,27.6144597
47.1610517,27.6099517
47.1610347,27.609826
47.1620538,27.6070519
47.1626498,27.6054527
47.1622471,27.6018521
47.1633184,27.5952433
47.163883,27.592184
47.1642031,27.5904189
47.1639632,27.588887
47.164013,27.5859387
47.1644991,27.5844851
47.1650986,27.5821545
47.1653748,27.5808941
47.1662225,27.578542
47.1690014,27.577135
47.1706787,27.5755785
47.1733295,27.573644
47.1752565,27.5718714
47.1775345,27.5700023
47.1788462,27.5687629
47.1808127,27.5672068
47.1821581,27.5658803
47.1846927,27.5637109
47.1869888,27.5620641
47.1902125,27.5592686
47.1908,27.5591646
47.1908171,27.5591494
47.1908633,27.5592231
47.1907288,27.5592664
47.1908354,27.5591119
47.1908282,27.5591221
47.1906517,27.5583443
47.190653,27.5583497
47.1906541,27.558424
47.1906644,27.5585185
47.1906654,27.5585239
47.1906664,27.558525
47.1888963,27.5601781
47.1864654,27.5624282
47.1848166,27.5637698
47.1816712,27.5663422
47.1805029,27.5673708
47.1776978,27.5695934
47.1757246,27.5716326
47.1745137,27.5725394
47.1715253,27.5748927
47.1692616,27.5765797
47.1676323,27.5770153
47.1662949,27.5780848
47.1659143,27.5804328
47.1656195,27.5812368
47.1646532,27.5835854
47.1642293,27.5850759
47.1642038,27.587162
47.1641035,27.5889846
47.1641297,27.5902388
47.1640523,27.5920169
47.1625528,27.5944625
47.1618573,27.5948112
47.1601165,27.5895888
47.159764,27.5882303
47.1585859,27.5862709
47.1561201,27.5851387
47.1528457,27.5882606
47.1524795,27.5882234
47.1512634,27.5883759
47.1509206,27.5892912
47.1494543,27.5939579
47.1489675,27.5963005
47.1482412,27.6006486
47.1479764,27.6031409
47.147043,27.6087787
47.1470839,27.6087548
47.1464382,27.6136393
47.1456333,27.6186017
47.1456204,27.6187017
47.1463032,27.6196804
47.1497679,27.6208608
47.1510078,27.621188
47.1515951,27.6213577
47.1529825,27.622102
47.1560138,27.6242369
47.1575322,27.6222812
47.159041,27.6197523
47.1596948,27.6145785
47.1604597,27.6113148
47.1621703,27.6065705
47.1625631,27.6054566
47.162955,27.5988473
47.1633033,27.5952015
47.1639284,27.592417
47.1642752,27.5918378
47.1641542,27.5900599
47.16407,27.5858677
47.1642879,27.5845484
47.1655687,27.5807391
47.1663196,27.5780783
47.1687367,27.5770141
47.1713009,27.5752457
47.1728964,27.5738267
47.173983,27.5728758
47.1757548,27.5714712
47.1787918,27.568997
47.1807806,27.5673562
47.1821626,27.5660729
47.183807,27.5646916
47.1857033,27.5630922
47.1897306,27.5597972
47.1907344,27.5594135
47.1907558,27.5592493
47.1906737,27.5592979
47.1906734,27.5592956
47.1906729,27.5592952
47.1906729,27.5592935
47.1906739,27.5592931
47.1907045,27.5593549
47.1907006,27.559346
47.190697,27.5593405
47.190661,27.5582085
47.1907946,27.5582552
47.1908318,27.5582431
47.1900526,27.5592783
47.1871207,27.5618077
47.1860554,27.5628355
47.184719,27.5641734
47.1817608,27.5665875
47.1805213,27.5675468
47.1786155,27.5692554
47.1770163,27.5709581
47.1755345,27.571813
47.1751278,27.5719831
47.1720303,27.5743619
47.169701,27.576238
47.168895,27.5767216
47.166324,27.5776766
47.1657983,27.5813691
47.1651936,27.5835595
47.1642576,27.5853419
47.1639344,27.5871583
47.1638518,27.5884862
47.16414,27.590516
47.1639664,27.5914117
47.164021,27.5913762
47.1640476,27.5884371
47.1644503,27.5867903
47.1644503,27.5867903
47.1644503,27.5867903
47.1644503,27.5867903
47.1644503,27.5867903
47.1644503,27.5867903
47.1662391,27.5774014
47.1672595,27.573759
47.1687816,27.570559
47.1682922,27.568551
47.1668191,27.5697833
47.1656639,27.5713846
47.1641203,27.5721935
47.164074,27.5725535
47.1643298,27.5730691
47.1647775,27.5737088
47.1647553,27.5737122
47.1647549,27.5737135
47.1658548,27.5734329
47.1647512,27.5738267
47.1643981,27.5732319
47.1644127,27.573222
47.164415,27.5732195
47.1644099,27.5732346
47.1644103,27.5732355
47.1644103,27.573236
47.16441,27.5732361
47.164452,27.5732762
47.164449,27.5732728
47.1644478,27.5732711
47.1644463,27.5732745
47.1644465,27.5732742
47.1644461,27.5732738
47.1644456,27.573271
47.1644438,27.5732681
47.1644431,27.573265
47.1644426,27.573263
47.1644418,27.5732683
47.16444,27.5732697
47.1644399,27.5732698
47.1644392,27.5732716
47.1644381,27.5732728
47.1644372,27.5732755
47.1644361,27.5732747
47.1644354,27.5732743
47.164435,27.5732752
47.1644345,27.5732757
47.1644344,27.5732757
47.1644338,27.5732747
47.1644323,27.5732751
47.164432,27.5732758
47.164431,27.5732776
47.1644293,27.5732793
47.1644284,27.5732792
47.1644283,27.5732797
47.1643687,27.5732654
47.1643703,27.5732607
47.1643692,27.573261
47.1643693,27.5732621
47.1643684,27.5732635
47.1643701,27.5732636
47.1643702,27.5732642
47.1643705,27.5732643
47.1643706,27.5732643
47.1643706,27.5732645
47.1643706,27.5732636
47.1643713,27.5732633
47.1643707,27.5732622
47.164369,27.573261
47.1643659,27.5732579
47.1643457,27.5732474
47.1643442,27.5732489
47.1643431,27.5732512
47.1643426,27.5732527
47.1643425,27.5732535
47.1643421,27.5732549
47.1643422,27.5732555
47.1643422,27.5732554
47.1643429,27.5732544
47.1644312,27.57308
47.1643973,27.5731288
47.1644008,27.5732819
47.1644068,27.5732949
47.1644069,27.5732956
47.1643753,27.573181
47.1644016,27.5731908
47.1644018,27.5731908
47.1644024,27.5731929
47.1644012,27.5731967
47.1644005,27.5731982
47.1644005,27.5731986
47.1643993,27.5732007
47.1643992,27.5731988
47.1644003,27.5731984
47.1643996,27.5731962
47.1644489,27.5722952
47.1647126,27.5719221
47.1653723,27.5714553
47.1654005,27.5714087
47.1665168,27.5705655
47.1670718,27.5692744
47.1671759,27.5690333
47.1684479,27.5687265
47.1681817,27.5723346
47.1668177,27.5754792
47.165672,27.5799511
47.1653813,27.581603
47.1643297,27.5838702
47.1641749,27.5856292
47.1640882,27.5892202
47.1640693,27.5904002
47.1643432,27.5911887
47.1642745,27.5900732
47.1640907,27.5890995
47.1641457,27.5864014
47.164289,27.5845598
47.1656501,27.5812547
47.1657688,27.5810417
47.1666103,27.5777925
47.1708358,27.5755588
47.1723507,27.5742087
47.1754438,27.5717595
47.1754063,27.5718415
47.1782155,27.5694519
47.1806335,27.5674663
47.1817974,27.5665127
47.1834373,27.5650259
47.1854982,27.5626934
47.1890076,27.5604036
47.1892359,27.5600444
47.1892374,27.5600334
47.1901882,27.5591354
47.1907659,27.5592313
47.1907713,27.5591881
47.1907542,27.5592042
47.1907248,27.5592367
47.1907147,27.5592478
47.1907115,27.5592509
47.1908348,27.5591155
47.1908367,27.5591144
47.1908376,27.5591145
47.1908381,27.5591152
47.1908387,27.5591154
47.1907048,27.5585349
47.1907361,27.5585132
47.1907405,27.5585101
47.19074,27.5585108
47.1904977,27.5586165
47.1883798,27.5610056
47.1865337,27.5623016
47.1844708,27.5634713
47.1856122,27.564128
47.1807567,27.5673986
47.1794305,27.5685814
47.1758989,27.5715076
47.1749751,27.5723633
47.1717925,27.5747376
47.1694738,27.5764708
47.1677896,27.5769667
47.1666257,27.5776164
47.1655898,27.5798642
47.1657068,27.5802199
47.1652842,27.5812605
47.1650865,27.582666
47.1640203,27.5855327
47.1640705,27.5875295
47.1640689,27.5904719
47.1641998,27.5916281
47.162599,27.5944357
47.1610206,27.5921287
47.1599231,27.588726
47.159251,27.5871083
47.1571631,27.5850749
47.1540978,27.5867235
47.1525736,27.588385
47.1519386,27.5879313
47.1515804,27.5878777
47.1509914,27.5893829
47.1494734,27.5938471
47.1495189,27.593795
47.1491867,27.5950177
47.148473,27.5997062
47.1481696,27.6016059
47.1472923,27.607714
47.1469836,27.6105478
47.1457411,27.6181729
47.1458001,27.618518
47.1481133,27.6203436
47.1502265,27.6209576
47.1510492,27.6212444
47.1530062,27.622181
47.1538119,27.6245004
47.15616,27.624601
47.1561257,27.6238734
47.1591825,27.6197052
47.1599305,27.614722
47.1600414,27.6147253
47.1610999,27.6093555
47.161788,27.6082755
47.1625764,27.6059876
47.1624778,27.6015554
47.1633032,27.5975379
47.1639793,27.5909484
47.1644854,27.5899606
47.1639132,27.5878199
47.1642067,27.58545
47.1646458,27.5838742
47.1655635,27.5809414
47.1659786,27.5794901
47.1684885,27.5768769
47.1697881,27.5763382
47.1728001,27.5740008
47.1744005,27.5723623
47.1758449,27.5712083
47.1794125,27.5683075
47.181433,27.566696
47.183707,27.5650043
47.1857185,27.5632464
47.1887825,27.5605137
47.1906172,27.5593233
47.1905862,27.5592821
47.1906177,27.559124
47.1906205,27.5591253
47.1906231,27.5591261
47.1906246,27.559131
47.190628,27.5591364
47.1907297,27.5591406
47.190812,27.5591544
47.1907427,27.5583756
47.1908203,27.5585244
47.19083,27.5585295
47.1908301,27.5585336
47.1908309,27.5585351
47.1908014,27.5585485
47.1876135,27.5613371
47.1862524,27.5620742
47.1847092,27.5641326
47.1835785,27.5650318
47.1805407,27.567508
47.1780565,27.5696054
47.1758248,27.5713439
47.1746526,27.5724604
47.1735407,27.5733363
47.1704334,27.5758051
47.1688288,27.5768229
47.1666973,27.5774151
47.1653079,27.5803364
47.1651563,27.5817725
47.1645126,27.5842176
47.1645099,27.5843058
47.1637306,27.5867689
47.1640915,27.5899334
47.1642441,27.5908123
47.1636299,27.5931418
47.1632109,27.596467
47.1625736,27.6026898
47.1626622,27.6050314
47.1616076,27.6082
47.1609322,27.6099737
47.1601613,27.6134406
47.1596833,27.6155483
47.159231,27.6190166
47.1564285,27.6229942
47.1556306,27.6246545
47.152794,27.6213909
47.1520503,27.6213997
47.152065,27.6214395
47.148777,27.6204956
47.1461889,27.6195649
47.1465461,27.6134797
47.1468912,27.6108372
47.147921,27.6038841
47.1483884,27.602741
47.1483582,27.6009355
47.1492449,27.5951498
47.1490682,27.5952288
47.1490618,27.5952497
47.1511065,27.5890504
47.1512188,27.588398
47.1526303,27.5885235
47.1564585,27.5852589
47.1585048,27.5861405
47.1597153,27.5881885
47.1601558,27.5903061
47.1619222,27.5946771
47.164125,27.5923794
47.1643694,27.5893779
47.1639064,27.5887173
47.1640556,27.5866964
47.1644355,27.5842754
47.165332,27.5814731
47.165937,27.5797261
47.1684328,27.5768487
47.1696109,27.5765376
47.1734549,27.5733111
47.1743043,27.5730016
47.1755636,27.5716057
47.1775426,27.5701544
47.1797003,27.5681267
47.1812703,27.5658225
47.18339,27.5646572
47.1856311,27.5631974
47.1879546,27.5612702
47.1899511,27.5593605
47.1901411,27.559459
47.1908085,27.5586257
47.1905397,27.5586582
47.1901924,27.5582794
47.1905189,27.5583386
47.1907339,27.5581991
47.1907473,27.5583638
47.1906783,27.5583377
47.1906819,27.5583404
47.1906815,27.5583434
47.1867911,27.5625806
47.184787,27.5639517
47.181379,27.5667601
47.1806418,27.5674708
47.1767041,27.5703742
47.1748271,27.5717892
47.1736403,27.5731419
47.1707515,27.5755247
47.1691559,27.5764248
47.1666666,27.5779081
47.165703,27.5802093
47.1648818,27.5829193
47.1647894,27.5835524
47.1639281,27.5859085
47.1638207,27.5883152
47.1642351,27.5904496
47.1638392,27.5922663
47.1631912,27.5964451
47.1623842,27.6015774
47.1624899,27.6048096
47.1615461,27.6084254
47.1606919,27.6112209
47.1602228,27.6133147
47.1602972,27.6129854
47.1602942,27.6129836
47.159265,27.6186968
47.1567488,27.6234829
47.1557222,27.6247112
47.1529698,27.6217709
47.1519506,27.6216757
47.1492525,27.6204993
47.146407,27.6196627
47.1457409,27.6194108
47.1465685,27.6110249
47.1468152,27.6112464
47.1474069,27.6071137
47.1482779,27.6038837
47.1479498,27.6036977
47.1479498,27.6036977
47.1479498,27.6036977
47.1479498,27.6036977
47.1509761,27.5895793
47.151231,27.5884564
47.1515238,27.5881577
47.151737,27.5877296
47.1549451,27.5862943
47.1585639,27.5861969
47.1594347,27.5879384
47.1603341,27.5911013
47.1616483,27.5942816
47.1620655,27.5945645
47.1638879,27.5924239
47.164275,27.5905205
47.163761,27.5876961
47.164312,27.5851147
47.1648011,27.5831181
47.1656946,27.5807694
47.166323,27.5783629
47.169192,27.5767737
47.1735647,27.5731695
47.1754065,27.5716319
47.1789481,27.5689563
47.1809169,27.5667167
47.1823383,27.5660266
47.1855781,27.5629003
47.1884342,27.5606214
47.1904908,27.559183
47.1904415,27.5592972
47.1906318,27.5592429
47.1906343,27.5592437
47.1906383,27.5592453
47.1909477,27.5590887
47.1909581,27.5591224
47.1909554,27.5591236
47.1909529,27.5591217
47.1909499,27.5591257
47.1909446,27.5591359
47.1908908,27.5591426
47.1906451,27.5597215
47.1906666,27.5593116
47.1907735,27.5594601
47.1908577,27.559249
47.1908565,27.5592496
47.1908559,27.5592447
47.1908549,27.5592399
47.19088,27.5585668
47.1905837,27.558234
47.190668,27.5584957
47.190668,27.5584959
47.1906681,27.558494
47.1906677,27.5584943
47.190667,27.5584954
47.1906677,27.5584946
47.1906682,27.5584928
47.1906679,27.5584917
47.1867122,27.5628353
47.1845686,27.5638534
47.1844624,27.5637386
47.1797024,27.5672581
47.1795635,27.568562
47.1759302,27.5712404
47.1747734,27.5723011
47.1734517,27.5733459
47.1707921,27.5755126
47.1687411,27.5769528
47.1662857,27.5779774
47.1655556,27.5808344
47.165355,27.5816867
47.1651094,27.5831492
47.1641953,27.5857529
47.1639123,27.587522
47.1639953,27.5892498
47.1641286,27.5905829
47.1630922,27.593878
47.1611335,27.5959833
47.1591489,27.5999373
47.1564162,27.6036671
47.156329,27.603765
47.1538738,27.6039777
47.1526746,27.6036251
47.1491489,27.6026589
47.1481206,27.6024309
47.147064,27.6084716
47.1470215,27.6092014
47.147092,27.6093391
47.1457815,27.618153
47.1456831,27.618731
47.1453945,27.6209651
47.1441035,27.6308358
47.143301,27.6363757
47.1433395,27.6420415
47.1431809,27.6430846
47.143489,27.6436269
47.1434898,27.6436288
47.1434906,27.6436267
47.1435233,27.6409966
47.1433627,27.6367446
47.1437838,27.6323363
47.1445303,27.6273719
47.1451334,27.6224794
47.1453395,27.6212217
47.1457165,27.6188038
47.1467637,27.6124122
47.1470237,27.6099087
47.147862,27.6038076
47.1479736,27.6033171
47.148176,27.602668
47.1492125,27.6026245
47.1531149,27.6037455
47.1535251,27.6038652
47.1555129,27.6042555
47.1564234,27.6034769
47.1565683,27.6036352
47.1580859,27.6017685
47.1603525,27.5976252
47.1612343,27.5958356
47.1621644,27.5948376
47.1640556,27.5922487
47.1642126,27.5903966
47.1636991,27.5885008
47.1638584,27.5880745
47.1641263,27.5854362
47.1642831,27.58498
47.1643175,27.5849279
47.1655042,27.580868
47.1656526,27.5807969
47.1660632,27.5789628
47.1688744,27.5767368
47.17194,27.5745287
47.1741065,27.5729688
47.176497,27.5709249
47.1786915,27.5688934
47.1808421,27.5671734
47.1818419,27.5659475
47.1848569,27.5635348
47.1864694,27.5625444
47.1902434,27.5592251
47.1908007,27.5592836
47.1906818,27.5593077
47.1906809,27.5593136
47.1906661,27.5581818
47.190879,27.5586722
47.1908826,27.55866
47.1908785,27.5586683
47.1908761,27.5586688
47.1908774,27.5586637
47.1908771,27.5586609
47.1896169,27.5599534
47.1864761,27.5624092
47.1853045,27.5634313
47.1848119,27.5638397
47.1811608,27.5667858
47.1799453,27.5677745
47.1772768,27.5702137
47.1751158,27.5720559
47.1743097,27.5725153
47.170705,27.5754199
47.1687714,27.5755703
47.1665796,27.5773976
47.1653907,27.5792678
47.1654365,27.5808805
47.1649531,27.5822274
47.1641823,27.584996
47.1641686,27.5855709
47.1639867,27.5876624
47.163894,27.5879058
47.1642455,27.5905886
47.1642569,27.5918787
47.1617855,27.5949909
47.1616857,27.5967559
47.1590466,27.5999599
47.1570712,27.6029599
47.1562362,27.6036354
47.1558097,27.6039049
47.153954,27.6038409
47.1497054,27.6026322
47.1488541,27.6024086
47.1472571,27.6082066
47.1470024,27.6102874
47.1459919,27.6182126
47.1457389,27.6189471
47.1451454,27.619762
47.1446073,27.6274979
47.1436031,27.6335207
47.1432814,27.6374424
47.1432551,27.6434645
47.1431818,27.6433971
47.1436333,27.6434369
47.1436307,27.6434351
47.1433697,27.639922
47.1434348,27.6352651
47.1443617,27.6286333
47.1453356,27.6212055
47.1458439,27.6181455
47.1468435,27.6109554
47.1473223,27.6072679
47.1480843,27.602655
47.1507764,27.6031572
47.1532171,27.6037499
47.1566225,27.6033517
47.1590294,27.6004842
47.1601402,27.5981527
47.1615262,27.5954049
47.1638681,27.5926759
47.1642594,27.5902
47.1638781,27.5873763
47.1646353,27.5841061
47.1653271,27.5816621
47.1657493,27.580869
47.1664283,27.5782812
47.1700651,27.5761741
47.172057,27.57444
47.1768812,27.570522
47.1783454,27.5697679
47.1811776,27.5669259
47.185257,27.5634259
47.1874919,27.5613132
47.1900791,27.5592957
47.1900346,27.559729
47.1901263,27.5592221
47.1900234,27.5591457
47.190026,27.5591476
47.1900273,27.5591555
47.1900281,27.559161
47.1905593,27.5593582
47.1905432,27.559336
47.1905428,27.5593357
47.1905433,27.5593351
47.1905459,27.5593408
47.1906027,27.5592854
47.1906137,27.5593748
47.1906088,27.5593735
47.190625,27.5593928
47.190648,27.5594203
47.1906563,27.5594265
47.190666,27.5594304
47.1906686,27.5594321
47.190671,27.5594335
47.1906727,27.5594349
47.1908117,27.5583114
47.1906954,27.5583632
47.1906191,27.5585126
47.1906252,27.5585178
47.1906334,27.5585088
47.1906111,27.5585374
47.1868175,27.5627325
47.1836895,27.5649261
47.1807219,27.5673388
47.1785039,27.5692022
47.1765888,27.5709451
47.1749804,27.5721507
47.1735285,27.5730794
47.1722284,27.5746122
47.1691477,27.5767961
47.1682666,27.5769628
47.1659637,27.5791052
47.1657201,27.581283
47.1649106,27.583052
47.1646767,27.5844381
47.1639932,27.5861981
47.163701,27.5876074
47.1638987,27.590699
47.1639654,27.5913179
47.1639973,27.5913377
47.1640335,27.5913655
47.1644122,27.5902957
47.1638206,27.5876154
47.1640929,27.5854615
47.1640471,27.5853494
47.1656357,27.5808496
47.1661549,27.57843
47.168953,27.5767823
47.1706977,27.5756491
47.1750119,27.5721606
47.1768089,27.5706745
47.1800171,27.5678345
47.1813186,27.566884
47.1841143,27.5644118
47.1870912,27.5618832
47.1904729,27.5593411
47.1906129,27.559343
47.190612,27.5593425
47.1906133,27.5593415
47.1906146,27.5593402
47.1906178,27.5593384
47.1906184,27.5593372
47.1906219,27.5593341
47.1906298,27.5593272
47.1906568,27.5592393
47.1905361,27.5584835
47.190541,27.5584789
47.190567,27.5584678
47.1883058,27.5607089
47.1864233,27.5624941
47.1841784,27.5646689
47.1801416,27.5674407
47.1794546,27.5684428
47.1766391,27.570618
47.1747877,27.572327
47.1720965,27.5744195
47.1689697,27.5767849
47.1665687,27.5774444
47.1658503,27.579744
47.1656994,27.5810835
47.1651788,27.5822351
47.1643163,27.5844753
47.1641,27.5855324
47.1642073,27.5868331
47.1641061,27.5901633
47.1639712,27.5911301
47.1623539,27.5945298
47.1623702,27.5945529
47.1599848,27.5964514
47.1588498,27.6001831
47.1561567,27.603566
47.1562541,27.6038238
47.1518941,27.6034616
47.1488676,27.6024414
47.1480154,27.6029087
47.1471216,27.608601
47.1470971,27.6085946
47.1462123,27.6168245
47.1457433,27.6190424
47.1445687,27.6265798
47.1434531,27.6364765
47.1433153,27.6431698
47.1432215,27.6434906
47.1436632,27.6435386
47.1436343,27.6435693
47.1434053,27.6376833
47.1441179,27.6300208
47.1443462,27.6287619
47.1453758,27.6210851
47.1463681,27.6144567
47.1468069,27.6112547
47.1468114,27.6112073
47.1478765,27.6035145
47.1479158,27.6029809
47.151156,27.6033256
47.1539836,27.6040234
47.156715,27.6034159
47.1586175,27.6014624
47.1585292,27.6015428
47.1602649,27.5978781
47.163135,27.5936303
47.1642079,27.5908023
47.1639018,27.5888295
47.1639919,27.5868112
47.1642135,27.5852454
47.1650139,27.5828037
47.1658977,27.5812855
47.1661097,27.5787012
47.1687721,27.5767659
47.171304,27.5752268
47.1741509,27.5727464
47.176751,27.5705812
47.1801686,27.5676106
47.1820608,27.5660823
47.1857486,27.5630522
47.1876561,27.5613716
47.1904875,27.5592272
47.1908388,27.5594426
47.1908388,27.5594426
47.1908704,27.5592364
47.1906438,27.5585995
47.1906143,27.5584644
47.1904984,27.5587713
47.187674,27.5614553
47.1858845,27.5629901
47.1847073,27.5639975
47.180816,27.5672688
47.1787874,27.5689661
47.1757726,27.5713648
47.1746562,27.5722515
47.1716484,27.5747316
47.1687732,27.5766565
47.1664026,27.5777486
47.1655035,27.5804668
47.1651436,27.5821069
47.1642561,27.5853593
47.1638485,27.587257
47.1640812,27.5909116
47.163621,27.5930085
47.1622772,27.5947091
47.1599174,27.5984266
47.1587743,27.6004566
47.1569002,27.6031367
47.1553775,27.6043775
47.1541763,27.6039953
47.1495981,27.602626
47.1475814,27.6059384
47.1471231,27.6086229
47.1462832,27.6147713
47.1459633,27.6180899
47.1455118,27.6207113
47.1441857,27.6299921
47.1433836,27.63855
47.1432608,27.6437212
47.1431358,27.6435529
47.1434994,27.6436248
47.1435917,27.6434712
47.1433386,27.639229
47.1438713,27.6321528
47.1447233,27.6249693
47.1457468,27.6193386
47.1470197,27.6110892
47.1468379,27.6110519
47.1475621,27.6059752
47.147847,27.6035171
47.1483713,27.602352
47.1523228,27.6035449
47.154362,27.6040888
47.1567033,27.603121
47.1584205,27.6015487
47.1587504,27.6005436
47.1614004,27.5955384
47.1627686,27.5943481
47.1641037,27.5918116
47.1642462,27.5903483
47.1637898,27.588895
47.1639847,27.5857582
47.1644717,27.5842438
47.1653112,27.581434
47.1657366,27.5805981
47.1672187,27.5775467
47.1695191,27.5771635
47.1743236,27.5727236
47.1757925,27.5714944
47.1784574,27.5693828
47.1806314,27.5672785
47.1834647,27.5648245
47.1854193,27.5631294
47.1867511,27.5622297
47.1897801,27.5596807
47.1904176,27.5588995
47.1908035,27.5592191
47.1908361,27.5588851
47.190927,27.5583886
47.1908878,27.5583783
47.1908898,27.5583803
47.1908879,27.5583868
47.1908381,27.5584255
47.1908454,27.5584267
47.1908451,27.5584275
47.1908427,27.5584283
47.1908417,27.5584276
47.1908388,27.5584413
47.1908388,27.5584413
47.1851014,27.5639894
47.1817033,27.5668464
47.1799204,27.5679249
47.1782228,27.5695751
47.174711,27.5722915
47.1736424,27.5730698
47.1705835,27.5758429
47.1685196,27.5771011
47.1660471,27.5791369
47.1655521,27.5809187
47.1649439,27.5828327
47.1643225,27.5846214
47.1638793,27.5870984
47.1635367,27.5887767
47.1642021,27.5905721
47.1626828,27.5944142
47.1611157,27.595987
47.1590481,27.600023
47.1576407,27.6023928
47.1556268,27.6041743
47.1544962,27.6040931
47.1497254,27.6027221
47.1478689,27.6039672
47.1471638,27.6087263
47.1468072,27.6113793
47.1456952,27.6183672
47.1456172,27.6193949
47.1452633,27.6211643
47.1441021,27.6297698
47.1433562,27.6358811
47.1434928,27.642308
47.1432565,27.6435312
47.1436374,27.6434785
47.1436352,27.6434733
47.1436318,27.6434636
47.1436315,27.6434594
47.143631,27.6434581
47.1436322,27.6434595
47.14363,27.6434547
47.1434508,27.6395534
47.1434287,27.6331881
47.1449287,27.624656
47.1455035,27.6195702
47.1472339,27.6108277
47.1468077,27.6109106
47.1471294,27.6084427
47.1480062,27.6031367
47.1495832,27.6027144
47.1536127,27.6038753
47.156586,27.6037268
47.156784,27.6033976
47.158949,27.6014655
47.1589241,27.6003503
47.1604555,27.5971331
47.1626205,27.5945626
47.1644848,27.5921337
47.1641151,27.5897952
47.1638832,27.5887811
47.1637887,27.5870039
47.1646641,27.5840078
47.1651081,27.581999
47.1657397,27.5797566
47.1684897,27.5769819
47.170772,27.5756079
47.1743157,27.5724783
47.1753679,27.5717226
47.1783708,27.5691047
47.1808541,27.5669688
47.1833912,27.5648445
47.1853937,27.5630818
