47.1364346,27.5949184
47.1367829,27.5997781
47.1371091,27.604965
47.1371883,27.6060746
47.1388028,27.6041404
47.1415066,27.6002379
47.1427049,27.6020411
47.1448025,27.6063985
47.1460504,27.6091461
47.1467633,27.6106749
47.1456795,27.6185616
47.1477486,27.6202632
47.1512104,27.6213363
47.1535417,27.6241646
47.1562941,27.6238298
47.1589262,27.6203211
47.159952,27.61435
47.1608015,27.6107611
47.1615282,27.608851
47.1615318,27.6088461
47.1615256,27.6087894
47.1615187,27.608783
47.1615241,27.6087807
47.1615286,27.6087791
47.1603604,27.6118173
47.1599308,27.6144822
47.1590997,27.6194079
47.1563718,27.6235829
47.1534995,27.6236856
47.1520639,27.6214305
47.1497943,27.6207689
47.1463987,27.6197692
47.1457801,27.6194161
47.1459447,27.6177359
47.1461091,27.6167753
47.1462046,27.6162144
47.1464536,27.6141651
47.1466851,27.6124138
47.1470117,27.6105743
47.145918,27.6085581
47.1446617,27.6059139
47.1429296,27.602279
47.1421761,27.6006947
47.1419356,27.6001058
47.141099,27.6004149
47.1389559,27.6037217
47.1372191,27.6052503
47.136924,27.600977
47.1365963,27.595925
47.1364373,27.5937175
47.135549,27.5869221
47.1352695,27.5830522
47.1339031,27.5781413
47.1340955,27.5736073
47.1329848,27.5718656
47.1307678,27.570261
47.1294749,27.5693578
47.1291598,27.5691315
47.1251066,27.5672517
47.1198479,27.5646174
47.1174093,27.5630825
47.1142824,27.5611167
47.1110869,27.5598236
47.1077239,27.5595123
47.1041087,27.5596139
47.1002893,27.5597004
47.0968953,27.5589355
47.0965456,27.5625953
47.0963362,27.566566
47.0962986,27.5660181
47.0962993,27.566019
47.0962999,27.5660211
47.0962999,27.5660209
47.0962934,27.5660092
47.0962745,27.5660011
47.0962742,27.5660024
47.0962738,27.566004
47.0962733,27.566005
47.0962735,27.5660058
47.0962744,27.5660081
47.0962855,27.56602
47.0964267,27.5643107
47.096573,27.5632381
47.0965725,27.5632363
47.0965535,27.5632142
47.0965674,27.5632365
47.0965688,27.5632368
47.0965712,27.5632387
47.0965731,27.5632406
47.0965749,27.5632417
47.0965705,27.563236
47.0965658,27.5632277
47.0965615,27.562884
47.0971911,27.5590456
47.1006454,27.5598394
47.1050924,27.5596987
47.1080665,27.5595697
47.1114113,27.5601126
47.1148449,27.5614795
47.1172384,27.5630258
47.1196888,27.5646507
47.1237507,27.567273
47.1263154,27.5673539
47.1296545,27.5695292
47.1339231,27.5726343
47.1339306,27.5752712
47.1340189,27.5762708
47.1341626,27.5806794
47.1353855,27.5866529
47.136306,27.5932893
47.1364466,27.5946464
47.136832,27.6005643
47.1369587,27.6022062
47.1369745,27.6029147
47.1370875,27.6049708
47.1372065,27.6061584
47.1402598,27.6019836
47.1420702,27.6006578
47.1446314,27.6060242
47.1460656,27.6091636
47.1466333,27.6118702
47.145908,27.617097
47.145814,27.617451
47.145641,27.6184734
47.145635,27.6184995
47.1463239,27.619854
47.1492008,27.6207097
47.1505606,27.6211624
47.1530779,27.6221386
47.1556567,27.624776
47.1573148,27.6225032
47.159282,27.6187508
47.1599659,27.6144165
47.1614819,27.6088411
47.1615005,27.6088096
47.1615051,27.6088406
47.1615099,27.6088495
47.1614864,27.608848
47.1614856,27.6088456
47.1614956,27.6088327
47.1612435,27.60907
47.1601626,27.6127124
47.1595194,27.6169954
47.1582455,27.621043
47.1563293,27.6236456
47.1529386,27.6219383
47.1514281,27.621269
47.1472621,27.6200042
47.146142,27.6167934
47.146957,27.6108791
47.147076,27.6103027
47.1465085,27.6095205
47.1448003,27.6061514
47.144271,27.6051004
47.1437229,27.6038636
47.1436551,27.6037816
47.1431252,27.6026689
47.1430197,27.6024339
47.142773,27.6019649
47.1427248,27.6018104
47.1424786,27.6013491
47.1422883,27.6009257
47.1422546,27.6008616
47.142011,27.6003183
47.1418437,27.6000094
47.1414934,27.5998998
47.1411106,27.600516
47.1398207,27.602438
47.1391917,27.6033779
47.1378964,27.6052548
47.1371182,27.6035002
47.1367787,27.5982865
47.1364789,27.5940315
47.1357075,27.5881831
47.1353115,27.5843169
47.1341406,27.5765984
47.1340549,27.5736856
47.1329493,27.5717663
47.1300529,27.5697575
47.1280869,27.568404
47.1250416,27.5672363
47.119404,27.5643018
47.1170656,27.5628434
47.1148879,27.5615665
47.1141253,27.5610141
47.1123515,27.5604879
47.1107673,27.5595517
47.1055749,27.5595192
47.1009378,27.5597218
47.0972531,27.5590156
47.0966214,27.5615879
47.096532,27.5665589
47.0965052,27.5665561
47.0965057,27.5665587
47.096376,27.566513
47.0963257,27.5659459
47.0963218,27.5659549
47.0963223,27.5659357
47.0965633,27.5632423
47.0965562,27.5632177
47.0965575,27.5632169
47.0971479,27.5589942
47.1019782,27.5597434
47.1063,27.5596365
47.1103552,27.5593343
47.1157285,27.5620978
47.1194292,27.5644886
47.1237558,27.5672422
47.1287089,27.5688444
47.1316598,27.5709494
47.1337227,27.5724847
47.1339016,27.5757947
47.1351359,27.5828998
47.1356329,27.5882018
47.1362996,27.5939893
47.1363684,27.5948952
47.1367847,27.6005933
47.1370865,27.6049519
47.1371986,27.6061179
47.139587,27.6028906
47.1418534,27.6003465
47.1444669,27.6057024
47.1459026,27.6088351
47.1467076,27.6105319
47.1457651,27.6196963
47.1492677,27.620729
47.1521333,27.6215927
47.1539679,27.6250418
47.1563324,27.6238136
47.159051,27.6199447
47.1599509,27.6143478
47.1614617,27.6089192
47.1615275,27.6088178
47.1615274,27.6088171
47.1615272,27.6088166
47.1615255,27.6088148
47.1615238,27.6088139
47.1615235,27.608811
47.1615211,27.6088394
47.1615101,27.608846
47.1615103,27.6088469
47.1615102,27.6088463
47.1611503,27.6093496
47.1601041,27.6128294
47.1599212,27.613738
47.15912,27.6192097
47.1568485,27.6229824
47.1557521,27.6245484
47.1525758,27.621652
47.1518553,27.6213386
47.1488192,27.6204821
47.1460708,27.6195766
47.1468158,27.6117613
47.1463319,27.6093818
47.1447609,27.6061574
47.1429523,27.6023815
47.1418755,27.6000047
47.1416911,27.5997307
47.1396443,27.6027213
47.1372434,27.6056896
47.1369864,27.601881
47.1367197,27.597669
47.1364125,27.5933337
47.1356515,27.5879043
47.1353437,27.5847453
47.1340452,27.5776226
47.1341017,27.5735136
47.1323905,27.5713504
47.1288684,27.5689313
47.1251187,27.5671843
47.1194777,27.564436
47.1169536,27.5628074
47.1138904,27.560869
47.1106791,27.5594822
47.1054581,27.5595518
47.1007685,27.5597387
47.0971112,27.5589406
47.0966397,27.5613976
47.0962488,27.566476
47.0963197,27.5661059
47.0963193,27.5660696
47.0963201,27.5660693
47.0963087,27.5660851
47.0965023,27.5638446
47.0965521,27.563513
47.0965128,27.5634824
47.0965158,27.5635392
47.0965163,27.5635443
47.09653,27.5635596
47.0965329,27.5635494
47.0965328,27.5635493
47.096533,27.5635485
47.0965327,27.5635476
47.0965546,27.5633504
47.0965616,27.5633313
47.0971917,27.5590412
47.1027338,27.5597268
47.1070349,27.5596241
47.1103186,27.5592783
47.1140843,27.561046
47.119555,27.5645226
47.1237002,27.5672466
47.1285676,27.5688127
47.1320665,27.5712249
47.1339316,27.5754968
47.1342316,27.5807939
47.135382,27.5866949
47.1360764,27.5920196
47.1364124,27.5948918
47.1367984,27.6005577
47.1370897,27.6049394
47.1380279,27.6052587
47.1417054,27.6000296
47.1430273,27.6027479
47.145765,27.6084978
47.1524833,27.6031608
47.152484,27.6031617
47.1534132,27.602546
47.152017,27.6027271
47.152006,27.6027012
47.1614665,27.6088364
47.1614265,27.6087629
47.1604877,27.6113236
47.1599203,27.6142807
47.1590897,27.6195536
47.1563489,27.6236275
47.1535903,27.6242288
47.1520007,27.6214568
47.1484222,27.6203843
47.1457546,27.6191977
47.14654,27.6135842
47.1470146,27.6099905
47.1448278,27.6063005
47.1430015,27.6024593
47.1419087,27.6003284
47.1418887,27.6002258
47.1409266,27.600802
47.1396032,27.6027422
47.1379159,27.6052135
47.1371926,27.6053118
47.1369699,27.6016933
47.1366159,27.5962821
47.1364536,27.5946166
47.1359078,27.5898843
47.1356297,27.5879381
47.1352753,27.5841775
47.1336663,27.5794641
47.1340023,27.5755443
47.1340241,27.5738123
47.1325627,27.5715426
47.1287451,27.5687768
47.1243391,27.5672169
47.1191056,27.564118
47.1163065,27.5624289
47.1134782,27.5606543
47.1079533,27.5595366
47.1043748,27.5596878
47.098149,27.5592569
47.0967886,27.5600842
47.0963823,27.5645891
47.0962789,27.5664643
47.0963166,27.5660277
47.096316,27.5660284
47.0963154,27.5660289
47.0965635,27.5633214
47.0965226,27.563288
47.0965233,27.5632878
47.0965251,27.5632882
47.096805,27.5592557
47.0995362,27.5595561
47.1048976,27.5596815
47.1082009,27.5595213
47.112023,27.5605176
47.1157151,27.5620649
47.119203,27.5643072
47.1199359,27.5648528
47.1236662,27.5672693
47.1286865,27.5689176
47.1320932,27.5712668
47.1341869,27.5729544
47.1340741,27.5770698
47.1345956,27.5813938
47.1353123,27.5867042
47.1360975,27.5922418
47.1364832,27.5960024
47.1367847,27.6001114
47.1370036,27.603838
47.1371364,27.6055705
47.1377482,27.6057017
47.1416034,27.6001271
47.1430136,27.6027318
47.1447309,27.6063146
47.1454524,27.607888
47.1459987,27.6091079
47.1460169,27.609157
47.1461981,27.6146933
47.1457151,27.6183829
47.145823,27.6197013
47.1483343,27.6203774
47.1519946,27.6216077
47.1538874,27.6249621
47.1569835,27.6228601
47.1592442,27.6189648
47.1599989,27.6145078
47.1605105,27.6117377
47.1615201,27.6087703
47.1615138,27.6087625
47.1615146,27.608764
47.1614816,27.608776
47.1614774,27.6088047
47.1614809,27.6088048
47.1614823,27.6088044
47.1614823,27.6088049
47.1614824,27.6088052
47.1614729,27.6088089
47.1614819,27.6088397
47.1614818,27.6088391
47.1614819,27.6088379
47.1614817,27.6088368
47.1614823,27.6088364
47.1614827,27.6088356
47.1614824,27.6088347
47.1609673,27.6099194
47.1600496,27.6135055
47.1598804,27.6141313
47.1591207,27.6192381
47.1563421,27.6236161
47.1545389,27.6252967
47.1519735,27.6214044
47.1488708,27.6204741
47.1460576,27.6196326
47.1467819,27.6117237
47.1469487,27.6097883
47.144834,27.6062391
47.1430271,27.6024861
47.1419295,27.6002011
47.1417604,27.5998114
47.1404939,27.6014039
47.1379502,27.6052163
47.13708,27.603423
47.1367526,27.5984598
47.1364572,27.5941808
47.1357344,27.5884072
47.1354224,27.5861784
47.1338046,27.578496
47.1340083,27.5741144
47.1330008,27.5717578
47.1306883,27.5701707
47.1274502,27.5677924
47.1229209,27.5665751
47.1184733,27.5637254
47.1168605,27.5627055
47.1131251,27.5605326
47.110027,27.5590386
47.1053599,27.5595568
47.1005359,27.5597389
47.0971349,27.5589048
47.0967062,27.5614684
47.0962398,27.5662445
47.0965924,27.5666072
47.0964532,27.566565
47.096319,27.5660015
47.0963191,27.5659993
47.0965541,27.563765
47.0965874,27.5632483
47.0965874,27.5632477
47.0965633,27.5632479
47.096567,27.5632434
47.096584,27.5632452
47.0965869,27.563258
47.0965911,27.5632649
47.096591,27.5632642
47.0965657,27.5630594
47.0971691,27.559083
47.1006645,27.5598072
47.1052274,27.5596989
47.1083839,27.5595001
47.1113867,27.5600974
47.1141117,27.5611422
47.1159173,27.5621927
47.1171556,27.5630405
47.1211152,27.5655507
47.1233704,27.5669565
47.1253048,27.567343
47.1287631,27.5688695
47.1312,27.5706598
47.1340532,27.573407
47.1340736,27.5770037
47.1351082,27.5827093
47.1354277,27.5867797
47.1359642,27.5903883
47.1364227,27.5947094
47.1366637,27.5975351
47.1370019,27.602938
47.137259,27.6061462
47.1387094,27.6042967
47.1418677,27.6002997
47.1441561,27.6050628
47.1455897,27.6081209
47.1460264,27.6090972
47.146479,27.6099588
47.1463298,27.6139543
47.1457317,27.6183513
47.1461584,27.6198113
47.1497921,27.6208507
47.1522449,27.6216598
47.1539989,27.6250297
47.1564903,27.6237275
47.1588737,27.6205076
47.1596457,27.6164769
47.1599264,27.6149146
47.1600456,27.6144838
47.16038,27.612115
47.1616585,27.6083804
47.1617006,27.608349
47.1616864,27.6083234
47.1616865,27.6083241
47.1616861,27.6083261
47.1616862,27.6083268
47.1616865,27.6083277
47.1616869,27.6083289
47.1616863,27.6083288
47.1616866,27.6083296
47.1616868,27.6083303
47.1615987,27.608117
47.1604314,27.6116994
47.1600259,27.6137991
47.1592852,27.6187286
47.1574145,27.6223232
47.1557781,27.6245746
47.1542901,27.631171
47.1522281,27.6357164
47.1524232,27.6421571
47.1531141,27.6467764
47.1525654,27.6528266
47.1523585,27.6563049
47.1519415,27.6601753
47.151948,27.6601755
47.1519662,27.6601253
47.1519776,27.6601407
47.1547823,27.6298047
47.1528425,27.6433283
47.151969,27.6402026
47.1616471,27.6083426
47.1616486,27.6083446
47.1616499,27.6083452
47.1616495,27.6083443
47.1616488,27.6083425
47.1616464,27.6083401
47.16176,27.6081181
47.160398,27.611883
47.16004,27.6137881
47.1592055,27.6190706
47.1572134,27.6225967
47.1555516,27.6248821
47.1542791,27.6312562
47.1521823,27.6357518
47.1518005,27.6399117
47.1530189,27.6441282
47.152719,27.6510361
47.152378,27.655586
47.1519163,27.6601137
47.151895,27.6601966
47.1518817,27.6601526
47.1519055,27.6602003
47.151905,27.6602005
47.1519045,27.6602008
47.1519041,27.6602006
47.1519041,27.6602008
47.1519044,27.6602008
47.1536487,27.65993
47.1536838,27.6566189
47.1523849,27.6553996
47.1531077,27.6471333
47.152459,27.6418955
47.1521165,27.6360259
47.1539302,27.6323618
47.1555026,27.6253601
47.1563491,27.6238413
47.1586666,27.620614
47.1596824,27.6162617
47.1602012,27.6132106
47.1613225,27.6092004
47.1616881,27.6083283
47.1616316,27.6083008
47.1616328,27.608299
47.1616348,27.6082987
47.1616369,27.6082982
47.1616396,27.6082971
47.1616411,27.6082962
47.1611873,27.6094986
47.1600128,27.6137126
47.1593169,27.6184479
47.1589061,27.6201828
47.1561598,27.6240283
47.1553372,27.6280757
47.1538805,27.6323281
47.1517582,27.6370857
47.1524734,27.6422026
47.1529651,27.6485882
47.1525304,27.6531601
47.1523507,27.6562521
47.1518974,27.6601718
47.1519575,27.6601974
47.151929,27.6601662
47.1519355,27.6601137
47.151928,27.660094
47.1519327,27.6601083
47.1519361,27.6601166
47.1519374,27.6601206
47.1519084,27.660511
47.153639,27.6601374
47.1537143,27.6565633
47.1523564,27.6553295
47.1531792,27.6463494
47.152053,27.6405208
47.1538134,27.632582
47.1555153,27.6274819
47.1563628,27.6238286
47.1589023,27.6203148
47.1599421,27.6147148
47.1605371,27.611535
47.161677,27.6083395
47.1616883,27.6083387
47.1616822,27.6083346
47.1616798,27.6083321
47.1616786,27.608331
47.1616782,27.6083308
47.1616775,27.6083301
47.1616978,27.6082783
47.1610438,27.6097833
47.160062,27.6138134
47.1595291,27.6171504
47.1590432,27.62001
47.1562077,27.6239799
47.1555407,27.6258515
47.1540628,27.6317565
47.151894,27.6362161
47.1523571,27.641837
47.153156,27.6462872
47.1527357,27.6507003
47.1523282,27.6565285
47.1520774,27.6593877
47.1519438,27.6601618
47.1520016,27.6602003
47.1519951,27.6602079
47.1520157,27.6602077
47.1520182,27.6602076
47.1520286,27.6602091
47.1519394,27.6606207
47.1536817,27.6597566
47.1537458,27.6557959
47.1525039,27.6538675
47.1531256,27.647299
47.1524809,27.6418471
47.1521648,27.6359357
47.1539099,27.6323771
47.1554988,27.6275579
47.1563548,27.6238355
47.1582153,27.621247
47.1595796,27.6169693
47.1599408,27.6143748
47.1611826,27.6096491
47.1616932,27.6083105
47.1616912,27.608316
47.1616889,27.6083184
47.1616879,27.6083201
47.1616868,27.6083209
47.1616868,27.6083195
47.1616894,27.6083126
47.1603805,27.6118234
47.1599721,27.6142889
47.1591533,27.6195676
47.1561406,27.6239608
47.1555994,27.626256
47.1540495,27.6317879
47.1518031,27.6366206
47.1524492,27.6422209
47.1528151,27.6494468
47.1523462,27.6551517
47.1520188,27.659628
47.15191,27.660169
47.1519235,27.6601614
47.1519198,27.6601327
47.1519276,27.6601628
47.1519334,27.660151
47.1519332,27.660151
47.1519327,27.6601512
47.1519325,27.6601515
47.1520042,27.6608377
47.1535763,27.6594911
47.1537554,27.6561048
47.1523885,27.655354
47.1532578,27.6447872
47.1523292,27.6415236
47.1528232,27.6348686
47.1542577,27.6314278
47.1554851,27.625472
47.1563978,27.623758
47.1590568,27.6199775
47.159948,27.6143944
47.1614104,27.6090006
47.1616845,27.6083357
47.1616874,27.60834
47.1616881,27.6083399
47.1616882,27.6083353
47.1616735,27.6083303
47.1616632,27.6083423
47.1604371,27.6115903
47.1599805,27.6139546
47.1591477,27.6192634
47.1565561,27.6234839
47.1556473,27.6247356
47.1545116,27.6305615
47.1540152,27.6320598
47.1518338,27.6364008
47.1524458,27.6422031
47.1529374,27.6484457
47.1524522,27.6539521
47.1520974,27.6587861
47.1518937,27.6601941
47.1518937,27.6601948
47.1518936,27.6601956
47.1518944,27.6601961
47.1518947,27.6601974
47.1518728,27.6601914
47.151868,27.6602237
47.151869,27.6602242
47.151861,27.6603867
47.153571,27.6602934
47.1537554,27.6560295
47.1525294,27.6535054
47.1526329,27.6426409
47.1524599,27.6418625
47.1531765,27.6341945
47.15462,27.6304313
47.1555103,27.6253026
47.1563338,27.6238549
47.1588675,27.6203352
47.1598004,27.6155094
47.1603437,27.6122334
47.1616509,27.6083819
47.1616645,27.6084181
47.161664,27.6084166
47.1616439,27.6084081
47.1616403,27.6083522
47.1616392,27.6083508
47.1616391,27.6083494
47.161639,27.6083456
47.1614348,27.6084285
47.1600602,27.6137969
47.1592244,27.6188505
47.1582657,27.6211412
47.1561244,27.6240879
47.1546518,27.6301686
47.1526187,27.6350036
47.1517445,27.6396425
47.1529643,27.6439734
47.152876,27.6491944
47.1523699,27.6546608
47.1522101,27.6575838
47.151922,27.6601283
47.1519219,27.6601315
47.1519223,27.6601326
47.1519226,27.6601386
47.1519213,27.6601418
47.1519212,27.6601443
47.1519205,27.6601447
47.1520287,27.6608335
47.1536173,27.6595912
47.1536738,27.6567704
47.1523928,27.6554574
47.153,27.6484853
47.1524622,27.641905
47.1521734,27.6359485
47.1538936,27.6324578
47.155299,27.6282143
47.1563051,27.6238206
47.1588234,27.6204175
47.1596351,27.6164281
47.159908,27.6143045
47.161332,27.6091591
47.1616404,27.6083417
47.1616399,27.6083426
47.16164,27.6083434
47.1616404,27.608345
47.1616406,27.6083482
47.1616417,27.6083478
47.1616414,27.6083462
47.1616435,27.6083476
47.1616448,27.6083474
47.1617913,27.6080481
47.1611739,27.6093657
47.1602399,27.6127372
47.1597474,27.6157562
47.1587156,27.6204784
47.1561594,27.6240404
47.155617,27.6270008
47.1540463,27.6317108
47.15188,27.6362779
47.152437,27.6421587
47.1530532,27.6472241
47.1527172,27.6509
47.1523178,27.6552284
47.1520183,27.6591566
47.1519041,27.6601924
47.151913,27.6601623
47.1519009,27.6601682
47.1519026,27.6601683
47.1526566,27.6609652
47.1536165,27.657323
47.1524427,27.6555409
47.1532802,27.6452992
47.1521203,27.6409024
47.1523599,27.6356041
47.154328,27.6311958
47.1557313,27.6246855
47.1571992,27.6226586
47.1591834,27.6193854
47.1599599,27.6143828
47.1613482,27.6092737
47.1617255,27.6082819
47.1617249,27.6082825
47.1617244,27.6082834
47.1617247,27.6082828
47.1616924,27.608319
47.1616908,27.6083174
47.1616896,27.6083154
47.1612301,27.6092265
47.1603165,27.6119375
47.1599917,27.6140357
47.1592006,27.6191899
47.1563877,27.6237097
47.155381,27.625094
47.1539491,27.6321024
47.1517086,27.6392397
47.1528522,27.6435111
47.1528243,27.6500155
47.1523542,27.6552094
47.1521408,27.6583242
47.1519422,27.6601541
47.1519427,27.6601592
47.1519236,27.6602283
47.1519231,27.6602282
47.1519229,27.6602277
47.1519226,27.6602281
47.1519229,27.6602283
47.1519229,27.6602287
47.153172,27.6609073
47.1536997,27.656913
47.1523768,27.6552077
47.1528939,27.6435119
47.1517802,27.6371571
47.1538662,27.6324069
47.1554877,27.6253699
47.1564284,27.6236142
47.159105,27.6195956
47.1599102,27.614339
47.1614161,27.60901
47.1616779,27.6083041
47.1616761,27.6083032
47.1616653,27.6083161
47.1616647,27.6083135
47.1616636,27.6083139
47.1616631,27.6083137
47.1616632,27.6083137
47.1616627,27.6083143
47.1616626,27.6083137
47.1614212,27.6086729
47.1602213,27.6121244
47.1598354,27.6147311
47.1591496,27.6191912
47.1561161,27.6240445
47.1555448,27.6259408
47.1540359,27.63186
47.1517016,27.6393537
47.152794,27.6433237
47.1528879,27.6491887
47.1524255,27.6541339
47.1522596,27.6573097
47.1519096,27.6601615
47.1519174,27.6601609
47.1519333,27.6601147
47.1519364,27.6601183
47.1519358,27.6601204
47.1519358,27.6601207
47.1519361,27.6601215
47.1519362,27.6601226
47.152112,27.6608383
47.1534698,27.658873
47.1530169,27.655606
47.1527162,27.6514508
47.1525518,27.6421832
47.1519148,27.6364283
47.1541265,27.6318088
47.1554917,27.6251492
47.1563289,27.6238436
47.1590633,27.619917
47.1598272,27.6148601
47.1598649,27.6143333
47.1616241,27.6084151
47.161647,27.6083494
47.1616477,27.6083484
47.1616458,27.6083479
47.1616461,27.6083472
47.1616467,27.6083481
47.1616479,27.6083486
47.1616473,27.6083493
47.1616163,27.6080796
47.1601191,27.6134639
47.1598887,27.6148867
47.1589764,27.6201295
47.1560145,27.6242179
47.154611,27.6302348
47.1525173,27.6351894
47.1520154,27.6405028
47.1530962,27.6469606
47.1536438,27.6571779
47.1524177,27.655577
47.1531961,27.6462561
47.1517855,27.6394401
47.1535238,27.6333754
47.1555312,27.6274369
47.1561777,27.6240039
