47.169569,27.5405024
47.1695992,27.5404862
47.1695996,27.5404938
47.1695995,27.5404945
47.169007,27.5404552
47.1687405,27.5407682
47.1686424,27.5408386
47.1686672,27.5408333
47.1686355,27.5408795
47.1684483,27.5411412
47.1666746,27.5440495
47.1667491,27.5479141
47.1667955,27.5513776
47.1667887,27.5537878
47.1667979,27.5567449
47.1646774,27.5615299
47.1631718,27.5645406
47.1618525,27.5672685
47.1607102,27.5694394
47.1590492,27.5703727
47.1558659,27.5703496
47.1555577,27.5702959
47.1548653,27.5703513
47.154025,27.5702775
47.153998,27.5702754
47.1523928,27.5719415
47.150439,27.5740973
47.1484921,27.5766555
47.1466614,27.5804636
47.1443737,27.5836279
47.1413394,27.5854896
47.1386054,27.5847026
47.1364425,27.581513
47.134867,27.5773464
47.1340182,27.5746589
47.1341291,27.5733769
47.1329729,27.5718367
47.1316099,27.570823
47.1299499,27.5696282
47.1284166,27.5686373
47.1250228,27.5672019
47.1241479,27.5671154
47.1191192,27.5641687
47.1186147,27.563785
47.1169874,27.5627689
47.1164665,27.5625174
47.1129779,27.5605244
47.1096492,27.5590817
47.1053999,27.5595924
47.1019905,27.5597058
47.0985279,27.5593281
47.0967609,27.560262
47.0965211,27.5631782
47.0963053,27.5662578
47.0965636,27.5633103
47.0965629,27.5633101
47.0965295,27.5633175
47.096512,27.5633306
47.0965112,27.5633311
47.0965392,27.563342
47.0969018,27.5591218
47.0989196,27.559529
47.1025987,27.5597852
47.1057352,27.5596532
47.11082,27.5597133
47.1140992,27.5611246
47.1171499,27.5629859
47.1193512,27.5644343
47.1229585,27.566689
47.1253719,27.5673014
47.1286714,27.5687856
47.131409,27.5708066
47.1339976,27.5737631
47.1335774,27.5752147
47.1350433,27.5775464
47.1362887,27.580946
47.1374876,27.5838489
47.1399374,27.5854523
47.144753,27.5833674
47.146073,27.5814068
47.1482176,27.5781765
47.1500952,27.5744909
47.1519238,27.5724843
47.1527384,27.5715046
47.1538319,27.5704345
47.1561209,27.570368
47.1587139,27.5704156
47.1606458,27.5713646
47.1632869,27.5684249
47.1645136,27.5657979
47.1659122,27.5628527
47.1683987,27.558221
47.169349,27.5554076
47.1695091,27.5501493
47.1694806,27.5479579
47.1694664,27.54796
47.169451,27.5479619
47.1694496,27.5479606
47.1694399,27.5479862
47.169463,27.5462268
47.1695605,27.5414171
47.1695825,27.5405729
47.1695878,27.540587
47.169577,27.5402782
47.1680791,27.5415651
47.1666246,27.5447793
47.1666859,27.5501849
47.1666213,27.551504
47.1667209,27.5547854
47.1667691,27.5562609
47.1667632,27.556755
47.1656345,27.5593186
47.1631818,27.5644039
47.1625428,27.5656583
47.1612674,27.568333
47.1608151,27.5691195
47.1600096,27.5703276
47.1599159,27.570489
47.159467,27.570425
47.1585281,27.5703639
47.158018,27.5703017
47.1573783,27.5703504
47.1557616,27.5704267
47.1555502,27.57036
47.1548413,27.5703615
47.154085,27.57035
47.1540356,27.5703491
47.1524132,27.5719891
47.1516463,27.5726304
47.1495338,27.5751322
47.1469403,27.5799103
47.1448298,27.5829476
47.1436651,27.5843615
47.1393219,27.5851427
47.1372965,27.5834675
47.13626,27.58066
47.134758,27.5772492
47.1339807,27.5739873
47.1340255,27.5737776
47.1327875,27.5716223
47.1305657,27.5700458
47.1291314,27.5691243
47.1251054,27.5671608
47.1206494,27.565112
47.1195441,27.5643915
47.1169818,27.5628462
47.1147651,27.5614211
47.1119355,27.5604913
47.1107027,27.5594488
47.1060749,27.5595696
47.1046415,27.559609
47.1010988,27.5597023
47.0971011,27.5588969
47.0965873,27.5614822
47.0963016,27.5655253
47.0964213,27.5643861
47.0965273,27.5636555
47.096533,27.563685
47.0968648,27.5596738
47.098597,27.5593716
47.1011499,27.5597525
47.10534,27.5596393
47.1102597,27.5592758
47.1108001,27.5596994
47.1140755,27.5610856
47.1170736,27.5629878
47.1193573,27.5644927
47.1236196,27.5671738
47.1247753,27.5673392
47.128688,27.5689069
47.1310301,27.5706491
47.1339615,27.5727329
47.1337089,27.5746105
47.1339251,27.5764313
47.1351802,27.5784657
47.1363954,27.5816799
47.1396285,27.5853238
47.1429869,27.5848892
47.1447089,27.583284
47.1478756,27.5785264
47.1487244,27.5760611
47.1509011,27.573516
47.1528347,27.571449
47.1550862,27.5703354
47.1561081,27.5703021
47.1593053,27.5705597
47.1604236,27.5710687
47.1633347,27.568247
47.1650846,27.5644628
47.1674823,27.5595001
47.1692908,27.55601
47.1693459,27.5517235
47.169468,27.5467587
47.1695344,27.5406705
47.1695554,27.5406176
47.1695321,27.5406126
47.1695149,27.5406799
47.1695055,27.5407025
47.1695285,27.5402394
47.1679956,27.5416853
47.166656,27.5451071
47.1667555,27.5507412
47.1668386,27.5530505
47.1667177,27.5558687
47.1667221,27.5570708
47.1643765,27.5621107
47.1631039,27.5645037
47.1618714,27.5672854
47.159914,27.5703372
47.1559095,27.5704057
47.1550906,27.5704031
47.1544398,27.5703345
47.1525171,27.5718024
47.1505968,27.5738467
47.1484336,27.5766554
47.1469097,27.579974
47.1443963,27.5835861
47.141146,27.5855394
47.1389219,27.5849271
47.1364597,27.5815333
47.1348263,27.5772891
47.1340545,27.5750209
47.1339959,27.5724829
47.1315593,27.570877
47.129221,27.5692214
47.1256627,27.567293
47.1235917,27.5670314
47.1191439,27.5641317
47.1180483,27.5634616
47.1170092,27.5627331
47.1142974,27.5610932
47.1106755,27.5595067
47.1059707,27.5595866
47.10537,27.5595762
47.1005849,27.5597384
47.0977434,27.5591856
47.0967214,27.5606382
47.0964992,27.5635362
47.0963118,27.5665054
47.0964866,27.5636693
47.0964873,27.5636705
47.0964999,27.5637108
47.0965993,27.5625415
47.0984275,27.5593254
47.1050163,27.5596871
47.1105275,27.5593929
47.1154189,27.5618805
47.1216939,27.5658973
47.1236919,27.5672455
47.1288966,27.5690681
47.1314294,27.570842
47.1354558,27.5738605
47.1363259,27.574947
47.1415714,27.5800614
47.1429858,27.5806275
47.1476961,27.5844775
47.1481772,27.5849197
47.1508053,27.5871368
47.1521851,27.5934602
47.1535294,27.5996946
47.1536457,27.6038431
47.1531477,27.6020763
47.1534001,27.6016322
47.1525748,27.6023422
47.1525975,27.6023767
47.1525903,27.6024163
47.1524707,27.6030331
47.1524758,27.6030196
47.1524767,27.6030208
47.1524794,27.6030162
47.1524813,27.6030181
47.152482,27.6030188
47.1531294,27.6033957
47.1534105,27.6025371
47.1534104,27.6025364
47.1534106,27.6025367
47.1534102,27.6025368
47.1534084,27.6023032
47.1534016,27.602309
47.1533766,27.6023496
47.1527097,27.602683
47.1527177,27.6026876
47.1527181,27.602687
47.1527174,27.6026862
47.1527174,27.602686
47.1527102,27.6026646
47.1527101,27.6026654
47.1527098,27.6026665
47.1527207,27.6026899
47.1527336,27.6026668
47.1527083,27.602667
47.1527098,27.6026683
47.1527105,27.6026659
47.1527108,27.6026655
47.1527393,27.6026677
47.1527489,27.602665
47.152721,27.6026784
47.1527192,27.6026794
47.1526986,27.6026947
47.1527213,27.602697
47.1527154,27.6027024
47.152749,27.6027188
47.1527479,27.602719
47.15273,27.602694
47.15273,27.6026931
47.152731,27.6026913
47.1527319,27.6026897
47.1527346,27.6026525
47.1527394,27.6026532
47.1527197,27.6026345
47.1527093,27.6026302
47.1527093,27.6026301
47.1527093,27.60263
47.1527095,27.6026302
47.1527095,27.6026307
47.1526356,27.6026617
47.1526488,27.6026692
47.1526823,27.6026286
47.1527533,27.6026431
47.1527463,27.6026578
47.1527305,27.602871
47.1527305,27.602871
47.1527305,27.602871
47.1527305,27.602871
47.1527306,27.6028711
47.1527306,27.6028711
47.1527307,27.6028711
47.1527307,27.6028712
47.1527308,27.6028711
47.1527308,27.6028712
47.1527308,27.6028711
47.1527308,27.602871
47.1527308,27.602871
47.1527308,27.6028711
47.1527308,27.6028711
47.1527309,27.6028711
47.152731,27.6028712
47.1527312,27.6028713
47.1527312,27.6028713
47.1527313,27.6028713
47.1527314,27.6028712
47.1527314,27.6028711
47.1527315,27.6028711
47.1527315,27.6028712
47.1527315,27.6028712
47.1527315,27.6028712
47.1527315,27.6028713
47.1527316,27.6028712
47.1527316,27.6028714
47.1527317,27.6028714
47.1527317,27.6028715
47.1527319,27.6028717
47.1527322,27.6028719
47.1527324,27.6028721
47.1527325,27.6028722
47.1527325,27.6028723
47.1527326,27.6028723
47.1527328,27.6028723
47.152733,27.6028723
47.1527329,27.6028722
47.1527331,27.6028722
47.1527331,27.6028722
47.1527331,27.6028722
47.1527332,27.6028722
47.1527333,27.6028722
47.1527334,27.6028722
47.1527335,27.6028722
47.1527336,27.6028723
47.1527337,27.6028724
47.1527339,27.6028724
47.1527341,27.6028724
47.1527343,27.6028725
47.1527346,27.6028726
47.152735,27.6028728
47.1527356,27.6028731
47.1527357,27.6028731
47.1527358,27.6028732
47.1527359,27.6028733
47.152736,27.6028733
47.152736,27.6028733
47.1527361,27.6028734
47.1527361,27.6028735
47.1527362,27.6028735
47.1527362,27.6028735
47.1527362,27.6028734
47.1527362,27.6028734
47.1527363,27.6028733
47.1527365,27.6028733
47.1527367,27.6028732
47.1527367,27.6028731
47.1527367,27.6028731
47.1527367,27.6028731
47.1527367,27.6028731
47.1527376,27.6028736
47.1527378,27.6028738
47.1527378,27.6028738
47.1527377,27.6028737
47.1527377,27.6028738
47.1527377,27.6028738
47.1527377,27.6028739
47.1527377,27.6028739
47.1527377,27.6028739
47.1527379,27.6028739
47.1527379,27.6028739
47.1527379,27.6028739
47.1527379,27.6028739
47.1527379,27.6028739
47.152738,27.6028739
47.1527382,27.6028739
47.1527382,27.6028739
47.1527383,27.602874
47.1527383,27.6028741
47.1527384,27.6028741
47.1527242,27.6028432
47.1526049,27.6027394
47.152245,27.6016906
47.1521821,27.602449
47.1521595,27.6024396
47.1523179,27.6030026
47.1523035,27.6030256
47.1523035,27.6030053
47.1523047,27.603003
47.1522806,27.6029937
47.1522135,27.6034432
47.1533342,27.6067201
47.151439,27.6180965
47.1526911,27.621844
47.1549237,27.6254203
47.1584027,27.6210745
47.1598366,27.6149782
47.1604255,27.6117398
47.1614759,27.6086114
47.161649,27.6083507
47.1616441,27.6083472
47.1616149,27.608363
47.1616191,27.6083404
47.1616363,27.6083302
47.161631,27.6083281
47.161648,27.6083409
47.161665,27.608304
47.1616432,27.6083132
47.1616556,27.6082945
47.161649,27.6082974
47.1616555,27.6083081
47.1616565,27.6083068
47.1616805,27.6083339
47.161333,27.6088939
47.160274,27.6123425
47.1599077,27.6146097
47.1591621,27.6192678
47.1563905,27.6236909
47.1559903,27.6242581
47.1549461,27.629242
47.1537664,27.6325124
47.1517271,27.6372589
47.1525935,27.6426776
47.1528824,27.649256
47.1524999,27.6537025
47.1523336,27.6563871
47.15192,27.6601387
47.1519302,27.6601415
47.1519789,27.6601106
47.1518916,27.6601543
47.1518879,27.6601483
47.1519152,27.6607427
47.1536365,27.659603
47.153705,27.656584
47.152379,27.6553534
47.1529083,27.6495726
47.152453,27.6420076
47.1518235,27.6367001
47.1540135,27.6320705
47.1554611,27.6253553
47.1562902,27.6238732
47.1585605,27.6208028
47.1592843,27.6187231
47.1599008,27.6144251
47.1609993,27.6099665
47.1616509,27.6083598
47.1616641,27.6083779
47.1616618,27.6083789
47.1616024,27.6084164
47.1616459,27.6084539
47.1616469,27.6084553
47.1616481,27.6084541
47.1616722,27.6084047
47.1616692,27.6083683
47.16167,27.6083644
47.1617764,27.6080251
47.1602553,27.6122557
47.1600263,27.6137984
47.1591644,27.6192715
47.1561848,27.6240104
47.1555942,27.6269341
47.1540201,27.6317715
47.151747,27.6368717
47.1527119,27.6432216
47.1527269,27.6504787
47.1523417,27.6553205
47.1520076,27.6594408
47.151893,27.6601563
47.151893,27.6601572
47.1518922,27.6601577
47.1518917,27.6601585
47.151893,27.6601596
47.1520664,27.6609039
47.1535454,27.6583061
47.153817,27.6558247
47.1524307,27.6540765
47.1532185,27.6449989
47.1517753,27.6393434
47.1528484,27.6346646
47.1543381,27.6311649
47.1554868,27.625198
47.1572954,27.6225662
47.1592788,27.6186678
47.1599847,27.6143321
47.1602098,27.6127839
47.1614626,27.6087455
47.1614674,27.6087533
47.161457,27.6087764
47.1614848,27.6087322
47.1614832,27.6087322
47.1614594,27.6086647
47.1614248,27.6085347
47.1602556,27.6121721
47.159966,27.6137145
47.1595525,27.617529
47.1591358,27.6193308
47.1563599,27.6236517
47.15528,27.6251285
47.1527455,27.6217594
47.1513023,27.6212405
47.1484853,27.6203144
47.1458365,27.6194321
47.1468589,27.6114677
47.1471025,27.6101678
47.1455671,27.607831
47.1448011,27.6061326
47.1430172,27.6023974
47.0965662,27.563333
47.1139332,27.5609859
47.1165594,27.5626215
47.1362073,27.5924744
47.1365204,27.5959507
47.1368835,27.6007571
47.1369387,27.6038545
47.1371336,27.605505
47.1371523,27.6057826
47.1385664,27.6044555
47.1415411,27.6001185
47.1421257,27.6008393
47.144699,27.6062111
47.1459325,27.6088934
47.1464255,27.610042
47.1458175,27.6174253
47.1461498,27.6198262
47.1481228,27.6203588
47.1503928,27.621129
47.1506455,27.6211554
47.1531525,27.6224912
47.1563431,27.6239393
47.158855,27.6204583
47.1595664,27.617128
47.1599842,27.6144156
47.1613046,27.6092815
47.1614923,27.608782
47.1614926,27.6087827
47.1614928,27.6087832
47.1615487,27.6086653
47.1606195,27.6108668
47.1600325,27.613662
47.1591011,27.6192085
47.1564305,27.6235087
47.1555669,27.624769
47.1524955,27.6215744
47.1518884,27.6213713
47.1501988,27.620946
47.1477933,27.6201904
47.1457841,27.6194978
47.1459761,27.6175766
47.146089,27.6167601
47.1464347,27.6145959
47.1466542,27.612473
47.1470653,27.6102324
47.1454151,27.6075051
47.1438883,27.6043293
47.14264,27.6016391
47.141394,27.6000587
47.1402228,27.6018232
47.1372082,27.6055355
47.1369403,27.6010286
47.1366881,27.5970885
47.136424,27.5946181
47.135855,27.5894227
47.1355392,27.5869917
47.1352802,27.5833325
47.1336872,27.5795943
47.1340424,27.5757908
47.1340898,27.5736305
47.1334982,27.5722608
47.1330486,27.5718767
47.1330486,27.5718767
47.1262236,27.5672837
47.1250285,27.5673825
47.1208516,27.5652174
47.1189239,27.5640187
47.1182044,27.563552
47.1169706,27.562844
47.1142457,27.5611518
47.1108487,27.5595963
47.1076652,27.5596494
47.1045571,27.5596327
47.1005196,27.5596692
47.0971283,27.5589155
47.0966309,27.5613006
47.096347,27.5655804
47.0963237,27.5655312
47.0965561,27.5634111
47.0965489,27.5634037
47.096827,27.5601086
47.0987897,27.5595159
47.1030322,27.5597264
47.1064382,27.5596234
47.110218,27.5592216
47.1129566,27.5606248
47.1157429,27.5621437
47.117101,27.5630233
47.1196668,27.5647355
47.1237441,27.5672444
47.1285032,27.5687259
47.1309156,27.5705125
47.1331635,27.5721124
47.1339805,27.575755
47.1338276,27.5802892
47.1353075,27.5859004
47.1355422,27.5877579
47.1363238,27.5934861
47.1366232,27.5982292
47.1369648,27.6021128
47.1370938,27.6051034
47.1402564,27.6020107
47.1417687,27.6001421
47.1431961,27.6030624
47.1460533,27.6091073
47.1459977,27.6090978
47.1467165,27.6105553
47.1456756,27.6184355
47.1467842,27.620015
47.1488243,27.6205861
47.1506416,27.6211941
47.153147,27.6223969
47.1558989,27.6245367
47.1584305,27.6211384
47.1594306,27.6178326
47.160025,27.613975
47.1614817,27.6087616
47.1614862,27.6088221
47.1614724,27.6088216
47.1614868,27.6087865
47.1614942,27.6087903
47.1615151,27.6088196
47.1616649,27.608251
47.160343,27.611878
47.160079,27.6137647
47.1595654,27.6168453
47.1583924,27.6208804
47.1563141,27.623581
47.1534271,27.6232905
47.1531774,27.6222506
47.1520647,27.6214552
47.1516935,27.6213271
47.1484758,27.6203497
47.1457642,27.6194308
47.1461515,27.6166262
47.1463508,27.6151218
47.146424,27.6144543
47.1467489,27.612495
47.1469804,27.6107121
47.1467827,27.6095739
47.1451854,27.6070167
47.1436325,27.6037632
47.142503,27.6014301
47.141499,27.5997613
47.139956,27.602225
47.1391682,27.6033849
47.1371871,27.6048726
47.1369419,27.6013767
47.1367402,27.5974691
47.1364575,27.5945967
47.1358689,27.589353
47.135537,27.5868962
47.1352057,27.5826692
47.1337123,27.5787962
47.1340413,27.5756204
47.1341524,27.5735056
47.1329435,27.5717711
47.1292247,27.5691981
47.1282842,27.56849
47.1242009,27.5671028
47.119095,27.5640946
47.1178349,27.5633954
47.1158632,27.5621309
47.1139409,27.5609376
47.1104101,27.5593155
47.1057277,27.5595393
47.1025259,27.5596492
47.0985388,27.5593074
47.0968266,27.5591957
47.0965316,27.5628752
47.0963391,27.5665369
47.0964882,27.566617
47.0964745,27.5666164
47.0964811,27.5638267
47.0965642,27.5632454
47.0965406,27.5632564
47.0965754,27.5632929
47.0965759,27.5632428
47.0965809,27.5632442
47.0965804,27.5632401
47.0965323,27.5632453
47.0965323,27.5632204
47.0965542,27.56328
47.0965452,27.5633141
47.096577,27.5633523
47.0965376,27.5633476
47.0965367,27.5633312
47.0965511,27.5632941
47.0965512,27.5632944
47.0968174,27.5601461
47.097536,27.5591362
47.1030073,27.5596931
47.1069376,27.5596465
47.112173,27.5605734
47.1140651,27.5611074
47.1156792,27.5620842
47.1190149,27.5641622
47.1225015,27.5664399
47.1237348,27.5672795
47.1286085,27.5688102
47.1307952,27.5703761
47.1338306,27.5726378
47.1339402,27.5752852
47.133752,27.5783851
47.1352518,27.5853547
47.1354934,27.5870431
47.1361266,27.5917829
47.1364427,27.5947014
47.1366477,27.5983567
47.136701,27.5991878
47.1367833,27.6004557
47.1368672,27.6014985
47.1369377,27.6028524
47.1370362,27.6050001
47.1371839,27.605946
47.1393842,27.6032735
47.1418239,27.6002277
47.1431442,27.602898
47.1457217,27.6083648
47.1460145,27.6091016
47.1460809,27.6091666
47.1463995,27.6132686
47.1457064,27.6183474
47.1457194,27.618366
47.1461151,27.6197978
47.1485681,27.6205547
47.1511831,27.6212882
47.1530089,27.6221542
47.1557153,27.624693
47.1568999,27.623094
47.158959,27.6202918
47.1600054,27.6144722
47.1601486,27.6131429
47.1614875,27.6087597
47.161469,27.6087663
47.1614565,27.608796
47.161511,27.6087516
47.1615187,27.6087443
47.1613719,27.6086685
47.1603379,27.611817
47.1599609,27.6136169
47.1592173,27.6187203
47.1580798,27.6213694
47.1562458,27.6237426
47.153429,27.6232968
47.1520289,27.6214151
47.1494877,27.6206429
47.1465531,27.6197916
47.1462918,27.6156822
47.1468451,27.611586
47.147076,27.6102636
47.1454965,27.6076683
47.1447232,27.6060656
47.1441839,27.605008
47.1440076,27.604596
47.1438048,27.6042657
47.1436032,27.6038095
47.1432554,27.6028876
47.1425271,27.6013645
47.1421243,27.6005491
47.1409427,27.6008071
47.1397462,27.6025413
47.1384511,27.604455
47.1371441,27.6042495
47.1369048,27.6000752
47.1366411,27.5961686
47.1363604,27.5931848
47.1357149,27.587878
47.1355392,27.5867641
47.1338461,27.5784621
47.1340357,27.5746036
47.1341408,27.5736852
47.1329589,27.5717967
47.1304983,27.5701024
47.1284554,27.5686222
47.12506,27.5671654
47.1215504,27.5656559
47.1192685,27.5642195
47.1186078,27.5638217
47.1182223,27.5636258
47.1168292,27.5627324
47.1145449,27.5612654
47.1129523,27.5604431
47.1114492,27.5601132
47.1083394,27.5594733
47.1045808,27.5595931
47.100487,27.5596551
47.096881,27.5589353
47.0965956,27.5623899
47.0964372,27.5665038
47.0962847,27.5658251
47.0962859,27.5658086
47.0962859,27.5658084
47.096286,27.5658076
47.0965601,27.5632199
47.096563,27.563234
47.0965532,27.563242
47.0965528,27.5632471
47.0965529,27.5632494
47.096526,27.5632817
47.0965309,27.5632209
47.096547,27.5631982
47.096522,27.5632055
47.09647,27.5631381
47.0964796,27.5631738
47.0965198,27.5632246
47.0965282,27.5632283
47.096562,27.5632167
47.0965666,27.5632178
47.0968808,27.5591594
47.1000981,27.5597211
47.1026825,27.5597078
47.1061684,27.5596454
47.1107551,27.5596825
47.1137666,27.5608467
47.1167771,27.5627213
47.121392,27.5657017
47.124376,27.5673842
47.1285847,27.5688079
47.1299802,27.5698523
47.133932,27.5727019
47.1339108,27.5757741
47.1343386,27.5809375
47.1353999,27.5867074
47.1355675,27.5876962
47.1362044,27.5923897
47.1365597,27.5966411
47.1367841,27.6006384
47.1370886,27.6049882
47.1394567,27.6031881
47.1418507,27.600189
47.1433856,27.603428
47.145532,27.6078911
47.1461892,27.6093774
47.1459529,27.6162715
47.1461026,27.6197939
47.1483692,27.6204499
47.1504494,27.6211553
47.1526684,27.621788
47.155058,27.6253827
47.1571279,27.6226926
47.1591681,27.6194192
47.1597636,27.615432
47.1600894,27.613682
47.1614911,27.6087756
47.1614554,27.6088269
47.1614774,27.6088479
47.1615019,27.6088268
47.1615186,27.60875
47.16152,27.6087483
47.1615212,27.6087483
47.1615165,27.6087292
47.1615152,27.6087272
47.1615043,27.6087424
47.1617837,27.6079649
47.1603499,27.6119405
47.1599541,27.6139477
47.1590754,27.6192203
47.1563882,27.6235402
47.1554119,27.6249539
47.1528899,27.6218441
47.1518703,27.6213907
47.1496841,27.6207185
47.1468579,27.6198797
47.1463714,27.6152926
47.1471503,27.6102973
47.1453374,27.6072745
47.1432958,27.6029974
47.1420481,27.6004315
47.1410867,27.6004444
47.1381468,27.6049304
47.1371594,27.6043053
47.1367346,27.5986468
47.1365108,27.5946317
47.135707,27.5881707
47.1353549,27.5858627
47.1339327,27.5801737
47.1523612,27.6023207
47.1523711,27.602358
47.1523815,27.6023651
47.1523953,27.602341
47.1523875,27.6023345
47.1523899,27.6023025
47.1523898,27.6023005
