47.1640565,27.5860358
47.1640213,27.589161
47.1643352,27.5909336
47.1643378,27.5913289
47.1622556,27.5947936
47.1619454,27.5949683
47.1606682,27.5914069
47.1591612,27.5873537
47.1589364,27.5868629
47.1560712,27.5852637
47.1531064,27.5880905
47.1521398,27.5880998
47.1513228,27.5873931
47.1493904,27.5858072
47.1489085,27.585456
47.1434597,27.5807741
47.1424495,27.5803697
47.1396576,27.5789748
47.1389501,27.5781018
47.136784,27.575425
47.135215,27.5734836
47.132942,27.5718367
47.1298931,27.5696839
47.1287045,27.5689005
47.1248361,27.5673619
47.1239311,27.5673962
47.1229571,27.5674156
47.1231578,27.5682343
47.1231537,27.568213
47.1231496,27.5681916
47.1231498,27.5681908
47.1231497,27.568191
47.1235336,27.5676168
47.1235469,27.5675977
47.1235479,27.5675972
47.1235485,27.5675969
47.1237645,27.5673917
47.1247474,27.5673647
47.1288575,27.5689326
47.1312698,27.5705914
47.1331708,27.571931
47.1340979,27.5725444
47.1377463,27.5766463
47.1391608,27.5784563
47.1435154,27.5808106
47.1455711,27.5825595
47.1499363,27.5861943
47.1504138,27.586607
47.1519465,27.5879214
47.1529379,27.5882305
47.1557937,27.5854101
47.1591131,27.5873446
47.1598531,27.5888574
47.1604641,27.5907017
47.1616933,27.594687
47.1620763,27.5949033
47.1641409,27.5919587
47.1641779,27.5900985
47.1639027,27.5867706
47.1644852,27.5846734
47.1652288,27.5821255
47.1656489,27.5806171
47.1662782,27.5780111
47.1689722,27.5767938
47.1711611,27.5752658
47.173233,27.5735023
47.1755976,27.5714951
47.1772303,27.5701227
47.1796717,27.5680891
47.1811053,27.5669317
47.1836372,27.5647247
47.1858278,27.5628659
47.187377,27.561579
47.1901731,27.5591899
47.1906091,27.5592748
47.1905521,27.5592354
47.1906624,27.5592109
47.1905227,27.5592678
47.1907944,27.5592246
47.1907969,27.5592204
47.1908034,27.5592412
47.1908605,27.5591165
47.1908608,27.5591167
47.1908804,27.5591189
47.1908588,27.5591716
47.1909592,27.5589129
47.1909299,27.5589196
47.1909451,27.5589497
47.1908996,27.558875
47.1908909,27.5588973
47.190933,27.5589198
47.1905727,27.558366
47.19051,27.5583607
47.1905651,27.5584736
47.1905566,27.5585339
47.1905515,27.558599
47.1902948,27.558955
47.1875072,27.5615353
47.1856953,27.5630088
47.1838606,27.5645852
47.1807496,27.5671792
47.1794678,27.5682851
47.1761616,27.5710479
47.1747174,27.5723114
47.173317,27.5734665
47.170534,27.5756732
47.1687498,27.576858
47.1666183,27.5774809
47.1656381,27.5804637
47.1651602,27.5822543
47.16446,27.5844363
47.1638756,27.5867975
47.1640212,27.589163
47.1642173,27.5905119
47.1643408,27.5911582
47.1638363,27.5926893
47.1614644,27.594006
47.1606461,27.5913807
47.1591271,27.5873244
47.1577955,27.585134
47.1553155,27.585775
47.1540724,27.5870329
47.1531096,27.5880641
47.152913,27.5882517
47.1521812,27.5880821
47.1513227,27.5873636
47.1504008,27.5866827
47.1492514,27.5856326
47.1483085,27.5848633
47.1431501,27.5805939
47.142401,27.580241
47.1389186,27.5781596
47.1364059,27.5749135
47.1329576,27.5717936
47.1301183,27.5697473
47.1291136,27.5690288
47.1237091,27.5673613
47.1228266,27.5682526
47.1229875,27.5683067
47.1229621,27.5682896
47.1229714,27.5682996
47.1229715,27.5682985
47.1232771,27.5680044
47.1235502,27.5675638
47.123551,27.5675548
47.1235424,27.5675339
47.1235389,27.5675148
47.1235205,27.5674735
47.1271608,27.5677493
47.1288039,27.5689046
47.1306298,27.5701721
47.1332423,27.5719959
47.1363558,27.5748767
47.1381793,27.5771146
47.1389601,27.5781056
47.1419189,27.5800311
47.1435911,27.5808986
47.1469755,27.5837323
47.1504053,27.5865879
47.1517929,27.587732
47.1520218,27.587892
47.1543912,27.5866487
47.1578347,27.585154
47.159652,27.5881587
47.1604021,27.590411
47.1621666,27.594823
47.1638018,27.5926639
47.1641631,27.5903479
47.1638487,27.5885861
47.1641111,27.5855118
47.1646602,27.5837542
47.1654128,27.581235
47.1658996,27.5793441
47.166798,27.5760705
47.1675635,27.5736593
47.1685137,27.5713629
47.1681761,27.5685241
47.1668828,27.5695937
47.1665066,27.5702869
47.1665093,27.5702952
47.1657395,27.5712443
47.1645268,27.5719516
47.1642135,27.5721748
47.1641612,27.5722305
47.1643668,27.5730567
47.164548,27.5730253
47.1645665,27.5730592
47.1645761,27.5730843
47.1645742,27.5730898
47.1645681,27.5730956
47.1645703,27.5731017
47.1645526,27.5730962
47.1645512,27.5731017
47.1645733,27.5731098
47.1645726,27.5731102
47.1645693,27.5731095
47.1645654,27.5731118
47.1645582,27.5731152
47.1645528,27.5731172
47.1645898,27.573165
47.1647866,27.5733954
47.1647853,27.5733978
47.164782,27.5733986
47.1647818,27.573401
47.1647804,27.5734037
47.1651657,27.573241
47.1652795,27.5731477
47.1649142,27.5732933
47.164496,27.5729683
47.1644958,27.5729686
47.1644958,27.5729686
47.1644958,27.5729686
47.1644958,27.5729686
47.1644958,27.5729686
47.1644958,27.5729686
47.1644958,27.5729686
47.1644958,27.5729686
47.1644958,27.5729686
47.1644958,27.5729686
47.1644958,27.5729686
47.1644958,27.5729686
47.1644958,27.5729686
47.1644958,27.5729686
47.1644958,27.5729686
47.1644958,27.5729686
47.1644958,27.5729686
47.1644958,27.5729686
47.1644958,27.5729686
47.1644958,27.5729686
47.1644958,27.5729686
47.1644958,27.5729686
47.1644958,27.5729686
47.1644958,27.5729686
47.1644958,27.5729686
47.1644958,27.5729686
47.1644958,27.5729686
47.1644958,27.5729686
47.1644958,27.5729686
47.1644958,27.5729686
47.1644958,27.5729686
47.1644958,27.5729686
47.1644958,27.5729686
47.1644958,27.5729686
47.1644958,27.5729686
47.1644958,27.5729686
47.1644958,27.5729686
47.1644958,27.5729686
47.1644958,27.5729686
47.1644958,27.5729686
47.1644958,27.5729686
47.1644958,27.5729686
47.1644958,27.5729686
47.1644958,27.5729686
47.1644958,27.5729686
47.1644958,27.5729686
47.1644958,27.5729686
47.1644958,27.5729686
47.1644958,27.5729686
47.1644958,27.5729686
47.1644958,27.5729686
47.1644958,27.5729686
47.1644958,27.5729686
47.1644958,27.5729686
47.1644958,27.5729686
47.1644958,27.5729686
47.1644958,27.5729686
47.1644958,27.5729686
47.1644958,27.5729686
47.1644958,27.5729686
47.1644958,27.5729686
47.1644958,27.5729686
47.1644958,27.5729686
47.1644958,27.5729686
47.1644958,27.5729686
47.1644958,27.5729686
47.1644958,27.5729686
47.1644958,27.5729686
47.1644958,27.5729686
47.1644958,27.5729686
47.1644958,27.5729686
47.1644958,27.5729686
47.1644958,27.5729686
47.1644958,27.5729686
47.1644958,27.5729686
47.1644958,27.5729686
47.1644958,27.5729686
47.1644958,27.5729686
47.1644958,27.5729686
47.1644958,27.5729686
47.1644958,27.5729686
47.1644958,27.5729686
47.1644958,27.5729686
47.1644958,27.5729686
47.1644958,27.5729686
47.1644958,27.5729686
47.1644958,27.5729686
47.1644958,27.5729686
47.1644958,27.5729686
47.1644958,27.5729686
47.1644958,27.5729686
47.1644958,27.5729686
47.1644958,27.5729686
47.1644958,27.5729686
47.1644958,27.5729686
47.1644958,27.5729686
47.1644958,27.5729686
47.1644958,27.5729686
47.1644958,27.5729686
47.1644958,27.5729686
47.1644958,27.5729686
47.1644958,27.5729686
47.1644958,27.5729686
47.1644958,27.5729686
47.1644958,27.5729686
47.1644958,27.5729686
47.1644958,27.5729686
47.1644958,27.5729686
47.1644958,27.5729686
47.1644494,27.5730681
47.1644494,27.5730681
47.1643227,27.5848134
47.1646436,27.5839368
47.1653633,27.5814245
47.1659431,27.5792669
47.1688257,27.5768591
47.1706422,27.5756891
47.1731227,27.5736166
47.1740472,27.5728212
47.1756106,27.5714958
47.1790337,27.5686761
47.1813196,27.5667386
47.1836579,27.5647886
47.185792,27.5629985
47.1885894,27.5605461
47.1897719,27.559504
47.1897778,27.5595031
47.1897814,27.5595029
47.1897841,27.5595014
47.1900146,27.5593237
47.190216,27.5591206
47.1902208,27.5591207
47.1902252,27.5591182
47.1902332,27.5591328
47.1902097,27.5591643
47.190212,27.5591617
47.1902129,27.5591609
47.190783,27.5591717
47.1907841,27.5591681
47.1907571,27.5591942
47.1908524,27.5589997
47.1906627,27.5584303
47.1906661,27.5584513
47.1906659,27.5584539
47.1906647,27.5584546
47.1906735,27.5584382
47.1906387,27.5583995
47.1906523,27.5584264
47.190637,27.5584734
47.1906379,27.5584748
47.1906395,27.5584756
47.1906401,27.558477
47.1906401,27.5584787
47.1906395,27.5584795
47.1906392,27.5584804
47.1906389,27.558481
47.1906388,27.5584815
47.1894402,27.5598191
47.1864558,27.5623871
47.1848978,27.5636637
47.1834373,27.5649379
47.1805368,27.5673672
47.1790556,27.5686176
47.1759256,27.5712703
47.1747431,27.5722229
47.1705691,27.57567
47.1688688,27.5767874
47.1669266,27.5773716
47.165464,27.58121
47.1650262,27.5826767
47.1646916,27.5836902
47.1639177,27.5866636
47.1641161,27.5897283
47.1642918,27.5908683
47.1638729,27.5925416
47.1620952,27.5948266
47.1615467,27.5944582
47.1599972,27.589299
47.1591037,27.5872905
47.1564442,27.5850311
47.1535564,27.5875799
47.1515307,27.5876178
47.1508279,27.5896931
47.1498791,27.5924934
47.1490058,27.5953138
47.1481923,27.6009643
47.148077,27.6016823
47.1470573,27.6087783
47.146728,27.6110612
47.145617,27.6188809
47.1467223,27.6199078
47.1496131,27.6207973
47.1506043,27.6210737
47.1511943,27.6212944
47.1519399,27.6215293
47.15346,27.623509
47.1562052,27.6239274
47.1576809,27.6218911
47.1591988,27.6191033
47.1598883,27.6142626
47.1600345,27.6133887
47.1611696,27.6095316
47.1614421,27.6085911
47.1624775,27.6056781
47.1626343,27.6042536
47.1631923,27.5975658
47.163448,27.5940018
47.1641457,27.5918462
47.1641027,27.5895898
47.1639627,27.5862912
47.1643361,27.5847971
47.1650937,27.5823144
47.1656503,27.5806133
47.1665492,27.5773781
47.1689754,27.5767714
47.1725356,27.5740703
47.1743668,27.5725479
47.1755545,27.5715643
47.1769366,27.570449
47.1785295,27.5691175
47.1804971,27.5674753
47.1818871,27.5662466
47.1841221,27.5642782
47.1862565,27.5625762
47.1898334,27.5595153
47.1905966,27.5592071
47.190873,27.5591081
47.1908942,27.5591112
47.190892,27.5591092
47.1908815,27.5591044
47.1908778,27.5591015
47.1908758,27.5590986
47.1908741,27.5590963
47.1908753,27.5591394
47.1909091,27.5588577
47.190909,27.5588541
47.1909091,27.558851
47.19091,27.5588492
47.1905693,27.5584684
47.1905701,27.5584958
47.1905696,27.5584958
47.1905697,27.5584962
47.190569,27.5584961
47.1905693,27.5584953
47.1905692,27.5584955
47.1903492,27.5588093
47.1878848,27.5611272
47.1863688,27.5624664
47.1844674,27.5640738
47.1818307,27.566329
47.1803268,27.567601
47.1776432,27.569881
47.174866,27.5721585
47.1735069,27.5733242
47.1706323,27.5756055
47.1687252,27.5768463
47.1663544,27.5779543
47.1656505,27.5805301
47.1653566,27.5816942
47.1646367,27.5840507
47.1641177,27.5858376
47.1638048,27.5879415
47.1642891,27.5909226
47.1641211,27.5919719
47.1633128,27.5958311
47.1627703,27.5999586
47.1625583,27.605343
47.1620978,27.606951
47.16119,27.609438
47.1601763,27.6131366
47.1600366,27.6138302
47.159307,27.6185667
47.158133,27.6213693
47.156189,27.6241067
47.1535008,27.6238125
47.1522169,27.6215685
47.1518456,27.6214401
47.1489519,27.6205671
47.1464065,27.6198188
47.1461561,27.6197199
47.1458967,27.6176166
47.1468249,27.6108793
47.1470221,27.6095735
47.1478921,27.6035562
47.1483693,27.6001816
47.1491356,27.5949963
47.1491613,27.594856
47.1504758,27.5907425
47.1512127,27.5884829
47.1516875,27.5877058
47.1528483,27.5882787
47.1566274,27.5850153
47.1595057,27.5881392
47.1603607,27.5902823
47.1613389,27.5935088
47.1616091,27.5943526
47.162422,27.5946127
47.163065,27.5940236
47.1639039,27.5925555
47.1643466,27.591515
47.1640541,27.589321
47.1638923,27.5884233
47.1641518,27.5853883
47.1646965,27.5836704
47.1654617,27.5811225
47.1659091,27.579427
47.1683567,27.5769456
47.1695435,27.5765658
47.1721906,27.5743652
47.1750293,27.572
47.1754129,27.5716656
47.1771698,27.5702376
47.1788258,27.5688716
47.1808448,27.5671705
47.1824823,27.5657746
47.1843515,27.56411
47.1859116,27.5628334
47.1894768,27.5597972
47.1908238,27.5590726
47.1908001,27.5590723
47.1908414,27.5591307
47.1908666,27.5591277
47.1908825,27.5591398
47.1908792,27.5591401
47.190825,27.5591711
47.19093,27.5589327
47.1909284,27.5589289
47.190927,27.5589259
47.1909245,27.5589202
47.1905878,27.5584393
47.1905874,27.5584417
47.1632389,27.5967856
47.1474448,27.6065818
47.1481714,27.6015985
47.1595337,27.5881491
47.1605555,27.5909915
47.1625717,27.5945038
47.1643699,27.5913721
47.1641633,27.5901196
47.1639259,27.5888436
47.1641516,27.585497
47.1645821,27.5840446
47.1651582,27.5820704
47.165615,27.5806033
47.1665551,27.5775212
47.1691485,27.5767273
47.1720082,27.5745186
47.1731829,27.5735414
47.1744069,27.5724905
47.1755769,27.5715719
47.1784706,27.569194
47.1805499,27.5674097
47.1820054,27.5661409
47.1846281,27.5639087
47.1865378,27.5623283
47.1897674,27.5595843
47.1900054,27.5593881
47.1902789,27.5591961
47.1902711,27.559204
47.1902713,27.559202
47.190271,27.5592012
47.1902691,27.5591998
47.1902685,27.559199
47.1902673,27.5591948
47.1902669,27.559192
47.1908704,27.5590911
47.1908694,27.5590896
47.1908679,27.5590894
47.1908673,27.5590885
47.1908672,27.5590875
47.1908678,27.5590869
47.1907769,27.5584653
47.1906246,27.5584178
47.1906236,27.5584201
47.1905184,27.5584651
47.1890602,27.560175
47.1866305,27.56233
47.1848351,27.5638027
47.1829393,27.5653864
47.1810978,27.5669725
47.1798565,27.5680581
47.1783199,27.5693581
47.1758405,27.5713768
47.1747596,27.5723128
47.1722547,27.5743876
47.1698582,27.5763265
47.1673685,27.5771774
47.166117,27.5787831
47.1655483,27.581091
47.1650001,27.5830348
47.1646863,27.58414
47.1645413,27.5845138
47.1638903,27.587156
47.1638387,27.5878609
47.1637932,27.5909638
47.164078,27.5914032
47.1640793,27.5914011
47.16408,27.5913978
47.1643155,27.590933
47.1640944,27.5893465
47.1640158,27.5863335
47.1643422,27.5847924
47.1644838,27.5843117
47.165205,27.5821637
47.1660293,27.5789738
47.1671341,27.5750977
47.168113,27.5723365
47.169168,27.5692009
47.1682075,27.5685198
47.1673016,27.5688128
47.1662681,27.5707778
47.1645444,27.5719559
47.1645222,27.5719735
47.1644611,27.5720072
47.1641295,27.5722322
47.1641481,27.5727902
47.1644974,27.573156
47.1644983,27.5731584
47.1644998,27.573218
47.1645054,27.573224
47.1645054,27.5732241
47.1645046,27.5732238
47.164505,27.5732235
47.1645053,27.5732239
47.1645057,27.5732225
47.1645057,27.5732216
47.1645057,27.573222
47.1645056,27.5732231
47.1645058,27.5732235
47.1645057,27.5732238
47.1645064,27.5732257
47.164508,27.5732315
47.1645082,27.5732331
47.1645082,27.5732336
47.1645185,27.5732436
47.1645209,27.5732445
47.164521,27.5732447
47.1645222,27.5732463
47.1645223,27.5732481
47.1654952,27.5730524
47.1658489,27.5731287
47.1656449,27.5729749
47.165491,27.5729082
47.165491,27.5729082
47.165491,27.5729082
47.165491,27.5729082
47.165491,27.5729082
47.165491,27.5729082
47.165491,27.5729082
47.165491,27.5729082
47.165491,27.5729082
47.165491,27.5729082
47.165491,27.5729082
47.165491,27.5729082
47.165491,27.5729082
47.165491,27.5729082
47.165491,27.5729082
47.165491,27.5729082
47.165491,27.5729082
47.165491,27.5729082
47.165491,27.5729082
47.165491,27.5729082
47.165491,27.5729082
47.165491,27.5729082
47.165491,27.5729082
47.165491,27.5729082
47.165491,27.5729082
47.165491,27.5729082
47.165491,27.5729082
47.165491,27.5729082
47.165491,27.5729082
47.165491,27.5729082
47.165491,27.5729082
47.165491,27.5729082
47.165491,27.5729082
47.165491,27.5729082
47.165491,27.5729082
47.165491,27.5729082
47.165491,27.5729082
47.165491,27.5729082
47.165491,27.5729082
47.165491,27.5729082
47.165491,27.5729082
47.165491,27.5729082
47.165491,27.5729082
47.165491,27.5729082
47.165491,27.5729082
47.165491,27.5729082
47.165491,27.5729082
47.165491,27.5729082
47.165491,27.5729082
47.165491,27.5729082
47.165491,27.5729082
47.165491,27.5729082
47.165491,27.5729082
47.165491,27.5729082
47.165491,27.5729082
47.165491,27.5729082
47.165491,27.5729082
47.165491,27.5729082
47.165491,27.5729082
47.165491,27.5729082
47.165491,27.5729082
47.165491,27.5729082
47.165491,27.5729082
47.165491,27.5729082
47.165491,27.5729082
47.165491,27.5729082
47.165491,27.5729082
47.165491,27.5729082
47.165491,27.5729082
47.165491,27.5729082
47.165491,27.5729082
47.165491,27.5729082
47.165491,27.5729082
47.165491,27.5729082
47.165491,27.5729082
47.165491,27.5729082
47.165491,27.5729082
47.165491,27.5729082
47.165491,27.5729082
47.165491,27.5729082
47.1655305,27.5729887
47.1655187,27.57303
47.1655158,27.5730165
47.1654378,27.5728868
47.165435,27.5728852
47.1654352,27.5728851
47.1654356,27.5728844
47.1654336,27.572882
47.16588,27.5734824
47.1653898,27.5741574
47.1642803,27.5731735
47.1641952,27.5730657
47.1641947,27.5730663
47.164195,27.5730669
47.164195,27.5730669
47.1641941,27.5730679
47.1641937,27.5730691
47.164193,27.5730705
47.1641934,27.573071
47.1641938,27.5730712
47.1641004,27.5728547
47.1636714,27.5725009
47.1605549,27.5731219
47.1583105,27.5751163
47.1556533,27.5738462
47.1515584,27.575626
47.1498219,27.5779955
47.1476026,27.5814207
47.1461117,27.5847808
47.1461873,27.5897414
47.1476624,27.5923078
47.149176,27.5950213
47.1484756,27.5992831
47.1482692,27.6006918
47.1481015,27.6017366
47.1476285,27.6052684
47.1471109,27.6089974
47.1463538,27.6140705
47.1457513,27.6184324
47.1455869,27.6195365
47.1445609,27.6268027
47.1434456,27.6346737
47.1433693,27.6423752
47.1432703,27.6436077
47.1432277,27.6435748
47.1436128,27.6431206
47.1436092,27.6431222
47.143351,27.6392366
47.1439586,27.6312944
47.1451279,27.623144
47.1454564,27.620839
47.1457056,27.6189335
47.1468514,27.6109238
47.1470024,27.6097629
47.1479137,27.6034973
47.1497707,27.6028132
47.1517683,27.6033847
47.1542811,27.6041251
47.1549355,27.6043211
47.1568015,27.6031911
47.158661,27.601288
47.1587824,27.6007316
47.1601452,27.5980247
47.1612872,27.5956908
47.1626447,27.5944875
47.164283,27.5917208
47.1641542,27.5899875
47.1638907,27.5884674
47.1641549,27.5855403
47.1649683,27.5828049
47.1655348,27.5808247
47.1660841,27.5787265
47.1681875,27.5769588
47.1691094,27.5767145
47.1717421,27.5747474
47.1730203,27.5736435
47.1752652,27.5717967
47.1767665,27.5705738
47.1796592,27.568176
47.1816157,27.5664859
47.184385,27.5641542
47.1863044,27.5625329
47.1899228,27.5594307
47.1909462,27.5589228
47.1909533,27.5589649
47.190947,27.5589573
47.1909486,27.5589545
47.1909516,27.5589473
47.1909544,27.5589422
47.1909557,27.5589381
47.1909546,27.5589354
47.1905821,27.5583466
47.1903974,27.5585839
47.1903682,27.5585874
47.190366,27.5585505
47.1884,27.5607751
47.1862584,27.5626031
47.1844299,27.5640907
47.1823692,27.5658983
47.180329,27.5676518
47.1775227,27.5699654
47.1754925,27.5716558
47.1745104,27.5724708
47.1722492,27.574342
47.1689677,27.5767754
47.16691,27.5773806
47.1661222,27.5785515
47.1654341,27.5813559
47.1646444,27.5839356
47.1641051,27.5856677
47.1638026,27.588277
47.1642038,27.5904974
47.1642761,27.5910039
47.1627728,27.5943228
47.1622408,27.5947745
47.1605757,27.5968934
47.1588363,27.60018
47.1569338,27.6030402
47.1559935,27.6040453
47.1546682,27.6042401
47.1502263,27.602912
47.1480394,27.6025454
47.1471351,27.608622
47.1470864,27.6089917
47.1466881,27.6117849
47.1457356,27.6185758
47.1456412,27.6192119
47.1449276,27.624261
47.143896,27.6314858
47.1433304,27.6388382
47.1433086,27.643606
47.1436465,27.6431756
47.1436246,27.643146
47.1436262,27.6431427
47.1436269,27.6431389
47.1435573,27.6430027
47.143438,27.6427888
47.1433796,27.6356721
47.1441392,27.6298614
47.144766,27.6255874
47.1454142,27.6207774
47.1460107,27.6167572
47.146805,27.6109954
47.1471029,27.6090797
47.1478163,27.6038978
47.1479194,27.6033236
47.1494168,27.6026948
47.1534657,27.6038928
47.1543158,27.6041066
47.1564163,27.603564
47.1582241,27.6017037
47.1589504,27.6001241
47.1609331,27.5961572
47.1623524,27.5946985
47.1639545,27.5923476
47.1641278,27.5899749
47.1638461,27.588497
47.1642157,27.5852736
47.1645905,27.5840495
47.16559,27.5804917
47.1662965,27.5778498
47.1689923,27.5767799
47.1706155,27.5757505
47.173093,27.5736419
47.1747513,27.5722366
47.1756236,27.571553
47.1775622,27.5699274
47.1801485,27.5677385
47.1815502,27.5665631
47.1841093,27.5643941
47.1860148,27.5627553
47.1891997,27.5600756
47.1908508,27.5591213
47.1908192,27.5590935
47.1908198,27.5590957
47.1908497,27.559056
47.190638,27.5584139
47.19066,27.5584211
47.19066,27.5584223
47.1906587,27.5584239
47.1906566,27.5584249
47.1906545,27.5584265
47.1906554,27.5584257
47.1904854,27.5585337
47.1904827,27.5585432
47.190513,27.5585263
47.1485937,27.5985882
47.1491665,27.5948885
47.1491639,27.5948859
47.150426,27.5910812
47.1512767,27.5883608
47.1519227,27.5879226
47.1541116,27.5870039
47.1577977,27.5851459
47.1595221,27.5881116
47.160494,27.5905387
47.1616813,27.5946276
47.1626111,27.5945135
47.1642651,27.5908601
47.1638423,27.5886775
47.1642106,27.585268
47.1649127,27.5829978
47.1655924,27.5805771
47.1661091,27.5782295
47.168981,27.5767627
47.1706809,27.5757413
47.1744402,27.572556
47.1755777,27.5715485
47.1778037,27.5697373
47.1810028,27.5670729
47.1822242,27.565997
47.1842896,27.5642292
47.1859299,27.5628553
47.1890716,27.5601458
47.1908807,27.5590704
47.1908455,27.5590257
47.1909043,27.5590442
47.1909056,27.5590457
47.1909052,27.5590466
47.1909048,27.5590459
47.1909039,27.5590468
47.1909016,27.5590493
47.1908993,27.5590967
47.1906117,27.558468
47.1905997,27.5585316
47.1905994,27.5585312
47.1905984,27.5585363
47.190598,27.5585369
47.1905978,27.5585337
47.1905963,27.5585341
47.1905953,27.5585336
47.1905938,27.5585357
47.1905931,27.5585332
47.1905949,27.5585257
47.1905948,27.5585254
47.1891754,27.5600848
47.185549,27.5632095
47.1830237,27.5653602
47.1804107,27.5675516
47.1790705,27.5687108
47.175925,27.571287
47.1747974,27.5722274
47.1712493,27.5751561
47.1687716,27.5768601
47.1663208,27.5779318
47.1655761,27.5808475
47.1652424,27.5821221
47.1646248,27.5840756
47.1644869,27.5844681
47.1640538,27.5861225
47.163848,27.587902
47.1642448,27.5908313
47.1636902,27.5929849
47.1632531,27.5968588
47.1624861,27.6023428
47.1626003,27.6051022
47.1614863,27.6086521
47.1610065,27.6099258
47.1601002,27.6138534
47.1600695,27.6139466
47.1592089,27.6192874
47.1571967,27.6226305
47.1561707,27.6240425
47.1537713,27.624731
47.1519687,27.6215466
47.1491016,27.6205692
47.147057,27.6199727
47.1460167,27.6196666
47.1460126,27.6196542
47.1463717,27.614364
47.1468639,27.6107874
47.1468624,27.6107719
47.147701,27.6049962
47.1482101,27.6013739
47.1486838,27.5978906
47.1491746,27.5949237
47.1500249,27.5922498
47.1510571,27.5890437
47.15194,27.5878938
47.1530566,27.5880994
47.1560966,27.5852384
47.1589997,27.5870615
47.1595901,27.5882656
47.1613538,27.5935424
47.1617439,27.5946532
47.1632391,27.5937492
47.164219,27.5905265
47.1638822,27.5886461
47.163763,27.5882038
47.1642666,27.5853654
47.1650057,27.5828766
47.1656048,27.5805887
47.1663135,27.5779156
47.1689941,27.5767466
47.1719305,27.5746024
47.1731186,27.5735998
47.1755644,27.5716088
47.177185,27.5702334
47.1802672,27.5676534
47.1818069,27.5663188
47.1839778,27.5645042
47.1858597,27.5628876
47.1884934,27.5606751
47.1908014,27.55917
47.1908571,27.5590906
47.1908667,27.5591067
47.190856,27.5591046
47.1908475,27.5590996
47.1909336,27.5589178
47.1909229,27.5588313
47.1909106,27.558827
47.1909112,27.5588257
47.1905755,27.5584562
47.1905832,27.5584454
47.1905837,27.5584482
47.1900324,27.5593433
47.1870344,27.561945
47.1855547,27.5632074
47.1831796,27.56523
47.1805706,27.5674413
47.1792783,27.5685268
47.1767599,27.5705939
47.1747255,27.5722738
47.1735799,27.5732092
47.1707403,27.5755909
47.1687361,27.5768731
47.1662191,27.578255
47.1656614,27.5805648
47.1652559,27.5820224
47.1646361,27.584032
47.1641303,27.5856507
47.1638203,27.5879273
47.1641423,27.5904616
47.1639369,27.5913653
47.1639406,27.5913696
47.1639425,27.5913694
47.1642058,27.5912937
47.1642087,27.5912935
47.1642126,27.5912929
47.1642127,27.5912921
47.1640653,27.5894069
47.1638654,27.588494
47.1639698,27.58646
47.1647605,27.5836076
47.1653337,27.5816364
47.1659142,27.579485
47.1668853,27.5759989
47.1679783,27.5726479
47.1687222,27.568899
47.1680736,27.5684212
47.1680692,27.5684279
47.1666415,27.5701606
47.1663715,27.5706217
47.1663716,27.5706279
47.164937,27.571774
47.1645561,27.5719731
47.1642358,27.572175
47.1642186,27.5728799
47.1644698,27.5731472
47.1644755,27.5731468
47.164485,27.5731473
47.1648789,27.5734649
47.1657521,27.5730735
47.1657113,27.573029
47.1654512,27.572992
47.1654509,27.5729919
47.1654509,27.5729919
47.1654509,27.5729919
47.1654509,27.5729919
47.1654509,27.5729919
47.1654509,27.5729919
47.1654509,27.5729919
47.1654509,27.5729919
47.1654509,27.5729919
47.1654509,27.5729919
47.1654509,27.5729919
47.1654509,27.5729919
47.1654509,27.5729919
47.1654509,27.5729919
47.1654509,27.5729919
47.1654509,27.5729919
47.1654509,27.5729919
47.1654509,27.5729919
47.1654509,27.5729919
47.1654509,27.5729919
47.1654509,27.5729919
47.1654509,27.5729919
47.1654509,27.5729919
47.1654509,27.5729919
47.1654509,27.5729919
47.1654509,27.5729919
47.1654509,27.5729919
47.1654509,27.5729919
47.1654509,27.5729919
47.1654509,27.5729919
47.1654509,27.5729919
47.1654509,27.5729919
47.1654509,27.5729919
47.1654509,27.5729919
47.1654509,27.5729919
47.1654509,27.5729919
47.1654509,27.5729919
47.1654509,27.5729919
47.1654509,27.5729919
47.1654509,27.5729919
47.1654509,27.5729919
47.1654509,27.5729919
47.1654525,27.5730405
47.1654573,27.573035
47.1654574,27.5730337
47.1654574,27.5730313
47.165883,27.5734686
47.1649539,27.5742833
47.1642367,27.5730434
47.1642364,27.5730417
47.164242,27.5730352
47.1642504,27.5730187
47.1641418,27.5728583
47.1640374,27.5724715
47.1657528,27.5712921
47.1657304,27.5712515
47.1675546,27.5684472
47.1689362,27.5691321
47.1678575,27.57307
47.1663536,27.5777239
47.1655011,27.5810681
47.1650302,27.5828333
47.164532,27.5845
47.1641001,27.5858143
47.1637782,27.5879333
47.1641052,27.5900993
47.1639371,27.590632
47.1639337,27.5906394
47.1642514,27.5913574
47.1642496,27.5913558
47.1642502,27.5913542
47.1641773,27.5901093
47.1637861,27.5879541
47.1641469,27.585527
47.1643454,27.584859
47.1649846,27.5827712
47.1655644,27.580648
47.1662105,27.5782308
47.168943,27.5768214
47.171986,27.5745906
47.1739911,27.57293
47.176603,27.570716
47.1806648,27.5673388
47.1823384,27.565888
47.1851925,27.5634498
47.1871644,27.5618002
47.1903846,27.5592129
47.190574,27.5584615
47.1904527,27.5585613
47.1904513,27.5585637
47.1904208,27.558569
47.1904255,27.5585559
47.1904244,27.558555
47.1902838,27.5589719
47.1902832,27.558975
47.1902839,27.558977
47.1898371,27.5595531
47.1870606,27.5619452
47.1860208,27.5627537
47.1844441,27.5641284
47.1815326,27.566607
47.1804754,27.5674579
47.1791741,27.5685373
47.1758174,27.5713587
47.1742926,27.5726201
47.173442,27.57331
47.1714727,27.5749967
47.1680532,27.5770348
47.1659033,27.5794428
47.1654711,27.581111
47.1648132,27.5834865
47.1645372,27.5842989
47.1640618,27.585799
47.1638092,27.5885019
47.1641672,27.5901942
47.1641715,27.5919384
47.1633979,27.5946738
47.163129,27.598077
47.1624225,27.6015177
47.1620665,27.6071307
47.1613897,27.6088704
47.1607298,27.6107617
47.1600099,27.6139117
47.1597418,27.6156582
47.15916,27.6193477
47.1573096,27.6224973
47.1561292,27.6241049
47.1543741,27.6253745
47.1521107,27.621589
47.151816,27.6214675
47.15141,27.6213486
47.1472313,27.6200472
47.1460268,27.6196139
47.1465559,27.612935
47.1468778,27.6108555
47.1472925,27.6077196
47.1482554,27.6010204
47.1486995,27.5975476
47.1491484,27.5948838
47.1491482,27.5948812
47.1507545,27.59005
47.1513507,27.5880463
47.1519732,27.5879316
47.152988,27.5882392
47.156643,27.5850515
47.1595187,27.5881409
47.1602622,27.5900964
47.1615796,27.5943958
47.1632402,27.5938465
47.1642799,27.5909337
47.1640294,27.5892812
47.1638771,27.5868443
47.1643406,27.584923
47.1645403,27.5842747
47.165222,27.5819653
47.1657606,27.5799668
47.1680146,27.5770244
47.1703579,27.5760159
47.173828,27.57305
47.1757929,27.5714002
47.1789854,27.5687719
47.1812071,27.5668863
47.1850894,27.5635589
47.1867329,27.562207
47.1905698,27.5592375
47.1909324,27.5588921
47.1909442,27.5589152
47.1906478,27.5584401
47.1906373,27.55845
47.1906073,27.5585136
47.1905629,27.5585256
47.1904321,27.5585869
47.1905023,27.5585415
47.1904544,27.5586241
47.1904595,27.5585564
47.1895864,27.5597791
47.1867943,27.5621342
47.1858784,27.5628902
47.1839529,27.5645659
47.1813765,27.566719
47.180436,27.5675369
47.1781375,27.5694094
47.1757931,27.5714026
47.1746822,27.5723381
47.1730413,27.573696
47.1698561,27.5762998
47.1684186,27.5769187
47.1661326,27.5785898
47.1654259,27.5812886
47.1647779,27.5834473
47.1644879,27.5845143
47.164015,27.5862852
47.1638044,27.5881761
47.1642856,27.5908726
47.1635802,27.5932361
47.162204,27.5947948
47.1610357,27.5925744
47.1592337,27.5874824
47.1586626,27.5863428
47.1561756,27.5852138
47.15311,27.588053
47.1523115,27.5881605
47.1509299,27.5895553
47.1495507,27.5937754
47.1488072,27.5969171
47.14829,27.6009518
47.1474147,27.6067729
47.1471489,27.6089716
47.1471062,27.6091743
47.1461185,27.6160991
47.145695,27.6192729
47.1481771,27.6203696
47.1504384,27.6210045
47.1530818,27.6221329
47.1553761,27.6251823
47.1568901,27.6230912
47.1588964,27.6203631
47.1598638,27.6148088
47.1599357,27.6143736
47.1612362,27.6092631
47.161859,27.6077735
47.1626041,27.6052112
47.1627601,27.6000632
47.1632342,27.59704
47.1642887,27.5915948
47.1641273,27.5899644
47.1640434,27.5859335
47.1643345,27.5848234
47.164562,27.584157
47.1653635,27.5814717
47.1658088,27.5798245
47.168186,27.5769521
47.1700316,27.5761902
47.1727955,27.5738449
47.1755587,27.5715448
47.1789677,27.568744
47.1809732,27.5670335
47.1833909,27.5649545
47.185856,27.56289
47.1871305,27.561816
47.1904136,27.5591565
47.1909024,27.5588987
47.1908958,27.5589102
47.1904699,27.5585073
47.1904809,27.5585284
47.1905078,27.5584889
47.1905281,27.5585026
47.1904752,27.5585939
47.1904566,27.5585732
47.1884055,27.5607384
47.1863073,27.5625421
47.1848115,27.5637901
47.1828222,27.5654575
47.1805035,27.567436
47.1792597,27.5684964
47.1770475,27.570343
47.1749058,27.572103
47.1744955,27.5724827
47.1713317,27.5750611
47.1690636,27.576739
47.167618,27.5770761
47.1660738,27.5787127
47.1654135,27.5813711
47.1648207,27.5833326
47.1640641,27.5858076
47.1638122,27.5879303
47.164196,27.5905037
47.1642682,27.5915585
47.1633377,27.5936679
47.1620799,27.5948767
47.1608092,27.5918031
47.1592597,27.5874961
47.1586484,27.5863029
47.1566242,27.5849593
47.153961,27.5871204
47.152028,27.5878987
47.1508849,27.5895185
47.1495649,27.5936969
47.1494314,27.5941127
47.1489407,27.5959823
47.1482567,27.6008838
47.1477607,27.604379
47.147122,27.6089555
47.1470241,27.6095817
47.1460443,27.6163813
47.1457192,27.6188984
47.1466951,27.619873
47.1492018,27.6206597
47.1511078,27.6212497
47.1530244,27.6220575
47.1557322,27.6246738
47.1563,27.6237909
47.1588921,27.6203088
47.1595931,27.6165933
47.1599409,27.6143082
47.1604706,27.6115299
47.1612501,27.609137
47.1624623,27.6056927
47.1626324,27.6034451
47.1630447,27.5988702
47.1632256,27.5970018
