47.1622649,27.5947324
47.1620796,27.5948536
47.1608436,27.5922722
47.1606124,27.5914848
47.1594817,27.5879302
47.1585844,27.5862452
47.1561371,27.5852005
47.1537943,27.5873757
47.1522354,27.5881385
47.1517544,27.5877485
47.1513017,27.5880632
47.1507793,27.5899687
47.1490865,27.5947944
47.1487129,27.5977115
47.1480823,27.602237
47.1472097,27.6081984
47.147188,27.6086365
47.146839,27.6108325
47.1458672,27.6175633
47.145834,27.6180636
47.145855,27.6180616
47.1457463,27.6187957
47.1457301,27.6189124
47.1481968,27.620353
47.1504479,27.621035
47.1507885,27.6211415
47.1514767,27.6213782
47.1531316,27.622228
47.1544914,27.6254336
47.1562736,27.6238842
47.1577452,27.6218468
47.1588976,27.6203492
47.1598764,27.6148043
47.1602787,27.6123264
47.161251,27.6092255
47.1619876,27.6074022
47.1625076,27.6057227
47.1624188,27.6014869
47.1632516,27.5974002
47.1639881,27.5923591
47.1641927,27.5902766
47.1639327,27.5888796
47.1640465,27.5863305
47.1642959,27.5851886
47.1644238,27.5847486
47.1653298,27.5817296
47.1656718,27.580597
47.1669912,27.5772989
47.1691287,27.5766925
47.1726085,27.5739855
47.1750065,27.5719482
47.1761031,27.5710554
47.1791743,27.5684969
47.1812465,27.5666553
47.1836266,27.5647794
47.1857934,27.5629139
47.1881816,27.5608553
47.1900335,27.5593717
47.1900375,27.5593666
47.1900388,27.559364
47.1902436,27.5591779
47.1908791,27.558825
47.1908903,27.5588129
47.1908878,27.5588114
47.1906104,27.5584417
47.1904599,27.5585787
47.1904478,27.5585367
47.1904757,27.5586009
47.1903993,27.5586805
47.1881126,27.5610123
47.1862571,27.5625485
47.1837594,27.5647183
47.1809926,27.5670529
47.1796242,27.5682539
47.1767232,27.5706014
47.1748557,27.5721628
47.1742021,27.5726969
47.1712894,27.5750738
47.1690853,27.5767123
47.1672974,27.5771827
47.1658632,27.5796196
47.165501,27.5813427
47.1647738,27.5835238
47.1643278,27.5848142
47.1639114,27.5866022
47.1641056,27.5895889
47.1643171,27.5909983
47.1635145,27.5933445
47.1620905,27.5947873
47.162024,27.5948422
47.1606274,27.5914319
47.1594515,27.5879565
47.1588826,27.5868242
47.1573673,27.5850681
47.1538126,27.587319
47.1526272,27.5882859
47.1517522,27.5877254
47.1508886,27.5895961
47.1500523,27.5921207
47.1490784,27.5953724
47.14845,27.5995751
47.1482623,27.6009688
47.1478369,27.6038467
47.1471494,27.6089737
47.1465,27.6133001
47.1457121,27.6189376
47.1457088,27.6189491
47.1481764,27.6203125
47.1504859,27.6210235
47.1510059,27.6211692
47.1515774,27.6213242
47.1531844,27.6221716
47.1540672,27.6250575
47.1562985,27.623734
47.1576109,27.6219599
47.1589591,27.6201403
47.1599125,27.6144505
47.1600075,27.6137771
47.161144,27.6094191
47.1615983,27.6081282
47.1624747,27.6056411
47.1625666,27.6031185
47.1631321,27.5980403
47.1633427,27.5953713
47.1640859,27.5921437
47.164124,27.5900892
47.1638701,27.5885479
47.1638407,27.5874085
47.1641929,27.5852264
47.1650033,27.5827458
47.1655936,27.5805635
47.1662734,27.5777554
47.1689466,27.5767742
47.171629,27.5747782
47.1738521,27.5729651
47.1751679,27.5718341
47.1770214,27.5703212
47.1790929,27.568532
47.1810893,27.5669215
47.1842744,27.56417
47.1857865,27.5628739
47.188775,27.5603262
47.1907669,27.5592039
47.1907764,27.5592119
47.1907457,27.5592538
47.190744,27.5592475
47.190905,27.5589073
47.1908976,27.5589089
47.1908951,27.5589057
47.1908945,27.5589031
47.1908943,27.5589006
47.1908937,27.5588982
47.1909329,27.5588498
47.1909312,27.5588495
47.1909301,27.5588503
47.1909283,27.5588491
47.1909252,27.5588479
47.1909234,27.5588455
47.1905136,27.5584709
47.1905122,27.5584746
47.1905003,27.5585204
47.1905539,27.5585792
47.1905508,27.5585785
47.1905467,27.5585753
47.1905425,27.5585738
47.1886176,27.5605818
47.1863842,27.5625402
47.1844921,27.5640564
47.1815725,27.5665546
47.1804097,27.5676131
47.179227,27.5685748
47.1758685,27.5713114
47.1746796,27.5723197
47.1717272,27.5747603
47.1689762,27.5767676
47.1668455,27.577363
47.1656622,27.5805702
47.1653649,27.5818544
47.1646534,27.5839913
47.1641395,27.5855091
47.1638515,27.5872049
47.1641851,27.5902912
47.164331,27.5909738
47.1637091,27.5931409
47.1616383,27.5945125
47.1606484,27.5913921
47.1593629,27.5877105
47.1586897,27.5863883
47.1558912,27.585335
47.1526482,27.5883006
47.1521917,27.5881301
47.1511656,27.5887752
47.1503293,27.591362
47.149598,27.593881
47.1491392,27.5950708
47.148448,27.5999867
47.1483115,27.6009516
47.1478203,27.6039956
47.1471621,27.6089415
47.1466906,27.6121409
47.1457513,27.6189268
47.1456848,27.6189208
47.1470045,27.6199395
47.1497777,27.6208211
47.1506564,27.621075
47.1517326,27.6214393
47.1535638,27.6240418
47.1561678,27.6239412
47.1583755,27.6209542
47.1593303,27.6182288
47.1598882,27.6143105
47.1602104,27.6123553
47.1612422,27.6092146
47.162208,27.6063376
47.1626196,27.6034613
47.1631356,27.5979625
47.1634176,27.5937994
47.1641577,27.5902975
47.1638257,27.5886267
47.1637469,27.5880866
47.1642011,27.5853075
47.164979,27.5829965
47.1655923,27.580568
47.166254,27.5778559
47.168945,27.5767725
47.1719019,27.5746171
47.1750729,27.5719582
47.1755532,27.5715737
47.1782228,27.5693678
47.1803593,27.5675675
47.1816847,27.5664215
47.1836238,27.5647195
47.1858497,27.5629054
47.1885658,27.5605186
47.1903151,27.5590912
47.1909129,27.558833
47.190922,27.5588172
47.1904813,27.5584775
47.1904528,27.5585138
47.190483,27.558561
47.1902008,27.5592375
47.1873047,27.5616747
47.1854196,27.563291
47.1836542,27.5647626
47.1808188,27.5671578
47.1793993,27.5683795
47.1766556,27.570664
47.1748512,27.5721289
47.1729386,27.5737383
47.1699488,27.5761742
47.1681387,27.5769675
47.1660372,27.5787927
47.1654983,27.5812895
47.1647089,27.5836209
47.1640706,27.5858398
47.163765,27.5883954
47.1642642,27.5910225
47.1640689,27.592238
47.1632986,27.5957615
47.162867,27.5995665
47.1625525,27.6052513
47.1618691,27.6076926
47.1603787,27.6118334
47.1600478,27.6138464
47.159691,27.6159814
47.1591567,27.6192054
47.1566248,27.6233418
47.1556632,27.6247001
47.1529547,27.6220433
47.1513403,27.6213833
47.1480426,27.6202525
47.1460461,27.6197205
47.1460654,27.6163767
47.1468434,27.6107468
47.146871,27.6105244
47.1477818,27.6042711
47.1479196,27.6033379
47.1483786,27.6000148
47.1491452,27.5948923
47.1494097,27.5939698
47.1509263,27.5893401
47.1513603,27.587764
47.1527708,27.5882604
47.1554233,27.5856431
47.1569879,27.5849985
47.1591372,27.5874093
47.1599256,27.5890624
47.1610349,27.5926802
47.1627084,27.5943707
47.1637656,27.5927341
47.1641408,27.5901975
47.1638025,27.5875245
47.1641874,27.585255
47.1643158,27.5847327
47.1650048,27.5825696
47.1656166,27.5806137
47.1663641,27.5776402
47.1689508,27.5767634
47.1706543,27.5756547
47.1730565,27.5736116
47.1752746,27.5717202
47.1771485,27.5702267
47.1800698,27.5677277
47.1814729,27.566562
47.183539,27.5648995
47.1857677,27.5628746
47.1879544,27.5610595
47.1905527,27.5592004
47.1908982,27.5588479
47.1908972,27.5588461
47.1904491,27.5585791
47.1904483,27.5585783
47.1904494,27.5585792
47.1904495,27.5585786
47.1904495,27.5585786
47.1555627,27.6248095
47.1531472,27.6223721
47.1490351,27.6206108
47.1637445,27.5878638
47.1640839,27.5914246
47.1459507,27.6172233
47.1459466,27.6172278
47.1459451,27.6172283
47.1459409,27.6172253
47.1459399,27.6172266
47.1459231,27.617256
47.1459217,27.6172559
47.1459209,27.6172584
47.1459196,27.6172616
47.1459192,27.6172666
47.1459191,27.6172701
47.1459194,27.6172731
47.1459183,27.6172768
47.1459174,27.617281
47.145918,27.6172833
47.1459169,27.6172872
47.1459159,27.6172907
47.1459158,27.6172925
47.1459157,27.6172934
47.1459163,27.6172933
47.1459157,27.6172931
47.1459152,27.6172943
47.1459159,27.6172952
47.1459153,27.6172969
47.1459155,27.6172977
47.145916,27.6172989
47.1459437,27.6173337
47.1459417,27.6173316
47.1459505,27.6173118
47.1459125,27.6172963
47.1459117,27.6172962
47.1459118,27.6172959
47.1459117,27.6172968
47.1459105,27.6172975
47.14591,27.6172974
47.1459096,27.6172971
47.1459098,27.6172987
47.1459099,27.6172997
47.1459099,27.6173011
47.1459153,27.6172932
47.1459164,27.617298
47.1459173,27.6172993
47.1459175,27.617301
47.1459184,27.6173017
47.1459194,27.617303
47.1459182,27.6173059
47.1458265,27.6180828
47.1456765,27.618912
47.1480311,27.6202987
47.1500762,27.6209566
47.1505849,27.6211488
47.1529228,27.6219286
47.1535077,27.623752
47.1561782,27.6239505
47.1588815,27.6202793
47.1589271,27.620294
47.1597813,27.6151815
47.160295,27.6119245
47.1611853,27.6092396
47.1618238,27.6076686
47.162572,27.6044853
47.1631782,27.5974594
47.1634037,27.5936225
47.1638592,27.5924493
47.1642567,27.5910133
47.1641111,27.5900097
47.1641533,27.5852525
47.1647669,27.5833647
47.1655644,27.5805161
47.1662312,27.5780042
47.1689552,27.5767485
47.1705537,27.5757265
47.173577,27.5731303
47.1755688,27.5715288
47.1769465,27.570374
47.1799383,27.567763
47.1811102,27.5667888
47.1836153,27.5647545
47.1858241,27.5628948
47.1890488,27.5601126
47.1909052,27.5588806
47.1909023,27.5588774
47.1909,27.5588749
47.1904808,27.5585311
47.1904746,27.558533
47.1904741,27.5585357
47.1904738,27.5585384
47.1904734,27.5585417
47.1904773,27.5585554
47.1897232,27.5596223
47.186469,27.5624638
47.1857944,27.562971
47.1843302,27.5642202
47.1810453,27.5669779
47.1803889,27.5675438
47.1789054,27.5688111
47.1764051,27.570873
47.1750833,27.5719352
47.1743751,27.5725486
47.1725656,27.5740836
47.1691372,27.5767533
47.1678213,27.5771894
47.1659053,27.5793626
47.1654252,27.5812841
47.1646869,27.5835165
47.1644274,27.584514
47.16406,27.5859503
47.1640527,27.5896325
47.164284,27.5908895
47.1640345,27.5921618
47.163253,27.5962386
47.1626437,27.6003612
47.1625576,27.6053864
47.1620372,27.6070578
47.1613859,27.6088098
47.160068,27.6136553
47.1599386,27.6141585
47.1591809,27.6192702
47.1582978,27.62111
47.1561654,27.6240297
47.1549069,27.6254163
47.1526929,27.6218209
47.1514069,27.6213156
47.1487347,27.6205057
47.1461037,27.6197211
47.1457918,27.6181648
47.1468623,27.6107386
47.1471311,27.6088085
47.1479794,27.6028278
47.1480044,27.6026728
47.1483401,27.6002831
47.1491325,27.5948621
47.1491171,27.5948555
47.150609,27.5903881
47.1511793,27.588629
47.1519691,27.5878864
47.1542009,27.5868918
47.1578237,27.5851459
47.1582044,27.5856523
47.1583856,27.5858345
47.159155,27.587364
47.1596564,27.5882868
47.1615514,27.5940849
47.161952,27.5948902
47.1627149,27.5943989
47.1633824,27.5932707
47.1642453,27.591716
47.1641426,27.5899785
47.1639063,27.5864174
47.1643148,27.5848093
47.1644074,27.5845913
47.1652618,27.5820359
47.1656155,27.5805848
47.1662912,27.5779735
47.1689966,27.5767788
47.171071,27.5752762
47.1734203,27.5734075
47.1751739,27.5718829
47.1763759,27.5708291
47.1788912,27.5687845
47.1810217,27.5669709
47.1829985,27.5653088
47.1849961,27.563645
47.1861451,27.5626326
47.1897463,27.5595393
47.1909003,27.5589025
47.1908999,27.5589007
47.1909058,27.5588974
47.1908905,27.5588718
47.1908904,27.5588716
47.1908899,27.5588748
47.1906608,27.5584305
47.1904855,27.5584681
47.1904661,27.5585354
47.190464,27.5585463
47.1904616,27.5585556
47.1904594,27.558563
47.1896275,27.5597558
47.1867359,27.5622263
47.1858501,27.5629909
47.1844616,27.5641868
47.1813772,27.5667838
47.1804071,27.5676412
47.177533,27.5700036
47.1761194,27.5711724
47.175667,27.5715893
47.1748713,27.5722007
47.1745033,27.5725544
47.1730711,27.5736959
47.1704431,27.5758411
47.1687133,27.5769249
47.1669658,27.5773523
47.165663,27.5803965
47.1654931,27.5813656
47.1650169,27.5829375
47.1641054,27.5857872
47.1639418,27.58756
47.1641655,27.5901276
47.1643323,27.5908752
47.1642647,27.5918867
47.1627592,27.594397
47.1611777,27.5930843
47.1601754,27.5899537
47.1593009,27.5875994
47.1587885,27.5866628
47.1577312,27.5850798
47.1554703,27.5856484
47.1533208,27.5878522
47.1515821,27.5876563
47.1509185,27.589757
47.1497228,27.5934192
47.1494829,27.5941369
47.1494488,27.5941258
47.149124,27.5950781
47.1482811,27.6007088
47.1481314,27.6017658
47.1471249,27.6088347
47.1471296,27.6089672
47.1464915,27.6133793
47.1457037,27.6189452
47.1680873,27.568362
47.164555,27.5734787
47.1642266,27.5730907
47.16644,27.5705031
47.1673892,27.5685829
47.1682717,27.5685057
47.1687043,27.5708149
47.1673894,27.5742499
47.1660214,27.5790456
47.1655658,27.5808413
47.1653068,27.5820342
47.1646032,27.5842201
47.1641591,27.5855392
47.1639953,27.5889557
47.1641999,27.5904515
47.1642743,27.5908894
47.1634808,27.5934968
47.1612336,27.5932086
47.160365,27.5905197
47.1592687,27.5876676
47.1580084,27.5853359
47.1552777,27.5858678
47.1537748,27.5873822
47.1519332,27.5878395
47.151333,27.5879681
47.1504095,27.5912629
47.1495237,27.5940302
47.1494984,27.5941186
47.1489254,27.5963429
47.1482245,27.6012881
47.1473193,27.6074591
47.1471536,27.6086599
47.1467808,27.6114331
47.14582,27.61823
47.1468098,27.619898
47.149969,27.6208465
47.1510481,27.6211802
47.152049,27.6214662
47.1534743,27.6235548
47.155998,27.6242744
47.1579556,27.6215825
47.1592471,27.618958
47.1599236,27.614314
47.1602979,27.6122029
47.1612729,27.6092038
47.1620389,27.6071015
47.1625684,27.605181
47.1626905,27.6003103
47.1633084,27.595958
47.1643699,27.5915962
47.1640757,27.5897574
47.1639098,27.5867053
47.1643172,27.5848709
47.1645559,27.584265
47.1654401,27.5811696
47.1660366,27.5789792
47.168218,27.5768973
47.169835,27.5763062
47.1725896,27.5739785
47.1755791,27.5715952
47.1763685,27.570947
47.1796844,27.5680991
47.1810625,27.5669144
47.1836422,27.5647378
47.1858323,27.5628982
47.1882889,27.5608237
47.1906384,27.5591788
47.1906963,27.5591111
47.1907049,27.5591314
47.1907022,27.5591318
47.1908179,27.5591161
47.1908177,27.5591153
47.1909359,27.5588765
47.1909352,27.5588804
47.1909345,27.5588785
47.1905085,27.5585217
47.1904937,27.5585306
47.1904925,27.5585374
47.1904976,27.5586135
47.1902963,27.5591369
47.187581,27.5614676
47.1860787,27.5627973
47.184492,27.5641365
47.1814342,27.5666915
47.1804275,27.5675678
47.1777139,27.5698297
47.1749061,27.5721671
47.1740901,27.5728389
47.1709913,27.5753792
47.1687925,27.5767816
47.1672796,27.5772073
47.165834,27.5798664
47.1654271,27.581499
47.1645821,27.5840323
47.1641335,27.5858591
47.16381,27.5883179
47.1641964,27.5901748
47.1642976,27.5911787
47.1626735,27.5944471
47.1607501,27.5916481
47.15939,27.5878446
47.1583678,27.585745
47.1570842,27.5850907
47.1553992,27.5858614
47.1528652,27.5882542
47.1519459,27.5879198
47.1509231,27.5895825
47.149784,27.5931971
47.1494448,27.5940494
47.149148,27.5951139
47.1485162,27.5991148
47.1482214,27.6010899
47.1473487,27.6072775
47.1471298,27.608946
47.1466457,27.6123019
47.1457467,27.6189394
47.1481549,27.6203357
47.1504839,27.6210851
47.1512762,27.6212759
47.1531707,27.6221916
47.1554033,27.6250629
47.1563525,27.6237094
47.1588545,27.6202697
47.1598874,27.6147472
47.1603709,27.6118524
47.1612609,27.6092041
47.1620014,27.6072554
47.162583,27.6050819
47.1628644,27.5997518
47.1632279,27.5973813
47.1641357,27.5920332
47.1641512,27.5900827
47.1638507,27.5878255
47.1642438,27.585304
47.1650367,27.5826035
47.1656366,27.5805657
47.1664808,27.5774961
47.1689774,27.5768058
47.171515,27.5748494
47.1739189,27.572921
47.1757865,27.5713086
47.1789151,27.5687276
47.1807936,27.5671064
47.1822604,27.5659362
47.1838381,27.5645714
47.1858376,27.5629211
47.1875568,27.5614371
47.1904869,27.5591845
47.1908599,27.559059
47.1908591,27.5590562
47.1908545,27.5590691
47.1908615,27.5590543
47.1908619,27.5590543
47.1908619,27.5590551
47.1908602,27.5590541
47.1906836,27.5584325
47.1906255,27.5584319
47.1906252,27.5584345
47.1906254,27.558438
47.1906246,27.5584392
47.1906243,27.5584406
47.1895871,27.5597345
47.1875977,27.5613968
47.1851432,27.5635204
47.1830673,27.5653189
47.1803768,27.567561
47.1792332,27.5685326
47.1765772,27.5707246
47.1747755,27.5721738
47.1731169,27.5735874
47.1704255,27.5757463
47.1688377,27.5768289
47.1667629,27.5774522
47.1656599,27.5803637
47.1653828,27.5812753
47.1649498,27.5830335
47.1644457,27.5844794
47.1642475,27.5851318
47.1638688,27.5874957
47.1638875,27.5885885
47.1642667,27.5909606
47.1641133,27.5920701
47.1635059,27.5934069
47.1620786,27.5948425
47.1608275,27.5920283
47.1606015,27.5912133
47.1591729,27.5874983
47.1587069,27.5864844
47.1569653,27.5850409
47.1554484,27.5856432
47.1530622,27.5881104
47.1511326,27.5888477
47.1498488,27.5927157
47.1491183,27.5950688
47.1483431,27.6001636
47.1480878,27.6018308
47.1480365,27.6020373
47.1479387,27.6028966
47.1471875,27.6082826
47.1471482,27.6086923
47.1471181,27.608863
47.1461064,27.6158278
47.1456544,27.6188923
47.1456455,27.6191038
47.1486284,27.6204635
47.1504365,27.6210469
47.1508816,27.6211781
47.1512233,27.6213177
47.1513768,27.6213349
47.1531541,27.6222427
47.1555239,27.6248954
47.1570776,27.6226911
47.158853,27.6202579
47.1598984,27.6144802
47.1605881,27.6111128
47.1612204,27.6091663
47.1622823,27.6062188
47.1626196,27.6033324
47.1631449,27.5981906
47.1632543,27.5966804
47.1637097,27.5928164
47.164318,27.591281
47.1641496,27.590372
47.1638313,27.5886463
47.1641501,27.5854417
47.1645258,27.5842131
47.1654032,27.5811779
47.1659094,27.5792992
47.1660687,27.5789192
47.1683535,27.576903
47.1700908,27.5761386
47.173065,27.5736496
47.1752759,27.571761
47.1761913,27.5710215
47.1789344,27.5687132
47.1808152,27.5671361
47.1822263,27.5659851
47.1845109,27.5640812
47.1856976,27.5630196
47.1882004,27.5608632
47.1907045,27.55919
47.190717,27.5592107
47.190715,27.5592073
47.1907169,27.5592043
47.1907185,27.5591989
47.1907193,27.5591965
47.1909444,27.5588261
47.1909272,27.5588809
47.1909398,27.5588842
47.1909371,27.5588837
47.190935,27.5588803
47.1909326,27.5588774
47.1909302,27.558874
47.1904766,27.5585142
47.190477,27.558517
47.1904785,27.5585202
47.1886258,27.5606017
47.186428,27.5625244
47.1845146,27.5640634
47.1819181,27.566242
47.1803838,27.5676171
47.1777647,27.5697768
47.1753689,27.5717655
47.1746009,27.5723682
47.1734282,27.5733688
47.171519,27.5749902
47.1687391,27.5768462
47.166797,27.5774612
47.1661882,27.5785106
47.1653892,27.5818445
47.1646242,27.5841787
47.1640938,27.5857941
47.163802,27.5877844
47.1642379,27.5906159
47.1641967,27.5915231
47.1633767,27.5944847
47.1632239,27.5968782
47.1626333,27.6038175
47.1623049,27.6062572
47.1614653,27.6086609
47.1606642,27.6110114
47.1601561,27.6136499
47.1601558,27.6136501
47.1593186,27.6187868
47.1580283,27.6214866
47.1561363,27.6240495
47.1535089,27.6241228
47.1519671,27.6215417
47.1511275,27.6212433
47.1481523,27.6203114
47.1460516,27.6197301
47.1457928,27.618374
47.1468133,27.6109706
47.1468476,27.6108155
47.1469994,27.6096836
47.1479295,27.6029866
47.1484574,27.5995529
47.1491709,27.5949632
47.1505705,27.590407
47.1511089,27.5889036
47.1531654,27.5880005
47.1569597,27.5849868
47.1592984,27.5877276
47.1600319,27.5893322
47.1610744,27.5927463
47.1619367,27.5949422
47.1640351,27.5921961
47.164108,27.590004
47.1638341,27.5885596
47.1640348,27.5857963
47.1646476,27.5837499
47.1655249,27.5805853
47.1661756,27.5781031
47.1689314,27.5767711
47.1704497,27.5758134
47.1730398,27.5736188
47.1738265,27.5729935
47.1755607,27.571577
47.1786862,27.5689412
47.1808185,27.5671251
47.1823701,27.5657988
47.1855651,27.5630854
47.1875675,27.5613812
47.1907264,27.5591842
47.1909456,27.5589285
47.1909421,27.5589239
47.1909378,27.5589226
47.1909334,27.5589232
47.1909309,27.5589217
47.1909287,27.5589218
47.1908069,27.5584772
47.1907473,27.5584819
47.190618,27.5584476
47.1906187,27.5584479
47.1906213,27.5584565
47.1895564,27.5597413
47.1868579,27.5620448
47.1858909,27.5628932
47.1834289,27.5650132
47.1809712,27.5670729
47.1795046,27.5682979
47.176598,27.5706818
47.1748026,27.5721938
47.1724597,27.5741283
47.1696108,27.5764142
47.167712,27.5771232
47.1661044,27.5786503
47.1654554,27.581211
47.1649713,27.5827742
47.1642318,27.5851656
47.1638891,27.5867365
47.1641171,27.5899893
47.1642895,27.5910104
47.1635239,27.5933626
47.1632402,27.5968202
47.1625002,27.6026178
47.1625223,27.6053184
47.1615421,27.6084232
47.1608584,27.6103602
47.1600307,27.6138117
47.1595047,27.6170859
47.1592043,27.6192921
47.1564108,27.6236647
47.1550895,27.6253243
47.1524847,27.6216363
47.1511583,27.6212987
47.1485515,27.6204084
47.145709,27.6193248
47.1466892,27.6117112
47.1467947,27.6107164
47.1478078,27.6039665
47.1482733,27.6006185
47.1491331,27.5949329
47.1504034,27.591059
47.1512356,27.5883716
47.1519475,27.5878857
47.1543942,27.5866969
