47.1616153,27.6083081
47.1624427,27.6059252
47.162689,27.6035095
47.1625393,27.6009338
47.1634486,27.5942756
47.1647079,27.5908935
47.1640057,27.5889774
47.1638935,27.5871255
47.1642844,27.5852198
47.1650036,27.5829578
47.1655883,27.5808701
47.1662441,27.5782619
47.1687723,27.576914
47.1721046,27.5745348
47.1752997,27.5718875
47.1771385,27.5703848
47.1804704,27.5676216
47.1819439,27.5663481
47.1842695,27.5644438
47.1864023,27.5625995
47.189962,27.5595207
47.1907394,27.5592744
47.1907217,27.5592814
47.1907726,27.5592631
47.1908365,27.5585146
47.1908807,27.5584816
47.1908772,27.5584831
47.1908662,27.5584906
47.1908143,27.5584902
47.1902902,27.5588884
47.187971,27.5609535
47.1864671,27.562244
47.18478,27.5637683
47.1820757,27.5661235
47.1803696,27.5674161
47.1776906,27.5696647
47.1756887,27.5713264
47.174121,27.5726802
47.1721701,27.5742849
47.1695002,27.5764559
47.1679462,27.5769196
47.1663382,27.5777554
47.1656612,27.5803147
47.1654888,27.5811295
47.1647608,27.5835324
47.1641754,27.5854653
47.1638378,27.5875457
47.1638055,27.588279
47.1642081,27.5905655
47.1642956,27.5913239
47.1635083,27.5931855
47.1617636,27.5947406
47.1608554,27.5919843
47.1595999,27.5881149
47.1592015,27.5873562
47.1574519,27.5850482
47.1550347,27.5860184
47.1532325,27.5879799
47.1519153,27.5878122
47.150949,27.5893868
47.1505308,27.5906015
47.1494969,27.5937153
47.1490874,27.5949934
47.1482933,27.6004149
47.1479578,27.6029073
47.1471441,27.6087079
47.14658,27.6124607
47.1457089,27.6187515
47.1457004,27.6187204
47.1479392,27.6203128
47.1502318,27.6209989
47.1510993,27.6212773
47.1515176,27.6213976
47.1530555,27.6221537
47.1555465,27.6249916
47.1565594,27.6235927
47.1587131,27.6206471
47.1594659,27.6174912
47.1598838,27.6145631
47.1598949,27.6145373
47.1610672,27.6098094
47.1616118,27.6083537
47.1624453,27.6059491
47.162671,27.6037259
47.1631499,27.5981691
47.1634433,27.5941388
47.1642737,27.5916992
47.1641833,27.5899524
47.1638506,27.5876928
47.1641613,27.5855286
47.1642886,27.5851034
47.1647795,27.5835346
47.1655422,27.5808475
47.1662765,27.5780826
47.1687631,27.5768883
47.1715162,27.5749785
47.175191,27.5719106
47.1764483,27.5708778
47.1789315,27.5687954
47.1807659,27.567264
47.1825014,27.5657826
47.184315,27.5642867
47.1858778,27.5629379
47.1897105,27.559696
47.1907826,27.559247
47.190848,27.5591711
47.1908391,27.5591729
47.1906064,27.5584389
47.1905864,27.5583767
47.1905899,27.5583654
47.190567,27.5583547
47.1898286,27.5593633
47.1872062,27.5615176
47.1862961,27.5623269
47.1842006,27.5642027
47.1822157,27.5658137
47.1805462,27.5673002
47.1784059,27.5690812
47.1760971,27.5709511
47.1747381,27.5721399
47.1732037,27.5734286
47.1703416,27.5758139
47.1689021,27.5767493
47.1665667,27.5774758
47.1654082,27.5809876
47.1649422,27.5823758
47.1643958,27.5841456
47.1640477,27.5856033
47.1637297,27.5875352
47.1641896,27.590608
47.1642978,27.5914642
47.1629731,27.5940175
47.1622051,27.5946179
47.1613114,27.5935193
47.1596222,27.5883394
47.1590984,27.5872312
47.1568345,27.5849537
47.1541056,27.5869929
47.1532376,27.5877799
47.1520143,27.5879244
47.1511648,27.5885528
47.1506724,27.5900409
47.1490623,27.59508
47.1485676,27.5983133
47.148259,27.6007782
47.1477369,27.6040772
47.1471856,27.6080004
47.1470754,27.6086635
47.1469644,27.609466
47.1459399,27.616882
47.1457083,27.6185379
47.145678,27.6186883
47.1463416,27.6197647
47.1494271,27.6206993
47.1512542,27.6212935
47.1532144,27.6226616
47.1554116,27.6250465
47.1565332,27.6235949
47.1587544,27.6205152
47.1596976,27.6160891
47.1600594,27.6136805
47.1611394,27.6096623
47.161528,27.6085107
47.1624285,27.6059158
47.1624764,27.6020031
47.1632051,27.5977814
47.1634785,27.5939123
47.1642428,27.5918909
47.1641667,27.5901204
47.1638952,27.5887997
47.163879,27.5869938
47.1643139,27.58506
47.1652998,27.5819787
47.1656085,27.5809636
47.1663245,27.5780294
47.1687643,27.576918
47.1700552,27.576273
47.1729573,27.5738226
47.1754204,27.5717202
47.1779066,27.569679
47.1796419,27.5681958
47.1808959,27.5670917
47.183382,27.565043
47.1857037,27.5630974
47.1892213,27.5601318
47.1901192,27.5593451
47.190318,27.5592498
47.1903426,27.5592673
47.1903407,27.5592681
47.1903318,27.5592743
47.1903306,27.5592747
47.1903313,27.5592744
47.1903314,27.5592738
47.1903309,27.5592731
47.1903325,27.5592689
47.1903314,27.5592698
47.1906015,27.5592564
47.1906156,27.5592498
47.1906148,27.5592499
47.1908845,27.5590998
47.19089,27.5590695
47.1908886,27.5590707
47.1908868,27.5590725
47.1908841,27.559076
47.1907891,27.5584355
47.1906402,27.5583747
47.1906419,27.5583743
47.1906342,27.5583868
47.1906923,27.5584206
47.1906939,27.5584224
47.190698,27.5584242
47.1902121,27.5591106
47.1879214,27.5610092
47.1865347,27.5623026
47.1847061,27.56379
47.1830793,27.5650724
47.1810143,27.5670603
47.1793574,27.568336
47.1765115,27.5707077
47.1750099,27.5719682
47.1735748,27.5731407
47.1722055,27.5743212
47.1697647,27.5762608
47.168283,27.5768465
47.1662872,27.5779169
47.1654314,27.5809006
47.164881,27.5828333
47.1640679,27.5853704
47.1637024,27.588136
47.1642008,27.590611
47.1638717,27.5925044
47.1634066,27.5935028
47.1632315,27.5965124
47.1624084,27.6013821
47.1625216,27.6050429
47.1617303,27.6079577
47.1609518,27.6099778
47.1600034,27.6134577
47.1597538,27.6153138
47.1591997,27.6189471
47.1571153,27.6226977
47.1560737,27.6241772
47.1535061,27.623673
47.1522468,27.6215081
47.1494739,27.6207058
47.1477184,27.6201828
47.1458099,27.6195168
47.146728,27.6117458
47.1470964,27.6091205
47.1478805,27.6036065
47.1482807,27.6008116
47.1490706,27.5953275
47.1491387,27.5950932
47.1503794,27.5912124
47.1509784,27.5894371
47.1513494,27.5879964
47.1515954,27.5876938
47.1537013,27.587462
47.1557618,27.5855728
47.1584123,27.5859798
47.1593658,27.5879255
47.1607419,27.5917222
47.1628616,27.5943144
47.1643967,27.591153
47.1640225,27.5891831
47.1640053,27.5861134
47.1642972,27.585138
47.1645289,27.5844415
47.1652115,27.5817055
47.1657736,27.5799356
47.1679298,27.5770612
47.1696071,27.5765679
47.1743634,27.5725353
47.1754299,27.5717295
47.1773095,27.5701298
47.1808389,27.5671839
47.182211,27.5660243
47.184249,27.5642293
47.186749,27.5621744
47.1908578,27.5591438
47.1908039,27.5585012
47.1908044,27.5585008
47.1908048,27.558501
47.1908055,27.5585006
47.1908058,27.5585003
47.1908054,27.5584995
47.1908215,27.5584919
47.1908412,27.5584497
47.190665,27.5584028
47.1893738,27.5598191
47.186844,27.5619939
47.1856136,27.5630533
47.184118,27.5643719
47.1815571,27.566525
47.1805224,27.5673156
47.1775142,27.5699384
47.175004,27.5719582
47.173014,27.5736612
47.1705589,27.5757313
47.1688922,27.5767003
47.1666183,27.5774291
47.1655426,27.5804425
47.1652699,27.5815734
47.1645629,27.5837632
47.1641597,27.5851283
47.1637868,27.5870621
47.1640965,27.5901746
47.1641654,27.5917251
47.1626626,27.5943502
47.1617996,27.5948471
47.1599542,27.5889674
47.1591847,27.5873322
47.1573935,27.5850414
47.1539009,27.5871918
47.1527955,27.5883042
47.1642554,27.5851454
47.1644941,27.5845202
47.165513,27.5808911
47.1648286,27.5724204
47.1648302,27.5724193
47.1461103,27.6159361
47.1461134,27.6159015
47.146113,27.615902
47.1461143,27.6159138
47.1461138,27.6159136
47.1461128,27.6159134
47.1461126,27.6159131
47.146112,27.6159139
47.1461122,27.6159142
47.1461122,27.6159141
47.146112,27.6159138
47.1461116,27.6159136
47.1461112,27.6159134
47.1461106,27.6159132
47.1461102,27.6159137
47.1461095,27.6159128
47.1461091,27.6159126
47.1461088,27.6159125
47.1461084,27.6159119
47.1461077,27.6159115
47.1461073,27.6159115
47.1461064,27.6159109
47.1461057,27.6159109
47.1461056,27.6159106
47.1461052,27.6159113
47.1461044,27.615913
47.1461035,27.6159149
47.146103,27.6159167
47.1460962,27.6158937
47.1461015,27.6159031
47.146101,27.6159028
47.1460934,27.6158654
47.146093,27.6158646
47.1460927,27.6158635
47.1460933,27.6158632
47.1460935,27.6158629
47.1460938,27.6158625
47.1460936,27.6158621
47.1461271,27.6158058
47.1461328,27.6157821
47.1461321,27.6157844
47.1461319,27.6157849
47.1461317,27.615786
47.1461312,27.6157862
47.1461309,27.6157869
47.1461302,27.615788
47.1461289,27.6157908
47.1460423,27.6164747
47.145911,27.617268
47.1459112,27.6172681
47.14584,27.6177292
47.145752,27.6183149
47.1476403,27.6202825
47.1502382,27.6210277
47.1512294,27.6213245
47.1517681,27.6215156
47.155048,27.6253796
47.1585385,27.620853
47.1594476,27.6177455
47.159803,27.6150562
47.1610678,27.6097688
47.1611717,27.6094562
47.1618677,27.6076173
47.1624438,27.6013391
47.1631835,27.5976973
47.1634023,27.5949202
47.164347,27.5909695
47.1638041,27.587876
47.164118,27.5855938
47.1642354,27.5853099
47.1649546,27.5828133
47.1654487,27.5811335
47.1662176,27.578303
47.1670947,27.5750349
47.1678276,27.5729959
47.169158,27.5696579
47.1683278,27.5685989
47.1683297,27.5685937
47.1668979,27.5695198
47.1666944,27.5698941
47.166695,27.5698895
47.1652546,27.5715394
47.1645549,27.5719108
47.1641204,27.5726812
47.1643087,27.5730199
47.1642244,27.5730301
47.1642333,27.5730708
47.1642311,27.5730712
47.1642451,27.5730623
47.1644081,27.5732514
47.1653134,27.5731415
47.1655344,27.5730488
47.1653869,27.5729978
47.1648875,27.5723429
47.1648237,27.572284
47.1648236,27.5722847
47.1648068,27.5723014
47.164806,27.5723017
47.1648064,27.5723013
47.1648374,27.5722535
47.1648572,27.5722758
47.1648584,27.572274
47.1648617,27.5722724
47.1648749,27.5722481
47.1648248,27.5722826
47.1648266,27.5722812
47.1648251,27.5722816
47.1648231,27.5722826
47.1648228,27.5722829
47.1648222,27.5722839
47.1648214,27.5722844
47.164821,27.5722847
47.1648189,27.5722863
47.1648175,27.572287
47.1648162,27.5722881
47.1648162,27.5722879
47.1648159,27.5722873
47.1648137,27.5722882
47.1648128,27.5722881
47.164813,27.5722876
47.1648118,27.5722882
47.1648098,27.5722895
47.1648103,27.5722882
47.1648109,27.5722865
47.1648104,27.5722853
47.1648099,27.5722842
47.1648091,27.572284
47.1648076,27.5722847
47.1648067,27.5722844
47.1648071,27.5722837
47.1648069,27.5722831
47.1648062,27.5722828
47.164806,27.5722815
47.1648047,27.5722818
47.1648036,27.5722826
47.1648029,27.5722825
47.1648023,27.5722819
47.1648022,27.5722814
47.1648025,27.5722812
47.1648027,27.5722803
47.1648022,27.5722791
47.1648018,27.5722784
47.1648012,27.5722783
47.1648021,27.5722766
47.164803,27.5722744
47.1648032,27.5722728
47.1648028,27.572272
47.1648025,27.5722712
47.1647956,27.5722506
47.1647805,27.5722769
47.1647672,27.572291
47.1647775,27.5722792
47.1647764,27.5722797
47.1647753,27.5722777
47.1647778,27.5722729
47.1647786,27.5722698
47.1647557,27.5722464
47.1647556,27.572246
47.1647557,27.5722456
47.1647545,27.5722464
47.164748,27.5722629
47.164755,27.5722337
47.1647653,27.5722213
47.1647629,27.572223
47.1647636,27.572224
47.1647634,27.5722252
47.1647632,27.5722263
47.1647636,27.5722286
47.1647617,27.5722345
47.1647619,27.5722358
47.1647571,27.5722947
47.1647484,27.5722904
47.16475,27.5722913
47.1647505,27.5722913
47.1647496,27.5722919
47.1647498,27.5722914
47.1647502,27.5722912
47.164752,27.5722922
47.164752,27.572292
47.164752,27.5722914
47.1647504,27.5722908
47.1647508,27.5722897
47.1647515,27.572289
47.1647516,27.5722866
47.1647522,27.5722844
47.164752,27.5722836
47.1647513,27.5722833
47.1647513,27.5722827
47.1647526,27.5722822
47.1647534,27.572282
47.1647542,27.5722818
47.1647537,27.5722813
47.164753,27.5722811
47.1647546,27.5722808
47.1647561,27.5722808
47.1647584,27.5722799
47.1647593,27.5722797
47.1647593,27.5722799
47.1648091,27.5722275
47.164818,27.5722175
47.1648183,27.5722168
47.1648196,27.5722148
47.1648196,27.5722151
47.1648182,27.5722184
47.1648181,27.572219
47.1648181,27.572219
47.1648181,27.572219
47.1648181,27.572219
47.1648181,27.572219
47.1648181,27.572219
47.1648181,27.572219
47.1648181,27.572219
47.1648181,27.572219
47.1648181,27.572219
47.1648181,27.572219
47.1648181,27.572219
47.1648181,27.572219
47.1648181,27.572219
47.1648181,27.572219
47.1648181,27.572219
47.1648181,27.572219
47.1648181,27.572219
47.1648181,27.572219
47.1648181,27.572219
47.1648181,27.572219
47.1648181,27.572219
47.1648181,27.572219
47.1648181,27.572219
47.1648181,27.572219
47.1648181,27.572219
47.1648181,27.572219
47.1648181,27.572219
47.1648181,27.572219
47.1648181,27.572219
47.1648181,27.572219
47.1648181,27.572219
47.1648181,27.572219
47.1648181,27.572219
47.1648181,27.572219
47.1648181,27.572219
47.1648181,27.572219
47.1648181,27.572219
47.1648181,27.572219
47.1648181,27.572219
47.1648181,27.572219
47.1648181,27.572219
47.1648181,27.572219
47.1648181,27.572219
47.1648181,27.572219
47.1648181,27.572219
47.1648181,27.572219
47.1648181,27.572219
47.1648181,27.572219
47.1648181,27.572219
47.1648181,27.572219
47.1648181,27.572219
47.1648181,27.572219
47.1648181,27.572219
47.1648181,27.572219
47.1648181,27.572219
47.1648181,27.572219
47.1648181,27.572219
47.1648181,27.572219
47.1648181,27.572219
47.1648181,27.572219
47.1648181,27.572219
47.1648181,27.572219
47.1648181,27.572219
47.1648181,27.572219
47.1648181,27.572219
47.1648181,27.572219
47.1648181,27.572219
47.1648181,27.572219
47.1648181,27.572219
47.1648181,27.572219
47.1648181,27.572219
47.1648181,27.572219
47.1648181,27.572219
47.1648181,27.572219
47.1648181,27.572219
47.1648181,27.572219
47.1648181,27.572219
47.1648181,27.572219
47.1648181,27.572219
47.1648181,27.572219
47.1648181,27.572219
47.1648181,27.572219
47.1648181,27.572219
47.1648181,27.572219
47.1648181,27.572219
47.1648181,27.572219
47.1648181,27.572219
47.1648181,27.572219
47.1648181,27.572219
47.1648181,27.572219
47.1648181,27.572219
47.1648181,27.572219
47.1648181,27.572219
47.1648181,27.572219
47.1648181,27.572219
47.1648181,27.572219
47.1648181,27.572219
47.1648181,27.572219
47.1648181,27.572219
47.1648181,27.572219
47.1648181,27.572219
47.1648181,27.572219
47.1648181,27.572219
47.1648181,27.572219
47.1648181,27.572219
47.1648181,27.572219
47.1648181,27.572219
47.1648181,27.572219
47.1648181,27.572219
47.1648181,27.572219
47.1648181,27.572219
47.1648181,27.572219
47.1648181,27.572219
47.1648181,27.572219
47.1648181,27.572219
47.1648181,27.572219
47.1648181,27.572219
47.1648181,27.572219
47.1648181,27.572219
47.1648181,27.572219
47.1648181,27.572219
47.1648181,27.572219
47.1648181,27.572219
47.1648181,27.572219
47.1648181,27.572219
47.1648181,27.572219
47.1648181,27.572219
47.1648181,27.572219
47.1648181,27.572219
47.1648181,27.572219
47.1648181,27.572219
47.1648181,27.572219
47.1648181,27.572219
47.1648181,27.572219
47.1648181,27.572219
47.1648181,27.572219
47.1648181,27.572219
47.1648181,27.572219
47.1648181,27.572219
47.1648181,27.572219
47.1648181,27.572219
47.1648181,27.572219
47.1648181,27.572219
47.1648181,27.572219
47.1648181,27.572219
47.1648181,27.572219
47.1648181,27.572219
47.1648181,27.572219
47.1648181,27.572219
47.1648181,27.572219
47.1648181,27.572219
47.1648181,27.572219
47.1648181,27.572219
47.1648181,27.572219
47.1648181,27.572219
47.1648181,27.572219
47.1648181,27.572219
47.1648181,27.572219
47.1648181,27.572219
47.1648181,27.572219
47.1648181,27.572219
47.1648181,27.572219
47.1648181,27.572219
47.1648181,27.572219
47.1648181,27.572219
47.1648181,27.572219
47.1648181,27.572219
47.1648181,27.572219
47.1648181,27.572219
47.1648181,27.572219
47.1648181,27.572219
47.1648181,27.572219
47.1648181,27.572219
47.1648181,27.572219
47.1648181,27.572219
47.1648181,27.572219
47.1648181,27.572219
47.1648181,27.572219
47.1648181,27.572219
47.1648181,27.572219
47.1648181,27.572219
47.1648181,27.572219
47.1648181,27.572219
47.1648181,27.572219
47.1648181,27.572219
47.1648181,27.572219
47.1648181,27.572219
47.1648181,27.572219
47.1648181,27.572219
47.1648181,27.572219
47.1648181,27.572219
47.1648181,27.572219
47.1648181,27.572219
47.1648181,27.572219
47.1648181,27.572219
47.1648181,27.572219
47.1648181,27.572219
47.1648181,27.572219
47.1648181,27.572219
47.1648181,27.572219
47.1648181,27.572219
47.1648181,27.572219
47.1648181,27.572219
47.1648181,27.572219
47.1648181,27.572219
47.1648181,27.572219
47.1648181,27.572219
47.1648181,27.572219
47.1648181,27.572219
47.1648181,27.572219
47.1648181,27.572219
47.1648181,27.572219
47.1648181,27.572219
47.1648181,27.572219
47.1648181,27.572219
47.1648181,27.572219
47.1648181,27.572219
47.1648181,27.572219
47.1648181,27.572219
47.1648181,27.572219
47.1648181,27.572219
47.1648181,27.572219
47.1648181,27.572219
47.1648181,27.572219
47.1648181,27.572219
47.1648181,27.572219
47.1648181,27.572219
47.1648181,27.572219
47.1648181,27.572219
47.1648181,27.572219
47.1648181,27.572219
47.1648181,27.572219
47.1648181,27.572219
47.1648181,27.572219
47.1648181,27.572219
47.1648181,27.572219
47.1648181,27.572219
47.1648181,27.572219
47.1648181,27.572219
47.1648181,27.572219
47.1648181,27.572219
47.1648181,27.572219
47.1648181,27.572219
47.1648181,27.572219
47.1648181,27.572219
47.1648181,27.572219
47.1648181,27.572219
47.1648181,27.572219
47.1648181,27.572219
47.1648181,27.572219
47.1648181,27.572219
47.1648181,27.572219
47.1648181,27.572219
47.1648181,27.572219
47.1648181,27.572219
47.1648181,27.572219
47.1648181,27.572219
47.1648181,27.572219
47.1648181,27.572219
47.1648181,27.572219
47.1648181,27.572219
47.1648181,27.572219
47.1648181,27.572219
47.1648181,27.572219
47.1648181,27.572219
47.1648181,27.572219
47.1648181,27.572219
47.1648181,27.572219
47.1648181,27.572219
47.1648181,27.572219
47.1648181,27.572219
47.1648181,27.572219
47.1648181,27.572219
47.1648181,27.572219
47.1648181,27.572219
47.1648181,27.572219
47.1648181,27.572219
47.1648181,27.572219
47.1648181,27.572219
47.1648181,27.572219
47.1648181,27.572219
47.1648181,27.572219
47.1648181,27.572219
47.1648181,27.572219
47.1648181,27.572219
47.1648181,27.572219
47.1648181,27.572219
47.1648181,27.572219
47.1648181,27.572219
47.1648181,27.572219
47.1648181,27.572219
47.1648181,27.572219
47.1648181,27.572219
47.1648181,27.572219
47.1648181,27.572219
47.1648181,27.572219
47.1648181,27.572219
47.1648181,27.572219
47.1648181,27.572219
47.1648181,27.572219
47.1648181,27.572219
47.1648181,27.572219
47.1648181,27.572219
47.1648181,27.572219
47.1648181,27.572219
47.1648181,27.572219
47.1648181,27.572219
47.1648181,27.572219
47.1648181,27.572219
47.1648181,27.572219
47.1648181,27.572219
47.1648181,27.572219
47.1648181,27.572219
47.1648181,27.572219
47.1648181,27.572219
47.1648181,27.572219
47.1648181,27.572219
47.1648181,27.572219
47.1648181,27.572219
47.1648181,27.572219
47.1648181,27.572219
47.1648181,27.572219
47.1648181,27.572219
47.1648181,27.572219
47.1648181,27.572219
47.1648181,27.572219
47.1648181,27.572219
47.1648181,27.572219
47.1648181,27.572219
47.1648181,27.572219
47.1648181,27.572219
47.1648181,27.572219
47.1648181,27.572219
47.1648181,27.572219
47.1648181,27.572219
47.1648181,27.572219
47.1648181,27.572219
47.1648181,27.572219
47.1648181,27.572219
47.1648181,27.572219
47.1648181,27.572219
47.1648181,27.572219
47.1648181,27.572219
47.1648181,27.572219
47.1648181,27.572219
47.1648181,27.572219
47.1648181,27.572219
47.1648181,27.572219
47.1648181,27.572219
47.1648181,27.572219
47.1648181,27.572219
47.1648181,27.572219
47.1648181,27.572219
47.1648181,27.572219
47.1648181,27.572219
47.1648181,27.572219
47.1648181,27.572219
47.1648181,27.572219
47.1648181,27.572219
47.1648181,27.572219
47.1648181,27.572219
47.1648181,27.572219
47.1648181,27.572219
47.1648181,27.572219
47.1648181,27.572219
47.1648181,27.572219
47.1648181,27.572219
47.1648181,27.572219
47.1648181,27.572219
47.1648181,27.572219
47.1648181,27.572219
47.1648181,27.572219
47.1648181,27.572219
47.1648181,27.572219
47.1648181,27.572219
47.1648181,27.572219
47.1648181,27.572219
47.1648181,27.572219
47.1648181,27.572219
47.1648181,27.572219
47.1648181,27.572219
47.1648181,27.572219
47.1648181,27.572219
47.1648181,27.572219
47.1648181,27.572219
47.1648181,27.572219
47.1648181,27.572219
47.1648181,27.572219
47.1648181,27.572219
47.1648181,27.572219
47.1648181,27.572219
47.1648181,27.572219
