47.1325765,27.5716174
47.1292233,27.5692141
47.1283721,27.5687036
47.1252545,27.5673671
47.1238292,27.5672677
47.1231343,27.5673283
47.1229969,27.5673677
47.1230275,27.5673496
47.1230362,27.5673512
47.1230455,27.5673525
47.1230356,27.5673261
47.1230124,27.5673361
47.123018,27.5673525
47.1230211,27.5675245
47.1229618,27.5676163
47.1229591,27.5676311
47.1230412,27.5674849
47.1230003,27.5682734
47.1234677,27.5675351
47.1234377,27.5675789
47.1233969,27.5676244
47.1234528,27.5676251
47.1256301,27.5672631
47.1287101,27.5688518
47.131185,27.57053
47.1339315,27.5725307
47.1371281,27.575914
47.1394751,27.5788318
47.1418346,27.5799997
47.1435525,27.5808075
47.148923,27.5852817
47.1503357,27.5866851
47.1519635,27.5879287
47.1528841,27.5882234
47.1554241,27.58571
47.1576381,27.5850088
47.1595453,27.5880622
47.1606624,27.591191
47.1616632,27.5946579
47.1623275,27.5946759
47.1642086,27.5918763
47.1641581,27.5900852
47.1638908,27.5887767
47.1639503,27.5867602
47.1641541,27.5853676
47.1648565,27.5833948
47.1654431,27.5812394
47.1656742,27.5806236
47.1677961,27.5770305
47.1696673,27.5764004
47.1717814,27.5746934
47.1739843,27.5729379
47.1764154,27.5708271
47.1803435,27.5675801
47.1820143,27.566191
47.1835949,27.5648153
47.1858146,27.5630059
47.1879053,27.5612252
47.1899353,27.5594779
47.1898993,27.5594952
47.1899008,27.5594954
47.1905992,27.5592703
47.1906803,27.5592924
47.1906682,27.5592527
47.1906023,27.5592259
47.1906757,27.5592743
47.190612,27.5592926
47.1907829,27.5592727
47.1905853,27.5591034
47.1906429,27.5590936
47.1906562,27.5591326
47.1907138,27.5592552
47.1909566,27.558997
47.1909522,27.5590031
47.1908947,27.5589994
47.1908654,27.559011
47.1909003,27.5590006
47.1908464,27.5585663
47.1905284,27.558387
47.1904359,27.5583278
47.1904667,27.5583067
47.1903836,27.5583309
47.1903836,27.5583331
47.1906831,27.5584969
47.1906467,27.5584923
47.1890738,27.5600429
47.1862912,27.5624941
47.1846038,27.5639745
47.1812569,27.5667628
47.1799217,27.567957
47.1769182,27.5704746
47.1756554,27.5714722
47.1739115,27.5728804
47.17267,27.5740434
47.1695323,27.5765769
47.167776,27.5770955
47.1664887,27.5776712
47.1656013,27.5807852
47.1651043,27.5824072
47.1644171,27.5843829
47.1640636,27.585804
47.1638131,27.5877224
47.1642828,27.5908669
47.1641741,27.5917907
47.1621644,27.5947009
47.1621018,27.5947418
47.160269,27.5905081
47.1592561,27.5874973
47.1581016,27.5855034
47.1558039,27.5853556
47.1543245,27.5867932
47.154097,27.5869889
47.1537045,27.5874329
47.1536393,27.5874824
47.1532917,27.58788
47.1530525,27.5881687
47.1521924,27.5881682
47.1515854,27.5875325
47.1504865,27.5867338
47.1494182,27.5857707
47.1485455,27.5850379
47.1457931,27.582822
47.14252,27.5803961
47.1401905,27.5794648
47.138803,27.5781598
47.1347729,27.5730706
47.1322359,27.5714525
47.1291304,27.569175
47.1251173,27.5673153
47.1245022,27.5674137
47.1236373,27.5674028
47.1232995,27.5679228
47.1234432,27.5675568
47.1234579,27.5675957
47.123377,27.5674158
47.123391,27.5674413
47.1250887,27.567389
47.1288585,27.5689192
47.1339279,27.5725494
47.1376234,27.5765589
47.1387137,27.5779781
47.1415494,27.580001
47.1438353,27.5810552
47.1480774,27.5846508
47.1503943,27.586581
47.1514615,27.5873579
47.1519607,27.5878142
47.1555105,27.5855464
47.1592902,27.587666
47.1596915,27.5885218
47.160401,27.5904652
47.1616341,27.5943865
47.1624972,27.5945511
47.1641699,27.5918345
47.1641258,27.5901452
47.164017,27.586269
47.1645165,27.5841426
47.165385,27.5814863
47.1658121,27.5799815
47.1676136,27.5771141
47.1694181,27.5765287
47.1729328,27.5737362
47.1753632,27.571784
47.1756404,27.5715143
47.1796384,27.5681714
47.1815755,27.566547
47.1835881,27.5647973
47.1858547,27.5629598
47.1894019,27.5599523
47.19001,27.5594771
47.190027,27.5595178
47.190259,27.5593199
47.1909791,27.5589447
47.1905498,27.5586106
47.1903957,27.5585757
47.1903593,27.5585908
47.1903873,27.5585713
47.1905207,27.5584665
47.1902898,27.5590245
47.1867115,27.5620788
47.1858625,27.5627337
47.1828308,27.5653782
47.1809656,27.5669565
47.1793373,27.5683134
47.1758958,27.5711867
47.1745245,27.5724172
47.173168,27.5735835
47.1696818,27.5763392
47.1683004,27.5769747
47.1663462,27.5777383
47.1655933,27.5808077
47.1651561,27.5822585
47.1646771,27.5844342
47.163981,27.5856317
47.1639121,27.5891771
47.1642706,27.5909652
47.1642577,27.5919036
47.1622092,27.5946928
47.1600752,27.5899061
47.1594044,27.5879577
47.1584545,27.5860246
47.1561916,27.5851867
47.1535597,27.587522
47.1517499,27.5877485
47.149404,27.5858682
47.1468454,27.5836533
47.142521,27.580334
47.1425223,27.5804148
47.1390153,27.5783148
47.1380719,27.57713
47.1344662,27.5728067
47.1326251,27.5715922
47.1314069,27.5706851
47.1290595,27.5689699
47.1244385,27.5672699
47.124511,27.5673138
47.1235252,27.567446
47.1226051,27.5679444
47.1226736,27.568023
47.1226809,27.5680255
47.123459,27.5676265
47.1235162,27.5675417
47.1234317,27.5675979
47.1234303,27.5675963
47.1235345,27.5674956
47.1237463,27.5673767
47.1277052,27.5681717
47.1303617,27.5698981
47.1340499,27.57255
47.1340449,27.5725297
47.1386646,27.5775162
47.1391187,27.5783648
47.142735,27.580477
47.1451306,27.5821826
47.1492474,27.5856561
47.150918,27.5870265
47.1518543,27.5878358
47.1546689,27.586448
47.1579509,27.5852907
47.1593796,27.5878349
47.1597434,27.5881537
47.1607223,27.5915571
47.162194,27.5948013
47.1642088,27.5921622
47.1642004,27.5899774
47.1639683,27.5865392
47.1644992,27.5844176
47.1651983,27.5818662
47.1657075,27.5803222
47.1681902,27.5769442
47.1700885,27.5761729
47.1746905,27.5720958
47.1755531,27.5715335
47.179771,27.568025
47.1818353,27.5662548
47.1842369,27.5641876
47.1863561,27.5624045
47.1904557,27.5592496
47.1908126,27.5592362
47.1908507,27.5592209
47.1908327,27.5591895
47.1908304,27.5591884
47.1908272,27.5591887
47.1908442,27.559112
47.1908757,27.5590807
47.1909492,27.558963
47.1909484,27.5589507
47.1909796,27.5588876
47.1910067,27.5588479
47.1906053,27.5584598
47.1905016,27.5585016
47.1905767,27.5585017
47.1906003,27.5585309
47.1906608,27.5584288
47.190623,27.5584823
47.1894237,27.5599338
47.1862669,27.5625507
47.1837537,27.5648034
47.1804224,27.5675679
47.1764869,27.5708457
47.1747515,27.5722112
47.1734395,27.573362
47.1707241,27.5754807
47.1687287,27.5768953
47.1664944,27.5775492
47.1658546,27.5793849
47.1653934,27.5813523
47.1645451,27.5841107
47.164036,27.5860473
47.1637253,27.5883162
47.1642318,27.5908804
47.1633567,27.5935305
47.162017,27.5948934
47.1609207,27.5922843
47.1600604,27.5894329
47.1591651,27.5874055
47.1579503,27.5853346
47.154369,27.5867623
47.1525982,27.588258
47.1506941,27.5868815
47.1494112,27.5857964
47.1485308,27.5850828
47.143667,27.5809603
47.1406937,27.5796293
47.1394596,27.578939
47.1370756,27.5759818
47.1329692,27.5718115
47.1293026,27.5692188
47.1248626,27.5673331
47.123603,27.5674433
47.1235899,27.5674282
47.1235891,27.5674297
47.1237361,27.5673657
47.1237397,27.5673931
47.1240061,27.5673966
47.1644672,27.5733168
47.1644651,27.5733116
47.1644653,27.5733105
47.1648453,27.5732796
47.1648453,27.5732796
47.1425817,27.5802826
47.1394153,27.5787776
47.1384409,27.5775982
47.1362149,27.574746
47.1330355,27.5718663
47.1315785,27.5709387
47.1292192,27.5693062
47.1267309,27.5675847
47.124444,27.567361
47.1240972,27.5672797
47.1227736,27.5681337
47.1234889,27.5675865
47.1235012,27.5675753
47.1235977,27.5675378
47.1235642,27.5674946
47.1236994,27.5673734
47.1236992,27.5673688
47.1273806,27.5679202
47.1287953,27.5689121
47.1318474,27.5710834
47.1341082,27.5726337
47.137752,27.5768327
47.1391871,27.578687
47.1435147,27.5809629
47.1440462,27.5812497
47.1499557,27.5860993
47.1504347,27.5865608
47.1511536,27.5871686
47.1531631,27.5879416
47.1557395,27.5855808
47.1592279,27.5876262
47.1601586,27.5896282
47.161689,27.5946411
47.1627082,27.5944551
47.1643849,27.5911329
47.1640823,27.5899821
47.1637758,27.5870622
47.1642232,27.5852423
47.1643087,27.5845606
47.1649918,27.5822854
47.1656031,27.5806285
47.1666282,27.5774516
47.1689169,27.5767606
47.1717526,27.5747309
47.1738025,27.5730834
47.1754732,27.5716515
47.1773359,27.5700013
47.179679,27.568035
47.1811154,27.566915
47.1832811,27.5650888
47.1854207,27.5631753
47.1869747,27.5617872
47.1901596,27.5591934
47.1905629,27.5593012
47.1907947,27.5592444
47.1908435,27.5592055
47.1908443,27.559206
47.1908448,27.559203
47.1905822,27.5583953
47.1905519,27.5584742
47.1904638,27.5583601
47.1904495,27.5584037
47.1904002,27.558429
47.1905609,27.5584672
47.1906234,27.5585078
47.1902732,27.5589033
47.1863503,27.5625076
47.1845331,27.564128
47.1816769,27.5665824
47.1803711,27.5674576
47.179161,27.5684515
47.1759186,27.5710272
47.1747854,27.5720729
47.173442,27.573307
47.1717525,27.5747382
47.168867,27.5767744
47.1672339,27.5771941
47.1661695,27.5782561
47.1654988,27.5805801
47.1651262,27.5822481
47.1641126,27.58491
47.1639928,27.5858167
47.1641268,27.5895887
47.1642641,27.5909036
47.1643308,27.5914589
47.1636787,27.5928261
47.1620455,27.5948295
47.1608352,27.5924103
47.1606229,27.5916727
47.1591878,27.5874589
47.1587561,27.586358
47.1562257,27.5852008
47.1535175,27.5876199
47.1529697,27.5882066
47.1511969,27.5872795
47.1494541,27.5858827
47.1469957,27.5837414
47.1425212,27.5802836
47.1397114,27.578955
47.1390169,27.5782099
47.136919,27.575611
47.1348458,27.5729366
47.1324823,27.5713988
47.1293696,27.5693237
47.1267573,27.5675099
47.1246143,27.5673651
47.1244943,27.5673357
47.1231548,27.5674356
47.1233514,27.5677739
47.1233593,27.5677515
47.1233842,27.5677664
47.1233843,27.5677656
47.1233977,27.5677733
47.1233814,27.5677711
47.1233776,27.5677651
47.1234013,27.5677455
47.123529,27.5675239
47.1237399,27.5673875
47.1237495,27.5673967
47.1287092,27.5687875
47.1304441,27.5699652
47.1310938,27.5706049
47.1340629,27.5726137
47.1363635,27.5749238
47.1385443,27.5776138
47.1412435,27.5797988
47.143533,27.5808531
47.1475296,27.5842361
47.1503468,27.5867099
47.1503738,27.5867112
47.1531647,27.5880529
47.1572528,27.5851679
47.1591362,27.5872782
47.1599439,27.5888473
47.161568,27.59426
47.1621838,27.5948134
47.1635973,27.5931692
47.1640473,27.5921481
47.1642557,27.5910934
47.1640217,27.5894133
47.1637684,27.5874375
47.1641603,27.585351
47.1647925,27.583484
47.1656378,27.5806015
47.1660143,27.5787326
47.1688277,27.5768391
47.1707355,27.575596
47.1730076,27.5737277
47.1756464,27.5715876
47.1756139,27.5715832
47.1780887,27.5694073
47.1810274,27.5669518
47.1823525,27.5658862
47.1848095,27.5638467
47.1860092,27.5628282
47.1902398,27.5591675
47.1907431,27.5590814
47.1908064,27.5591988
47.1908679,27.5591958
47.190955,27.5589319
47.1909725,27.55898
47.1909701,27.5589788
47.1908646,27.5589903
47.1908655,27.558991
47.1908923,27.5588655
47.1906341,27.5584033
47.1905514,27.5584495
47.1905516,27.5584503
47.1905956,27.5583179
47.1893675,27.5599331
47.1863342,27.5624683
47.1842958,27.5641819
47.1804973,27.5673559
47.1785923,27.5690454
47.1758504,27.5712539
47.1748478,27.5721233
47.1734238,27.5734191
47.1692057,27.5766439
47.1671871,27.5772502
47.1660421,27.5786791
47.1655105,27.5813496
47.1650724,27.5825148
47.1644687,27.5845732
47.1640071,27.5858459
47.1638657,27.5877087
47.1642296,27.5902077
47.1642542,27.5917792
47.1622824,27.594668
47.1621764,27.5947838
47.1610238,27.5921204
47.1601771,27.5897226
47.1591822,27.5873809
47.158481,27.5861111
47.1564619,27.5850904
47.1535808,27.5875883
47.1532133,27.5879298
47.1507605,27.5869255
47.149624,27.5859
47.1457754,27.5828091
47.1427373,27.5804253
47.1423302,27.5802745
47.1389919,27.5783745
47.1369808,27.5757864
47.1347208,27.5730268
47.1338749,27.5722876
47.1314525,27.5707045
47.1293875,27.569053
47.1251167,27.5672912
47.1238412,27.5673776
47.1226185,27.5677196
47.1235134,27.5675908
47.1234928,27.5675431
47.1237356,27.5674105
47.128795,27.5689153
47.1311412,27.5705605
47.1340762,27.5726504
47.1347369,27.5730131
47.1385014,27.5776317
47.1391426,27.5784468
47.1422092,27.5800995
47.1861453,27.5625706
47.1817627,27.5663365
47.180437,27.5674624
47.1645532,27.584426
47.1641324,27.5857227
47.1638955,27.5871543
47.164118,27.5895664
47.1641524,27.5896395
47.1641498,27.5896343
47.1643918,27.5909309
47.1638078,27.5927551
47.1614633,27.5942059
47.1599693,27.5891613
47.1589372,27.5873422
47.1578597,27.5852207
47.1547819,27.5863382
47.1531573,27.5880191
47.1517769,27.5877128
47.1505701,27.5867717
47.1494032,27.5858223
47.144061,27.5812808
47.1424968,27.5802847
47.1390893,27.5783983
47.1371121,27.5759411
47.1334843,27.5722144
47.1325877,27.5715878
47.1291882,27.5691338
47.1247693,27.5672706
47.1243898,27.567278
47.1233746,27.5674616
47.123314,27.567772
47.1233002,27.5677865
47.1233069,27.5677901
47.1233064,27.5677927
47.1233279,27.5678694
47.1234747,27.5676533
47.1235291,27.5676087
47.1234652,27.5676402
47.1234559,27.5676519
47.1234687,27.5675747
47.1234701,27.5675743
47.1235007,27.5675367
47.1234996,27.5675359
47.1234904,27.5675476
47.1237827,27.5673598
47.1237873,27.5673541
47.1287691,27.5687417
47.1312862,27.5703286
47.1340775,27.5724896
47.1372809,27.5760683
47.138928,27.5782559
47.1399599,27.5791544
47.1436357,27.5807789
47.1474699,27.5841297
47.1496167,27.5858614
47.1504069,27.5865337
47.1512492,27.587178
47.1542917,27.5867555
47.155768,27.5853778
47.1587211,27.5864486
47.159728,27.5881405
47.1597336,27.5881523
47.1603126,27.5905154
47.1624898,27.594604
47.1640792,27.5920273
47.1641159,27.5900787
47.1639492,27.5885357
47.1639693,27.58668
47.164331,27.584773
47.1651555,27.5824609
47.1657476,27.5806081
47.1661958,27.5783427
47.1689542,27.576773
47.1703769,27.5759042
47.1731084,27.5736536
47.1731075,27.573611
47.1753926,27.5716726
47.1766143,27.5706776
47.1790353,27.5686678
47.1809869,27.5670654
47.1826045,27.5656883
47.184618,27.5639612
47.1862194,27.5626649
47.1900315,27.5593298
47.1908279,27.55918
47.1908497,27.5592273
47.1908575,27.559206
47.1909394,27.5590584
47.1909477,27.5589282
47.1909467,27.5588872
47.1909269,27.5588723
47.1909406,27.5588861
47.1906335,27.5584554
47.1906015,27.5585334
47.1905147,27.5585128
47.1904663,27.5585197
47.1904993,27.5584588
47.1905081,27.5584942
47.1904985,27.5584764
47.1904317,27.558538
47.1899253,27.5595422
47.1863301,27.5625791
47.1849893,27.5636911
47.1827834,27.5655499
47.1799967,27.5679481
47.1789972,27.5687646
47.1748591,27.5721509
47.1730147,27.5737247
47.1699068,27.5761459
47.1687777,27.5768378
47.1665267,27.5775807
47.1657652,27.5801844
47.1656488,27.5812053
47.1649235,27.5830154
47.1643294,27.5849429
47.1638445,27.586935
47.1642064,27.5902667
47.1643983,27.5916023
47.1631643,27.593799
47.1620468,27.5949118
47.1606656,27.5913994
47.1599957,27.5892486
47.1590919,27.587311
47.1579934,27.5853493
47.1547581,27.5864899
47.1522171,27.5881813
47.151693,27.5877199
47.1495158,27.5859168
47.1494346,27.5857649
47.1485206,27.5850468
47.1460769,27.5830455
47.1460769,27.5830455
47.1460769,27.5830455
47.1460769,27.5830455
47.1460769,27.5830455
47.1460769,27.5830455
47.1460769,27.5830455
47.1460769,27.5830455
47.1460769,27.5830455
47.1460769,27.5830455
47.1460769,27.5830455
47.1460769,27.5830455
47.1235024,27.5680805
47.1233407,27.5681568
47.1233137,27.5681652
47.1233255,27.5681316
47.1233295,27.5680848
47.1234851,27.5677154
47.1235145,27.567623
47.1235707,27.5675724
47.1235308,27.5675226
47.1237254,27.5673713
47.128608,27.5686963
47.1303387,27.5699793
47.1322396,27.5712657
47.1339928,27.5727573
47.1353957,27.5736247
47.1384823,27.5776464
47.1397721,27.5790444
47.1435088,27.5808537
47.1467447,27.5836039
47.1502537,27.5865625
47.1513559,27.5873837
47.1544791,27.5866185
47.158224,27.5856436
47.1595244,27.58827
47.1603872,27.5904755
47.1613407,27.5936961
47.1629777,27.5941906
47.164211,27.5906734
47.1640371,27.5896417
47.1638192,27.5878514
47.1642042,27.5853159
47.1641848,27.5852751
47.1641848,27.5852751
47.1641848,27.5852751
47.1641848,27.5852751
47.1641848,27.5852751
47.1641848,27.5852751
47.1678507,27.5736426
47.1731178,27.5736756
47.1754318,27.5717647
47.1762498,27.5705603
47.1802924,27.567399
47.1814013,27.5664764
47.1836374,27.5648422
47.1858127,27.5627851
47.188995,27.5599711
47.190762,27.5590413
47.1907794,27.5588774
47.1909468,27.5590572
47.1909839,27.5589821
47.1909525,27.5589523
47.1909275,27.5590138
47.1909242,27.5590145
47.1908502,27.5590988
47.1909413,27.5589982
47.1905417,27.5583623
47.1905122,27.5583761
47.1904898,27.5584288
47.1904009,27.5583888
47.1903862,27.5584337
47.1885145,27.560829
47.1862534,27.5626505
47.1835049,27.5651149
47.1804387,27.567609
47.1771673,27.5703929
47.1749224,27.5722601
47.17392,27.5730163
47.1705988,27.5757367
47.1686451,27.5769091
47.1662274,27.577997
47.1653704,27.5812209
47.1648075,27.5830749
47.1644111,27.5844867
47.1639116,27.5862541
47.1639009,27.5887966
47.164199,27.5905167
47.164257,27.5909184
47.1640031,27.5923018
47.1624339,27.5946251
47.1618991,27.594893
47.1611274,27.5934219
47.1608308,27.5920819
47.1599042,27.5892068
47.1594229,27.5879609
47.1587489,27.5866809
47.1576439,27.5851088
47.1553016,27.585815
47.1529826,27.5879831
47.152252,27.5881948
47.1498686,27.5861701
47.1493924,27.5857885
47.1446118,27.5818258
47.1428612,27.5804491
47.1425347,27.5803248
47.1424426,27.5802448
47.138937,27.5782282
47.1367852,27.5754266
47.1356115,27.5740641
47.132919,27.5718859
47.1312618,27.5707407
47.1291452,27.5692113
47.1263037,27.5673964
47.1235005,27.5674676
47.1227676,27.5674714
47.1234408,27.5676943
47.1234404,27.5676913
47.1234173,27.5676984
47.123532,27.5675078
47.1235316,27.5675068
47.1234488,27.5674325
47.1235258,27.5674552
47.1235269,27.5674572
47.123527,27.5674587
47.123522,27.5674555
47.1234994,27.5674672
47.1235107,27.5674762
47.1235117,27.5674765
47.123486,27.5674518
47.1284669,27.5687488
47.130135,27.5697878
47.1339968,27.5726547
47.1371429,27.5760008
47.1387277,27.5780991
47.1418308,27.5799891
47.14354,27.5808924
47.1463474,27.5833467
47.1502671,27.5866354
47.1516583,27.5877183
47.1516676,27.5877276
47.1518911,27.587928
47.1544089,27.5865958
47.1573832,27.5850574
47.1594307,27.5881037
47.159918,27.5889378
47.1615205,27.5943686
47.1625464,27.5945407
47.164287,27.5921506
47.1641623,27.5900865
47.1637909,27.5879636
47.1642378,27.5853104
47.1649681,27.583175
47.1657559,27.5807454
47.1663028,27.5782301
47.1690021,27.5767932
47.1711343,27.5752267
47.1752197,27.5718346
47.1769879,27.5703545
47.180926,27.5669922
47.1823137,27.5659353
47.1848954,27.5637189
47.1869582,27.5620648
47.1905392,27.5592161
47.190986,27.5589402
47.1909961,27.5588396
47.1909252,27.5589184
47.1908634,27.5588711
47.1908905,27.5588086
47.1908647,27.5583812
47.1906962,27.5583356
47.1905905,27.5583825
47.1905603,27.5583513
47.1904911,27.5584593
47.1905586,27.5584182
47.1871295,27.5618043
47.1860552,27.5627379
47.1832851,27.5650939
47.1804945,27.5675778
47.1788535,27.5688302
47.175438,27.5716671
47.1748587,27.5721585
47.17352,27.5732448
47.1708931,27.5754107
47.1688747,27.5767612
47.1681116,27.5769832
47.1659438,27.5792924
47.165567,27.5812196
47.1647866,27.5830677
47.1640249,27.5858827
47.1638283,27.5877797
47.1643026,27.5909008
47.1638203,27.5927668
47.161618,27.5945076
47.1599008,27.5891002
47.1594898,27.5879108
47.1591716,27.5873967
47.1588166,27.5866677
47.1574514,27.5850848
47.1553312,27.5857327
47.1544206,27.5867618
47.1530068,27.5882616
47.1512331,27.5872614
47.1500567,27.5865859
47.148879,27.5853828
47.1461041,27.5830237
47.1424497,27.5802762
47.1418772,27.5800729
47.138899,27.5782206
47.1367868,27.575338
47.1338063,27.5723427
47.1321418,27.5712612
47.129362,27.5692744
47.1279096,27.5683132
47.1245397,27.5673323
47.1245412,27.5673377
47.1231782,27.567461
47.1235318,27.5675268
47.123553,27.5675347
47.1235593,27.5674945
47.1235802,27.5674725
47.1235851,27.5674581
47.1237509,27.5673603
47.1237688,27.5674366
47.1240205,27.5674039
47.128748,27.568843
47.1312383,27.5704675
47.1340454,27.5725043
47.1364031,27.5749321
47.1387386,27.5780367
47.1428504,27.5805014
47.1449088,27.5819157
47.1482329,27.5848704
47.1502508,27.5863856
47.1514987,27.587526
47.1519093,27.5878892
47.1546618,27.586432
47.1586099,27.5861631
47.159493,27.5881292
47.1600747,27.5898343
47.1614716,27.5947177
47.1620835,27.5948253
47.1642851,27.5916583
47.1640943,27.5900104
47.1638339,27.588272
47.1641649,27.5853279
47.164661,27.5836557
