47.1521327,27.6010703
47.1521326,27.6010707
47.1521324,27.6010712
47.1521324,27.6010712
47.1521318,27.6010731
47.1521316,27.6010736
47.1521313,27.6010745
47.1521313,27.6010754
47.1521314,27.6010758
47.152132,27.6010764
47.1521326,27.6010769
47.1521328,27.6010774
47.1521329,27.6010788
47.1521331,27.6010799
47.1521328,27.6010806
47.1521327,27.6010803
47.1521326,27.6010807
47.1521327,27.6010804
47.1521326,27.6010805
47.1521326,27.6010802
47.1521327,27.6010804
47.1521328,27.6010805
47.152133,27.6010812
47.1521327,27.6010825
47.1521322,27.6010825
47.1521322,27.6010833
47.1521328,27.6010844
47.1521324,27.601085
47.1521323,27.6010846
47.1521323,27.6010847
47.1521321,27.6010849
47.1521317,27.6010853
47.1521314,27.601086
47.1521313,27.6010857
47.1521314,27.6010852
47.1521309,27.6010849
47.1521308,27.601085
47.1521309,27.601085
47.1521309,27.6010844
47.1521299,27.6010857
47.1521299,27.6010853
47.1521298,27.6010852
47.1521299,27.6010853
47.15213,27.6010854
47.1521298,27.6010862
47.1521294,27.6010863
47.1521292,27.6010871
47.1521292,27.601087
47.1521289,27.6010874
47.1521285,27.6010881
47.1521279,27.6010892
47.1521273,27.6010903
47.1521266,27.6010907
47.1521264,27.6010907
47.152126,27.601091
47.1521263,27.6010911
47.1521261,27.601091
47.1521257,27.6010914
47.1521255,27.6010915
47.1521246,27.6010919
47.1521245,27.6010918
47.1521245,27.6010926
47.1521245,27.6010929
47.1521245,27.6010926
47.1521248,27.6010921
47.1521251,27.6010928
47.1521258,27.6010929
47.152126,27.6010933
47.1521258,27.601094
47.1521259,27.6010942
47.152126,27.6010941
47.152126,27.6010942
47.1521256,27.6010942
47.1521252,27.6010943
47.1521041,27.6010946
47.1521058,27.601098
47.1521056,27.6011005
47.1521044,27.6011012
47.1521033,27.6011066
47.152104,27.6011053
47.1521049,27.6011036
47.1521053,27.6011047
47.1521054,27.6011052
47.1521062,27.6011075
47.1521058,27.6011137
47.1521062,27.6011213
47.1521063,27.6011232
47.152105,27.601125
47.1521034,27.6011266
47.1521028,27.6011266
47.1521276,27.6011038
47.1521277,27.6011031
47.1521282,27.6011003
47.1521374,27.6010661
47.1521367,27.6010667
47.1521357,27.6010674
47.1521345,27.6010697
47.1521321,27.6010701
47.152131,27.6010715
47.1521294,27.6010713
47.1521279,27.6010736
47.1521281,27.6010753
47.1521283,27.6010759
47.1521287,27.6010754
47.1521289,27.6010758
47.1521289,27.6010769
47.1521297,27.6010775
47.1521302,27.6010787
47.1521308,27.6010798
47.1521306,27.601081
47.152131,27.6010819
47.1521309,27.6010847
47.1521314,27.6010854
47.1521313,27.6010849
47.1521318,27.6010856
47.1521321,27.601086
47.1521323,27.6010861
47.1521325,27.6010861
47.1521325,27.6010875
47.1521324,27.6010876
47.1521328,27.6010873
47.1521326,27.601087
47.1521326,27.6010878
47.1521325,27.6010873
47.1521323,27.6010869
47.1521319,27.601087
47.1521314,27.6010872
47.1521318,27.601087
47.152132,27.6010871
47.1521322,27.6010873
47.1521332,27.6010867
47.1521334,27.6010857
47.1521333,27.6010857
47.1521332,27.6010854
47.1521328,27.6010861
47.1521325,27.6010863
47.1521323,27.6010864
47.1521324,27.6010865
47.1521325,27.6010871
47.152132,27.6010871
47.1521324,27.6010866
47.1521327,27.6010858
47.1521327,27.6010851
47.1521328,27.6010845
47.1521325,27.601084
47.1521323,27.6010835
47.1521322,27.6010833
47.152132,27.6010831
47.1521313,27.6010846
47.1521308,27.6010855
47.1521309,27.6010856
47.1521308,27.6010857
47.1521307,27.6010866
47.152131,27.6010867
47.1521306,27.6010875
47.1521306,27.6010875
47.1521302,27.6010882
47.1521303,27.6010883
47.1521301,27.6010891
47.1521301,27.6010895
47.1521297,27.6010898
47.1521296,27.6010894
47.1521293,27.601089
47.152129,27.601089
47.1521286,27.6010892
47.1521283,27.6010889
47.152128,27.6010886
47.1521272,27.6010886
47.1521268,27.6010887
47.1521269,27.6010897
47.1521269,27.60109
47.1521264,27.60109
47.1521257,27.6010905
47.1521254,27.6010905
47.152125,27.6010906
47.1521246,27.6010904
47.152124,27.6010904
47.1521238,27.6010906
47.1521237,27.6010906
47.1521234,27.6010908
47.1520722,27.601081
47.1520722,27.6010798
47.1521296,27.6010906
47.1521292,27.6010896
47.1521284,27.6010904
47.1521279,27.6010901
47.1521263,27.601089
47.1521271,27.6010878
47.1521262,27.6010878
47.1521265,27.6010877
47.1521268,27.6010865
47.152124,27.6010889
47.1521251,27.601088
47.1521244,27.6010872
47.1521242,27.6010866
47.1521231,27.6010862
47.1521224,27.6010859
47.1521221,27.6010858
47.1521219,27.6010868
47.1521213,27.6010879
47.1521213,27.6010868
47.1521213,27.6010863
47.1521209,27.6010857
47.1521209,27.6010856
47.1521213,27.6010852
47.1521213,27.6010853
47.1521206,27.6010857
47.1521215,27.6010868
47.1521535,27.6010278
47.1521518,27.6010266
47.1521495,27.601029
47.1521482,27.6010315
47.1521476,27.6010335
47.152155,27.6010254
47.152158,27.6010231
47.1521566,27.6010258
47.1521542,27.6010292
47.1521494,27.6010361
47.152146,27.6010392
47.1521426,27.6010417
47.152139,27.6010458
47.152136,27.6010483
47.1521345,27.60105
47.1521372,27.6010467
47.1521345,27.6010505
47.1521322,27.6010543
47.15213,27.6010575
47.1521288,27.6010589
47.1521255,27.6010634
47.1521241,27.6010644
47.1521246,27.6010642
47.1521236,27.6010658
47.1521227,27.6010668
47.1521224,27.6010673
47.1521234,27.601067
47.1521239,27.6010664
47.1521252,27.6010647
47.1521269,27.6010629
47.1521265,27.601062
47.1521263,27.6010615
47.1521252,27.6010614
47.1521233,27.6010624
47.152121,27.6010636
47.1521187,27.6010642
47.1521154,27.6010667
47.1521151,27.6010671
47.1521148,27.6010682
47.1521154,27.6010687
47.1521142,27.6010705
47.1521123,27.6010719
47.1521105,27.6010733
47.152109,27.6010747
47.1521081,27.6010756
47.1521073,27.601076
47.1521066,27.6010761
47.1521061,27.6010758
47.1521046,27.6010767
47.1521033,27.601078
47.152101,27.6010799
47.1520771,27.6010871
47.1520769,27.6010872
47.152077,27.6010878
47.1520784,27.601089
47.1520794,27.60109
47.1520791,27.6010893
47.1520803,27.6010714
47.1520804,27.6010721
47.1520809,27.6010731
47.1520783,27.6011042
47.152079,27.6011057
47.1520806,27.6011078
47.152081,27.6011088
47.1520813,27.6011095
47.1520774,27.6011073
47.1520774,27.6011075
47.152078,27.6011084
47.1520783,27.6011107
47.1520794,27.6010854
47.1520773,27.6010853
47.1520763,27.6010882
47.1520761,27.6010898
47.1520762,27.6010896
47.1520762,27.6010905
47.1520754,27.6010929
47.1520751,27.6010935
47.1520753,27.6010935
47.1520756,27.6010951
47.1520739,27.6010934
47.1520746,27.6010923
47.1520778,27.601092
47.1520784,27.6010923
47.1520789,27.6010922
47.1520794,27.6010909
47.1520793,27.6010908
47.1520801,27.6010903
47.1520809,27.6010913
47.1520811,27.6010912
47.1520805,27.6010912
47.1520813,27.6010915
47.1520795,27.6010916
47.1520784,27.6010913
47.1520802,27.601092
47.1520803,27.6010931
47.1520808,27.601093
47.1520816,27.6010933
47.1520812,27.6010924
47.152081,27.6010925
47.1520815,27.6010929
47.1520823,27.6010926
47.1520828,27.601093
47.152083,27.6010929
47.1520833,27.6010928
47.1520832,27.6010916
47.1520827,27.6010912
47.1520835,27.6010913
47.1521082,27.601097
47.1521086,27.6010967
47.1521104,27.6010946
47.1521061,27.601103
47.1521144,27.6011158
47.1521387,27.6011567
47.1521372,27.601154
47.1521361,27.6011299
47.1521341,27.6011023
47.1521318,27.6011016
47.1521318,27.6011009
47.1521311,27.6011017
47.1521299,27.6011036
47.1521296,27.6011051
47.15213,27.6011052
47.1521284,27.6011051
47.1521273,27.6011046
47.1521252,27.601105
47.1521236,27.601106
47.1521213,27.6011073
47.1521193,27.6011084
47.1521195,27.6011088
47.152118,27.6011086
47.1521164,27.60111
47.1521147,27.6011117
47.1521131,27.601112
47.1521126,27.6011136
47.1521114,27.6011145
47.1521096,27.6011163
47.1521092,27.6011167
47.1521087,27.6011174
47.1521086,27.6011172
47.1521085,27.6011164
47.1521073,27.6011171
47.1521066,27.6011178
47.1521066,27.6011173
47.1521079,27.6011161
47.1521069,27.6011172
47.1521066,27.6011179
47.1521076,27.6011176
47.1521075,27.6011176
47.1521078,27.6011177
47.152108,27.6011179
47.1521085,27.6011179
47.1521087,27.6011177
47.152109,27.6011179
47.1521089,27.6011187
47.1521093,27.6011191
47.1521098,27.6011183
47.1521105,27.601117
47.1521106,27.6011163
47.1521106,27.6011162
47.15211,27.6011169
47.1521103,27.6011168
47.1521108,27.6011164
47.1521112,27.6011161
47.1521111,27.6011154
47.1521104,27.6011148
47.1521098,27.6011138
47.1521094,27.6011136
47.1521095,27.6011137
47.1521089,27.6011145
47.1521088,27.6011147
47.1521536,27.6010999
47.1521527,27.6010994
47.1521505,27.6010972
47.1521499,27.6010959
47.1521498,27.6010954
47.1521496,27.601095
47.1521489,27.6010947
47.1521486,27.6010946
47.1521479,27.6010951
47.1521474,27.6010959
47.1521469,27.6010963
47.1521458,27.601096
47.1521441,27.6010957
47.1521426,27.601096
47.1521402,27.6010971
47.1521374,27.6010979
47.1521355,27.601098
47.1521344,27.6010979
47.1521332,27.6010997
47.1521323,27.6011001
47.1521312,27.6011007
47.1521294,27.6011016
47.152128,27.6011009
47.1521272,27.6011001
47.1521269,27.6011005
47.1521254,27.6011021
47.1521245,27.601103
47.1521235,27.6011042
47.1521237,27.6011037
47.1521239,27.6011032
47.1521241,27.6011022
47.1521244,27.6011019
47.1521243,27.6011025
47.1521241,27.6011029
47.1521242,27.6011032
47.1521243,27.6011032
47.1521243,27.601103
47.1521252,27.601103
47.152125,27.6011032
47.1521251,27.601103
47.1521252,27.6011028
47.1521257,27.6011035
47.1521257,27.6011044
47.1521255,27.6011052
47.1521251,27.6011066
47.1521248,27.6011065
47.1521242,27.6011066
47.1521238,27.6011064
47.1521235,27.6011062
47.1521239,27.6011061
47.1521239,27.6011064
47.1521238,27.6011066
47.1521232,27.601107
47.152123,27.6011075
47.1521228,27.6011073
47.152123,27.6011066
47.152123,27.6011066
47.1521228,27.6011071
47.1521223,27.6011075
47.1521222,27.6011076
47.152122,27.6011073
47.1521215,27.601107
47.1521213,27.6011075
47.1521215,27.6011077
47.1521219,27.601108
47.1521217,27.6011081
47.1521217,27.601108
47.1521217,27.6011077
47.1521218,27.6011074
47.1521219,27.6011074
47.1521111,27.6010977
47.15211,27.601094
47.1521098,27.6010946
47.1521104,27.6010939
47.1521107,27.6010975
47.1521089,27.6010994
47.1521095,27.6011045
47.1521102,27.6011061
47.1521105,27.6011085
47.1521108,27.6011064
47.1521124,27.6011035
47.15211,27.6010951
47.1521148,27.6011056
47.1521153,27.6011051
47.1521166,27.6011039
47.1521169,27.6011058
47.1521169,27.601103
47.1521174,27.6011017
47.1521171,27.6011012
47.1521164,27.6010991
47.1521162,27.6010978
47.1521185,27.6010957
47.152119,27.6010932
47.1521194,27.6010939
47.1521181,27.6010943
47.1521181,27.6010949
47.1521181,27.6010944
47.1521183,27.6010942
47.1521183,27.6010945
47.1521182,27.6010953
47.1521186,27.6010969
47.1521185,27.6010974
47.1521181,27.6010974
47.1521178,27.6010975
47.1521182,27.601096
47.1521183,27.6010959
47.1521182,27.6010975
47.1521179,27.6010976
47.1521181,27.6010978
47.152118,27.6010977
47.1521181,27.6010975
47.152119,27.601097
47.1521191,27.6010968
47.1521191,27.6010961
47.1521189,27.6010954
47.152119,27.6010945
47.152119,27.601094
47.1521195,27.6010938
47.1521193,27.6010946
47.1521196,27.6010944
47.152119,27.6010931
47.1521197,27.6010925
47.1521202,27.6010937
47.1521205,27.6010936
47.1521209,27.6010934
47.1521115,27.6010373
47.1521028,27.6010549
47.1521017,27.601055
47.1521059,27.6010521
47.1521105,27.6010499
47.1521126,27.6010491
47.1521093,27.6010512
47.1521081,27.6010537
47.1521109,27.6010528
47.1521144,27.6010521
47.1521118,27.6010549
47.1521112,27.6010567
47.1521115,27.6010575
47.152111,27.6010585
47.1521128,27.6010755
47.1521147,27.6010761
47.1521154,27.6010772
47.1521155,27.6010779
47.152116,27.6010774
47.1521163,27.6010785
47.1521215,27.6010782
47.152125,27.6010782
47.1521266,27.6010785
47.1521252,27.6010796
47.1521247,27.6010818
47.1521203,27.6010839
47.1521211,27.6010837
47.1521234,27.6010833
47.1521248,27.6010839
47.1521275,27.6010826
47.1521276,27.6010821
47.1521295,27.6010807
47.1521301,27.6010819
47.1521309,27.6010824
47.1521306,27.6010814
47.1521312,27.6010801
47.1521294,27.6010806
47.152144,27.6010761
47.1521376,27.601093
47.1521366,27.6010929
47.1521319,27.6011003
47.1521314,27.601101
47.1521307,27.6011015
47.1521303,27.6011022
47.1521306,27.6011025
47.1521308,27.6011034
47.1521306,27.6011038
47.1521302,27.6011045
47.152129,27.601105
47.1521287,27.6011055
47.1521291,27.6011058
47.1521287,27.6011076
47.1521283,27.6011084
47.1521282,27.6011087
47.152128,27.6011088
47.1521277,27.6011084
47.1521277,27.6011082
47.1521269,27.6011085
47.1521265,27.6011085
47.1521265,27.6011083
47.1521263,27.6011083
47.1521257,27.6011082
47.1521255,27.6011077
47.1521257,27.6011077
47.1521256,27.6011076
47.1521261,27.6011073
47.1521258,27.6011073
47.152126,27.6011073
47.1521263,27.6011075
47.1521263,27.6011073
47.1521269,27.6011071
47.1521266,27.6011073
47.1521265,27.6011073
47.1521263,27.6011076
47.1521264,27.6011079
47.1521264,27.6011081
47.1521268,27.601108
47.1521269,27.6011083
47.1521272,27.6011082
47.152127,27.601108
47.1521272,27.6011077
47.1521271,27.6011073
47.152127,27.6011076
47.152127,27.6011078
47.152127,27.6011078
47.1521271,27.6011073
47.152127,27.601107
47.152127,27.6011068
47.152127,27.6011062
47.1521133,27.6010996
47.1521136,27.601099
47.1521135,27.6011011
47.1521136,27.6011017
47.1521136,27.6011012
47.1521131,27.6011037
47.152113,27.6011023
47.1521129,27.6011022
47.1521129,27.6011032
47.1520687,27.6011613
47.1520298,27.6011908
47.1520329,27.6011861
47.1520362,27.6011865
47.1520452,27.6011808
47.1520492,27.6011762
47.1520508,27.6011755
47.1520487,27.6011792
47.1520478,27.6011807
47.152049,27.6011824
47.152051,27.6011856
47.1520525,27.6011881
47.1520707,27.6011731
47.1520714,27.6011718
47.1520719,27.6011713
47.1520731,27.6011724
47.1520746,27.6011721
47.1520766,27.6011711
47.152092,27.6011647
47.1520938,27.6011629
47.1520959,27.6011623
47.1521032,27.6011624
47.1521036,27.6011634
47.1521047,27.6011628
47.1521054,27.6011627
47.1521051,27.6011621
47.1521066,27.601161
47.1521068,27.6011594
47.1521064,27.601159
47.1521067,27.6011574
47.1521071,27.601157
47.1521072,27.6011574
47.1521076,27.6011573
47.1521076,27.6011568
47.1521078,27.6011564
47.1521082,27.6011562
47.1521086,27.6011552
47.1521092,27.6011549
47.1521099,27.6011548
47.1521103,27.6011547
47.1521105,27.6011547
47.1521103,27.6011548
47.1521106,27.601154
47.1521111,27.601152
47.1521113,27.6011515
47.152112,27.6011495
47.1521123,27.601149
47.1521126,27.6011498
47.1521129,27.6011495
47.1521131,27.6011491
47.1521155,27.601148
47.152286,27.6011489
47.1521257,27.601158
47.1521252,27.6011582
47.1521251,27.601158
47.152125,27.6011577
47.1521253,27.6011576
47.1521254,27.6011566
47.1521253,27.6011556
47.1521248,27.601155
47.1521246,27.6011539
47.1521245,27.6011532
47.1521236,27.6011519
47.1521225,27.6011512
47.1521216,27.6011508
47.1521217,27.6011504
47.1521218,27.6011501
47.1521221,27.6011497
47.1521222,27.6011493
47.1521225,27.6011493
47.1521231,27.6011491
47.1521233,27.6011486
47.1521238,27.6011479
47.1521241,27.6011472
47.1521244,27.6011469
47.1521247,27.6011474
47.1521244,27.601148
47.1521238,27.6011478
47.1521234,27.6011479
47.152123,27.6011476
47.1521225,27.601147
47.1521227,27.6011461
47.1521227,27.6011457
47.1521228,27.6011452
47.1521227,27.6011445
47.1521226,27.6011441
47.1521224,27.6011438
47.1521222,27.6011434
47.152122,27.6011427
47.1521229,27.6011421
47.1521234,27.6011413
47.1521239,27.6011407
47.1521242,27.6011402
47.152124,27.6011399
47.1521237,27.6011399
47.1521231,27.6011399
47.1521229,27.6011397
47.1521228,27.6011393
47.1521225,27.6011391
47.1521223,27.601139
47.1521221,27.6011388
47.1521223,27.6011388
47.1521221,27.6011392
47.152122,27.601139
47.1521218,27.601139
47.1521226,27.6011383
47.1521227,27.6011383
47.1521225,27.6011385
47.1521223,27.6011384
47.1521221,27.6011385
47.1521217,27.6011386
47.1521215,27.6011392
47.1521213,27.6011395
47.1521207,27.6011397
47.1521203,27.6011398
47.1521198,27.6011402
47.1521196,27.6011397
47.1521196,27.6011394
47.152119,27.6011398
47.1521193,27.6011395
47.1521192,27.6011391
47.1521187,27.6011391
47.1521186,27.6011388
47.152118,27.6011382
47.152118,27.6011381
47.1521179,27.601138
47.1521175,27.6011379
47.1521174,27.6011384
47.1521171,27.6011387
47.1521172,27.6011381
47.1521172,27.6011378
47.1521172,27.6011378
47.1521169,27.6011382
47.1521169,27.6011383
47.1521171,27.6011389
47.1521174,27.6011384
47.1521174,27.6011384
47.1521173,27.6011386
47.1521176,27.6011389
47.152118,27.6011392
47.1521475,27.601154
47.152146,27.6011538
47.1521449,27.6011537
47.1521435,27.6011536
47.1521432,27.6011544
47.1521432,27.6011542
47.1521467,27.6011142
47.1521342,27.6011023
47.1521858,27.6010726
47.1521784,27.6010902
47.1521645,27.601084
47.1521638,27.6010849
47.1521632,27.6010869
47.1521622,27.6010874
47.1521608,27.6010871
47.1521524,27.6011003
47.1521524,27.6011002
47.1521512,27.6010997
47.1521374,27.6010776
47.1521357,27.6010754
47.1521121,27.6010405
47.1521114,27.6010433
47.1521347,27.6010814
47.1521082,27.6010784
47.152117,27.6010549
47.1521151,27.6010577
47.1521019,27.6010572
47.1521223,27.6010611
47.1521303,27.6010478
47.1521294,27.6010487
47.1521293,27.6010489
47.152129,27.6010485
47.152128,27.6010492
47.1521272,27.6010491
47.1521267,27.6010495
47.1521259,27.6010506
47.1521253,27.6010508
47.152125,27.6010513
47.1521251,27.6010523
47.1521254,27.6010525
47.1521252,27.6010529
47.1521248,27.6010531
47.1521245,27.601054
47.1521247,27.6010546
47.1521247,27.6010556
47.1521244,27.6010565
47.1521236,27.6010567
47.1521234,27.6010575
47.1521234,27.601058
47.1521237,27.6010581
47.1521237,27.6010586
47.1521231,27.6010588
47.1521225,27.6010596
47.1521221,27.60106
47.1521218,27.6010606
47.1521216,27.6010612
47.1521216,27.6010617
47.1521213,27.6010622
47.152121,27.6010629
47.1521203,27.6010631
47.1521137,27.6010907
47.152117,27.6011098
47.1521122,27.6011157
47.1521116,27.6011137
47.1521095,27.6011148
47.1521068,27.6011171
47.1521026,27.6011201
47.1521019,27.6011193
47.1521028,27.6011171
47.1521033,27.6011152
47.1521037,27.6011135
47.1521034,27.6011129
47.1521034,27.6011129
47.152114,27.6010718
47.1521137,27.6010712
47.1521135,27.6010719
47.152114,27.6010718
47.1521151,27.6010716
47.1521541,27.6010488
47.1521527,27.6010499
47.1521447,27.6010494
47.1521437,27.6010491
47.1521417,27.6010504
47.1521438,27.6010515
47.1521423,27.6010552
47.1521422,27.6010561
47.1521419,27.6010567
47.1521407,27.6010597
47.1521396,27.6010619
47.1521396,27.6010625
47.1521393,27.601063
47.1521388,27.6010641
47.1521387,27.6010653
47.1521379,27.6010669
47.1521378,27.6010671
47.1521372,27.6010688
47.1521368,27.6010689
47.1521365,27.6010698
47.1521365,27.6010698
47.1521376,27.601069
47.1521386,27.6010685
47.1521389,27.6010681
47.1521389,27.6010685
47.1521341,27.6010665
47.1521337,27.601062
47.1521338,27.6010619
47.1521335,27.6010626
47.1521325,27.6010644
47.152131,27.6010673
47.1521308,27.6010681
47.15213,27.6010696
47.1521304,27.6010698
47.1521159,27.6010945
47.1521142,27.6010972
47.1521142,27.601097
47.1521146,27.6010964
47.152115,27.6010949
47.1521154,27.6010929
47.1521156,27.6010929
47.1521158,27.6010907
47.1521159,27.6010895
47.1521163,27.6010884
47.1521166,27.6010875
47.1521166,27.6010857
47.1521167,27.6010854
47.1521159,27.6010854
47.1521155,27.6010852
47.1521149,27.6010863
47.1521139,27.6010876
47.1521135,27.6010881
47.1521122,27.6010903
47.152112,27.6010907
47.1521123,27.6010906
47.1521127,27.6010907
47.1521124,27.6010919
47.1521118,27.6010926
47.1521111,27.6010932
47.1521107,27.6010934
47.1521106,27.6010941
47.1521106,27.6010949
47.1521103,27.6010952
47.1521104,27.6010936
47.1521098,27.6010938
47.1521097,27.6010947
47.1521091,27.6010955
47.1521091,27.6010958
47.1521093,27.6010958
47.1521094,27.6010965
47.1521093,27.6010976
47.1521092,27.6010976
47.1521095,27.6010975
47.1521092,27.6010977
47.1521089,27.6010979
47.1521086,27.6010984
47.1521082,27.6010989
47.1521078,27.6011006
47.1521079,27.6011017
47.1521077,27.6011023
47.1521077,27.601103
47.1521083,27.6011036
47.1521089,27.601104
47.1521095,27.6011044
47.1521099,27.6011041
47.1521095,27.6011049
47.152109,27.6011054
47.1521086,27.6011064
47.1521082,27.6011077
47.1521076,27.6011084
47.152107,27.6011089
47.1521066,27.601109
47.1521059,27.6011096
47.1521057,27.6011098
47.1521057,27.601109
47.1521053,27.6011094
47.1521044,27.6011096
47.1521048,27.6011094
47.1521043,27.6011353
47.1521042,27.6011354
47.152104,27.6011354
47.1521038,27.6011353
47.1521037,27.6011354
47.1521037,27.6011356
47.1521039,27.6011358
