47.1566769,27.6031938
47.1587534,27.6011247
47.1601662,27.5981037
47.1609824,27.5961152
47.1645386,27.5911151
47.1650318,27.5908796
47.1658744,27.5893606
47.1662101,27.5879581
47.1673427,27.5830261
47.1673367,27.5830351
47.1678237,27.5812767
47.1686363,27.5793564
47.1696299,27.5764054
47.170924,27.5709737
47.1724569,27.5649655
47.1725843,27.5629041
47.1733897,27.5603056
47.1740512,27.5561155
47.1743331,27.5521658
47.1745687,27.5485986
47.1748498,27.5439764
47.1747356,27.5422751
47.1734678,27.5371906
47.1730836,27.5338338
47.172775,27.5326423
47.1730134,27.5335074
47.1735939,27.5389141
47.1736391,27.5390097
47.1749065,27.5445209
47.1744994,27.5512503
47.1741177,27.5560704
47.1736634,27.5596345
47.1728863,27.5620694
47.1714221,27.5689818
47.170389,27.5734678
47.1685778,27.5792304
47.1674787,27.5826918
47.1667143,27.585706
47.1645481,27.591059
47.1643394,27.5914306
47.1614228,27.5955267
47.1608734,27.5963587
47.1589672,27.6001541
47.1576212,27.6024265
47.1566888,27.6034025
47.1547832,27.6042768
47.1537399,27.6011038
47.1508842,27.5967398
47.1490271,27.5941611
47.1477523,27.5923433
47.1474609,27.5920967
47.1466111,27.5929336
47.1447891,27.5952111
47.1426302,27.5983498
47.1418181,27.5994743
47.140918,27.6009612
47.139483,27.6029924
47.1368135,27.6069527
47.1344472,27.610508
47.1307204,27.61384
47.1287325,27.6154665
47.126134,27.6181052
47.123628,27.6223464
47.1210754,27.6255737
47.118903,27.6299968
47.1164778,27.6320064
47.1166656,27.6321287
47.1166676,27.6321292
47.1166677,27.6321272
47.1166675,27.6321263
47.1166675,27.6321256
47.1166665,27.6321244
47.1166663,27.632124
47.1166662,27.632124
47.1166653,27.6321238
47.1166653,27.6321236
47.1166686,27.632117
47.1192026,27.6295135
47.1211064,27.6256484
47.1244986,27.621123
47.1272051,27.616796
47.1292491,27.615125
47.1318989,27.6131598
47.1341516,27.6110365
47.1344164,27.6105632
47.1349427,27.6099007
47.1353955,27.6091812
47.1358379,27.6084933
47.138918,27.6039832
47.1413157,27.6004134
47.142158,27.5990468
47.1436697,27.5969168
47.1456768,27.5942232
47.147212,27.5923916
47.1475206,27.5921878
47.1491156,27.594259
47.1509105,27.596703
47.1534122,27.600144
47.1538504,27.6034404
47.1556663,27.6042028
47.1573225,27.6025813
47.1587011,27.6012113
47.1597992,27.5987716
47.1610178,27.5961263
47.1615894,27.595324
47.1629777,27.594099
47.1638099,27.592688
47.1655399,27.5903577
47.1660621,27.5886208
47.1674282,27.5827528
47.1678039,27.5815429
47.1685626,27.579451
47.169483,27.5764723
47.1709082,27.5710839
47.1724576,27.5659175
47.1730869,27.5613475
47.1736176,27.5589465
47.1740083,27.5556973
47.1742945,27.5521798
47.1744572,27.5503589
47.1745438,27.5490568
47.1746444,27.5465463
47.174739,27.5444715
47.1747994,27.5440146
47.1737499,27.5393159
47.173423,27.5369084
47.1730373,27.5333721
47.1729063,27.5330594
47.1729295,27.5335233
47.1736308,27.538988
47.1748061,27.5444113
47.1745497,27.5497253
47.1741653,27.5547827
47.1735883,27.5593288
47.1728898,27.5618995
47.1712861,27.5694613
47.1704785,27.5732596
47.1683456,27.5797981
47.1675734,27.5821311
47.1660783,27.5880715
47.1646682,27.590927
47.1640789,27.5922124
47.1622393,27.5946798
47.1612377,27.5956785
47.1594706,27.5994105
47.1582065,27.6018028
47.1557931,27.6042119
47.1548557,27.6042231
47.1538356,27.6016416
47.1507866,27.5964637
47.1495483,27.5949499
47.1495459,27.5949457
47.1483795,27.5933442
47.148284,27.5932247
47.1480475,27.5929336
47.1478075,27.5926975
47.1474792,27.5921629
47.1467664,27.592754
47.1463435,27.5933524
47.1456788,27.5941142
47.144847,27.5951965
47.1441398,27.5960949
47.1434537,27.5971218
47.1424372,27.5986378
47.1420124,27.5992224
47.1413225,27.6003627
47.1409478,27.6009319
47.1397169,27.602661
47.1390289,27.6037111
47.1377902,27.6055171
47.1346887,27.6101338
47.1319028,27.6131094
47.1292591,27.6150751
47.1256768,27.6190028
47.1236209,27.6225371
47.1207777,27.626042
47.1178243,27.6316385
47.1164572,27.6320978
47.1167061,27.6321128
47.1167049,27.6321199
47.1167268,27.6321245
47.1167226,27.6321075
47.1192719,27.6295018
47.1215764,27.6249281
47.124938,27.6201931
47.1279596,27.6161088
47.1307017,27.6138238
47.1341516,27.6109977
47.1358608,27.6084145
47.139398,27.6031385
47.1421009,27.5990998
47.1438944,27.5964222
47.1455077,27.5943817
47.1471185,27.5924375
47.1490438,27.594138
47.1516314,27.5976459
47.1539344,27.6025016
47.153853,27.6034251
47.1549678,27.6043059
47.1569932,27.6029397
47.1585884,27.6013253
47.1590724,27.5999328
47.1610327,27.5960901
47.1635772,27.5930187
47.1643114,27.5914848
47.1649409,27.5906547
47.1658648,27.5892923
47.1664386,27.5867232
47.1675249,27.5821952
47.1686143,27.5793105
47.1699218,27.5751956
47.1709095,27.5709567
47.1722415,27.5641746
47.1725297,27.5627628
47.1736378,27.5589017
47.1744579,27.5505124
47.1745176,27.5487556
47.1748174,27.5439177
47.1739545,27.540023
47.1735446,27.5373289
47.1730157,27.5332087
47.1730056,27.5332463
47.1730032,27.533247
47.1730154,27.5332048
47.1730133,27.5332466
47.1728817,27.5334843
47.1731333,27.5348828
47.1734995,27.538331
47.1747559,27.5424096
47.1747526,27.5448248
47.1745934,27.5493142
47.1742915,27.5530422
47.1735963,27.55898
47.1735622,27.5595905
47.1724057,27.5650637
47.1708715,27.5711865
47.1696657,27.5774256
47.167796,27.5809432
47.1668905,27.5853874
47.165818,27.5896606
47.1641211,27.5920324
47.1612401,27.5957239
47.1589376,27.6001879
47.1568612,27.6032778
47.1560111,27.6043061
47.1547428,27.6042493
47.1538455,27.6016711
47.1507419,27.5964449
47.1482766,27.5932007
47.1476714,27.5923304
47.1468364,27.5926864
47.1460205,27.5937043
47.1442163,27.5960992
47.1418576,27.5993552
47.1413715,27.6001201
47.1393829,27.603192
47.1375824,27.6058538
47.1349947,27.6096524
47.1345007,27.6105525
47.1303221,27.6142706
47.127578,27.6164949
47.123755,27.622249
47.1223571,27.6241249
47.119411,27.6290393
47.1170394,27.6318716
47.1167047,27.6321389
47.1167037,27.632122
47.116697,27.6320994
47.1166971,27.6320995
47.1167088,27.6320546
47.1167667,27.6320762
47.1191913,27.6294799
47.1215223,27.6250484
47.1243471,27.6212419
47.1269867,27.6169589
47.1304483,27.6140773
47.1335475,27.6118738
47.1362675,27.6078238
47.1376838,27.6057035
47.1421582,27.5990568
47.1447625,27.5953373
47.1456745,27.5942365
47.1472302,27.5923544
47.1487516,27.5938417
47.149932,27.59547
47.1529719,27.5995334
47.1538777,27.6030114
47.1543156,27.6040766
47.1556336,27.6041054
47.1578979,27.6019869
47.1587824,27.600956
47.1601708,27.5979657
47.1628125,27.5943076
47.1651763,27.5907091
47.1651438,27.5906405
47.166155,27.5878425
47.1663514,27.5867386
47.1676498,27.5816223
47.1685798,27.579354
47.1693032,27.5771387
47.1705797,27.5723196
47.171131,27.5699127
47.172468,27.5631449
47.1736037,27.5589639
47.1741439,27.554289
47.1745297,27.5497878
47.1748014,27.544052
47.174661,27.542064
47.1740107,27.5402665
47.1733445,27.5369325
47.1729903,27.5333439
47.1729196,27.5333031
47.1729142,27.5332991
47.1729478,27.5340853
47.1735817,27.5389089
47.124391,27.6211411
47.1218154,27.6246981
47.118953,27.6300203
47.1523312,27.6022179
47.1523317,27.6022162
47.1695112,27.5409659
47.1695134,27.5409891
47.1695126,27.5409816
47.1695021,27.5409494
47.1695055,27.5409595
47.1695425,27.5409956
47.1695701,27.5409663
47.1695633,27.5409703
47.1695622,27.54097
47.1695621,27.5409702
47.1695559,27.5409609
47.1695519,27.540962
47.1695508,27.5409651
47.1695235,27.5410102
47.169519,27.5409627
47.1695137,27.5409085
47.1685491,27.5410789
47.166773,27.5435351
47.1667383,27.5464466
47.1687202,27.5493942
47.1693079,27.5507106
47.169126,27.5566244
47.1681919,27.5584083
47.166225,27.5621018
47.1644389,27.5659809
47.1618152,27.5708335
47.1611144,27.5715143
47.159923,27.5704992
47.1571818,27.5703903
47.1561706,27.570591
47.1551691,27.5704221
47.1545167,27.5705454
47.1537228,27.570605
47.1517763,27.5726555
47.1501777,27.5744239
47.1489858,27.5759628
47.1470063,27.5799517
47.1451,27.5825867
47.1446182,27.5822486
47.1444142,27.5822395
47.1440968,27.5817385
47.1478768,27.5844446
47.1503876,27.5864996
47.1508377,27.5876873
47.1488099,27.5904396
47.1479541,27.5927743
47.1500166,27.5954309
47.1524462,27.5986
47.1539278,27.6028022
47.1538544,27.6040547
47.1567346,27.6031612
47.1591213,27.6019754
47.1600645,27.6081606
47.1601434,27.6114893
47.1592197,27.6189583
47.158945,27.620166
47.156233,27.6238033
47.1563129,27.6238951
47.1591807,27.6194935
47.1596625,27.6158289
47.1601759,27.6120708
47.1601052,27.6104479
47.1593187,27.6031592
47.1589252,27.6014077
47.157613,27.602428
47.1565903,27.6034651
47.1559921,27.60409
47.1539146,27.6031072
47.1514544,27.5973672
47.1504192,27.5959291
47.1479126,27.5914658
47.150294,27.5884615
47.1507761,27.5878799
47.1504721,27.5866259
47.1494953,27.5858767
47.1465318,27.5834629
47.1449525,27.5815521
47.1473089,27.5794161
47.1488591,27.5759228
47.1513141,27.5730277
47.1521049,27.5721497
47.1529068,27.5712958
47.1542445,27.5702778
47.1561492,27.5701042
47.1590478,27.5703615
47.1602855,27.5706987
47.1621041,27.5702136
47.164157,27.5662548
47.1661627,27.5620504
47.1683977,27.5581435
47.1693164,27.5547294
47.1694236,27.5498157
47.1694363,27.5450232
47.1695496,27.5409686
47.1695485,27.5409703
47.1695426,27.5409715
47.1695394,27.5409707
47.1695388,27.5409687
47.169536,27.5409693
47.1695313,27.5409917
47.1695491,27.5409327
47.1695478,27.5409307
47.1695474,27.540929
47.1695434,27.540933
47.1695423,27.5409319
47.1695417,27.540933
47.16954,27.5409347
47.1695381,27.5409351
47.1695368,27.540934
47.1695227,27.5409703
47.1695201,27.5409715
47.1695192,27.5409709
47.1695199,27.5409152
47.1684394,27.5411654
47.1666578,27.5446888
47.1678482,27.5480497
47.1690594,27.5504687
47.1693735,27.5526611
47.168919,27.5572552
47.1674898,27.559513
47.1646536,27.5654373
47.1629855,27.568924
47.1615538,27.5712307
47.160022,27.5704133
47.1584935,27.5704757
47.1558398,27.5703362
47.1552711,27.5704093
47.1543363,27.5704665
47.1537138,27.5706299
47.1519552,27.572419
47.1505293,27.5739513
47.1494092,27.5753299
47.1471446,27.5796465
47.1452589,27.5823294
47.1440402,27.5819025
47.1475202,27.5841336
47.1502866,27.5863514
47.1505425,27.586578
47.1504016,27.58837
47.1476558,27.5918843
47.149306,27.5944778
47.1514228,27.5972863
47.1536242,27.6006339
47.153797,27.6036216
47.1537971,27.6037627
47.1549124,27.6042903
47.1567659,27.6032216
47.1593348,27.6031641
47.1601167,27.6093173
47.1600232,27.613728
47.1598099,27.6154799
47.1591342,27.6192209
47.1565766,27.6233788
47.1563946,27.623616
47.1563816,27.6236335
47.1563792,27.6236416
47.1566629,27.6233848
47.1591076,27.6198828
47.1599035,27.6148286
47.1599216,27.6143687
47.1600908,27.6111581
47.1599968,27.6072919
47.1590259,27.601622
47.1564709,27.6035287
47.1560291,27.6040347
47.1538578,27.6035858
47.1537052,27.6008759
47.1508431,27.5966442
47.149664,27.5951159
47.1477272,27.592414
47.1488931,27.5902664
47.1503347,27.5882832
47.1512491,27.5870099
47.1494391,27.5859232
47.1485251,27.585114
47.1445715,27.5816396
47.1450094,27.5815718
47.146674,27.5803424
47.1481993,27.577942
47.1500189,27.5744949
47.1519119,27.5723874
47.153052,27.5711321
47.1550968,27.5703458
47.1561633,27.5701992
47.1589119,27.570397
47.1603945,27.570791
47.1621139,27.5702231
47.16429,27.5661428
47.1654239,27.563726
47.1676812,27.5589486
47.1690542,27.5566296
47.1693395,27.5515451
47.1694152,27.5489239
47.1694729,27.5439965
47.1695003,27.5405737
47.1694782,27.5405703
47.1694921,27.5405861
47.1694946,27.5405975
47.1694919,27.5405944
47.1694915,27.5405944
47.169492,27.5405946
47.1694927,27.5405968
47.1694924,27.540596
47.1695141,27.5406173
47.1695146,27.5406175
47.1684824,27.5411969
47.1667512,27.5438304
47.1667922,27.5464797
47.1687951,27.5495648
47.1693938,27.5509805
47.1694528,27.5555852
47.1683374,27.5582725
47.1668294,27.5609868
47.1647569,27.5653068
47.1636765,27.5676906
47.1612963,27.5714654
47.1602237,27.5705631
47.1584384,27.5704159
47.1557769,27.5704956
47.1537945,27.5704971
47.1588651,27.620362
47.1511276,27.5877911
47.1497073,27.5861374
47.1565102,27.5702748
47.1602411,27.5704819
47.1608472,27.5714428
47.1635722,27.567622
47.165136,27.564518
47.1673171,27.5597784
47.1686029,27.5578769
47.169331,27.5533718
47.1694636,27.5496577
47.1694759,27.5444723
47.1695405,27.5406683
47.1695297,27.5406664
47.1695252,27.5406668
47.1695244,27.5406666
47.1695245,27.540667
47.1695219,27.5406661
47.1692399,27.5401552
47.1677453,27.542168
47.1667699,27.5447988
47.1675889,27.5477019
47.1688614,27.5495711
47.1693497,27.550702
47.1694221,27.5552514
47.1681276,27.5584411
47.1665123,27.56172
47.1644486,27.566009
47.1626966,27.5694972
47.1612928,27.5714581
47.1600398,27.5703951
47.1583796,27.5704084
47.1558637,27.5705017
47.1555005,27.5704904
47.1540459,27.5704817
47.152076,27.5723325
47.150346,27.5742239
47.1488631,27.5761204
47.147033,27.5799824
47.1447531,27.5822418
47.1441225,27.5821299
47.146662,27.5834415
47.1502543,27.5862584
47.1505885,27.586727
47.150336,27.5883818
47.1489606,27.5902323
47.1476154,27.5919768
47.1475548,27.5919186
47.1475913,27.5923518
47.149952,27.5954569
47.1516909,27.5977193
47.1537941,27.6015653
47.1538772,27.6039455
47.1560774,27.6038574
47.1577338,27.602194
47.1593526,27.6031434
47.1600106,27.6070892
47.1601873,27.6098094
47.1601544,27.6136031
47.159983,27.614312
47.1591475,27.619244
47.1566158,27.6233279
47.1564229,27.6235861
47.1560082,27.6243411
47.1586366,27.6206918
47.1593296,27.6185332
47.1599502,27.6145053
47.1601254,27.6117822
47.1600705,27.6082414
47.1593404,27.6034379
47.1591007,27.6021078
47.1589554,27.6014299
47.1589274,27.601431
47.1575329,27.6024741
47.1561325,27.6041043
47.1553263,27.6043727
47.1539403,27.6031048
47.1521261,27.5983716
47.1507667,27.5965079
47.1492554,27.5943142
47.1477535,27.5923208
47.1476703,27.5917824
47.1503564,27.5883833
47.1508328,27.5876793
47.1512086,27.5877668
47.1495616,27.5859453
47.1478678,27.5845376
47.1444313,27.5815542
47.1450054,27.5815907
47.1463287,27.5808818
47.1483218,27.5777904
47.1501262,27.5744179
47.1518641,27.5724392
47.1527673,27.5715165
47.1543459,27.5703342
47.1561828,27.5703225
47.1589979,27.5703721
47.1607131,27.5712441
47.1633018,27.5682393
47.1649067,27.5648688
47.1684897,27.5580494
47.1691735,27.5564792
47.169393,27.5506875
47.1694942,27.5444194
47.1694947,27.541003
47.16954,27.5406625
47.1695494,27.5406592
47.1695795,27.540672
47.1695888,27.5406927
47.1695872,27.5406937
47.1695877,27.5406891
47.1695872,27.5406889
47.169561,27.5406813
47.1695603,27.5406795
47.1692682,27.5402995
47.1681084,27.5416186
47.1667351,27.5447328
47.1672468,27.5472197
47.169014,27.5497727
47.1693808,27.5506962
47.169366,27.5542442
47.1694169,27.5548468
47.169272,27.5562792
47.1687507,27.5575272
47.167359,27.5598283
47.1653341,27.5640633
47.1636199,27.5676886
47.1613349,27.5714136
47.1604728,27.5710628
47.1585591,27.5704302
47.1563798,27.5704859
47.1553278,27.5704077
47.1548135,27.5704637
47.1540031,27.570488
47.1532522,27.5710898
47.1517384,27.5726555
47.1496064,27.5750795
47.1482411,27.5781078
47.1460697,27.5813367
47.1445804,27.5822273
47.1446719,27.5817966
47.1482528,27.5846867
47.150362,27.5864727
47.1505782,27.5866238
47.1503898,27.5883324
47.1480344,27.5914038
47.147797,27.591711
47.147548,27.591987
47.1499959,27.5954148
47.1516429,27.5976714
47.1535991,27.6003985
47.1538396,27.6032211
47.155535,27.6042169
47.157084,27.6028372
47.1580539,27.6019571
47.1594564,27.6033689
47.1600721,27.6074396
47.1602216,27.6105776
47.1601022,27.6136567
47.1591957,27.6192003
47.1586033,27.6206779
47.1564348,27.6235307
47.1560967,27.6243501
47.1588865,27.6203517
47.1599178,27.6146351
47.1600186,27.6134391
47.1601303,27.6104097
47.1595894,27.6044221
47.1590354,27.6018501
47.1588306,27.6011954
47.1560743,27.6040873
47.1559428,27.6042137
47.1538591,27.6035931
47.1539496,27.6031117
47.1516714,27.5978174
47.1500448,27.5955774
47.1475854,27.5920186
47.1499717,27.5888504
47.1509625,27.587796
47.1496576,27.5861307
47.14834,27.585631
47.14527,27.5824165
47.1448688,27.5813931
47.1454263,27.581951
47.1479291,27.5782705
47.148696,27.5760942
47.1504624,27.5739154
47.1516492,27.5726914
47.1520975,27.5722363
47.1529211,27.5712912
47.1536681,27.5705688
47.1562131,27.5700937
47.1590706,27.5704023
47.1603251,27.5707884
47.1619597,27.5704603
47.1642252,27.5662504
47.1654331,27.5636905
47.1677934,27.5587787
47.1692669,27.556057
47.1693355,27.5535546
47.1694255,27.5503495
47.1696049,27.5453926
47.1695386,27.5407759
47.1695517,27.540775
47.169549,27.5408165
47.1694872,27.54057
47.1684593,27.5412377
47.1666873,27.5442105
47.1668044,27.5467959
47.1680725,27.5483882
47.1690348,27.5502253
47.1694179,27.551029
47.1693362,27.5529168
47.1694049,27.5549496
47.1693525,27.5560277
47.1690766,27.5567468
47.1682404,27.5583004
47.166909,27.5608379
47.1647127,27.5653343
47.1634007,27.5681147
47.1613301,27.571372
47.1599238,27.5704462
47.157907,27.5704108
47.1570245,27.5703833
47.1559596,27.5704385
47.1554996,27.570438
47.1545355,27.5704316
47.1539404,27.5704457
47.1517748,27.5725892
47.1499179,27.5747073
47.1484733,27.5768501
47.1470535,27.5799381
47.1450815,27.5825247
47.1441254,27.5821056
47.1470418,27.5837643
47.1503437,27.5865123
47.1506457,27.5867841
47.1507106,27.5879002
47.1495033,27.5895352
47.1477779,27.5917075
47.1477567,27.5917032
47.1477557,27.5924717
47.1499529,27.5954014
47.152249,27.5984971
47.1539075,27.6022408
47.1539033,27.6029848
47.1538859,27.6039682
47.1566217,27.6032541
47.1581902,27.6017914
47.1598984,27.6064054
47.160205,27.6094653
47.1600962,27.6136892
47.1593826,27.6182932
47.1579853,27.6215187
47.1562778,27.6238119
47.1562893,27.6237064
47.1560069,27.6241784
47.1582301,27.6212306
47.159271,27.6187728
47.1598485,27.6148785
47.1600236,27.6143016
47.1601471,27.6106305
47.1600149,27.6076455
47.1593056,27.602892
47.1590364,27.6016892
47.1589914,27.6015182
47.1589556,27.6013886
47.158928,27.6012236
47.1560878,27.604021
47.1538343,27.6039225
47.1538719,27.6019775
47.1511774,27.5970975
47.1495252,27.5948392
47.1477919,27.592411
47.1492706,27.5897532
47.1503943,27.5882131
47.1506135,27.5868398
47.1494986,27.5859421
47.1486168,27.5851759
47.1460017,27.5829751
47.1451405,27.5821522
47.1449204,27.5815168
47.1454921,27.5820072
47.1479918,27.5783593
47.1489706,27.575769
47.1510238,27.5733377
47.152167,27.572078
47.1533779,27.5707844
47.1561558,27.5702287
47.1572048,27.5702409
47.1602096,27.5704297
47.1611568,27.5713539
47.1639996,27.5665593
47.1646491,27.5653494
47.166797,27.5607687
47.1684709,27.5580704
47.1693328,27.5538528
47.1694324,27.5497414
47.1693529,27.5460005
47.1695164,27.540539
47.1695385,27.5405372
47.1695336,27.5405285
47.1695402,27.5405218
47.1692095,27.5401837
47.1667654,27.5434844
47.1667563,27.5460838
47.1686688,27.5493906
47.1691773,27.5507201
47.169372,27.5540927
47.168373,27.5577786
47.16742,27.5597137
47.1661733,27.5621481
47.1641715,27.5664975
47.1614616,27.5713273
47.1603569,27.5707297
47.1596198,27.5705292
47.1558008,27.5704936
47.1542596,27.5705293
47.1538371,27.5705109
47.1517756,27.5726098
47.1496161,27.575064
47.1477237,27.5789059
47.1451233,27.5825763
47.1441357,27.5817154
47.1475529,27.5841638
47.1503954,27.5864923
47.1508141,27.5876294
47.1503836,27.588326
47.1479608,27.59147
47.1492058,27.594313
47.1510482,27.5967381
47.1536434,27.6004647
47.1539129,27.6028833
47.1541015,27.60401
47.1567595,27.6031426
47.1587789,27.601242
47.160062,27.6077673
47.1601544,27.6110039
47.1600161,27.613831
47.1596482,27.6164962
47.1591095,27.6196049
47.1568094,27.6231735
47.1562899,27.6237604
47.1559613,27.6243547
47.1588488,27.6203342
47.1598583,27.6147942
47.1599161,27.6144672
47.1601666,27.6105261
47.1597607,27.605587
47.1589675,27.6013521
47.1576846,27.6023079
47.156167,27.6041011
47.1553369,27.604317
47.1538514,27.6035557
47.1528726,27.5993463
47.1507692,27.5963928
47.1486464,27.5934437
47.1497134,27.5892443
47.150773,27.5876669
47.1514541,27.5874963
47.1497609,27.5860478
47.1488817,27.5853372
47.1466399,27.5834784
47.1448852,27.5814874
47.1456483,27.5819023
47.1479892,27.5783259
47.1499578,27.5746193
47.1518879,27.5724807
47.1529038,27.5714288
47.1553097,27.5703614
47.1577511,27.5703113
47.1603972,27.5708862
47.163143,27.568474
47.1646862,27.5653106
47.1663216,27.5618204
47.168487,27.5580481
47.1532863,27.6024317
47.1532868,27.6024316
47.1532855,27.6024316
47.1532834,27.6024317
47.1532813,27.6024319
47.1532796,27.6024314
47.1532812,27.6024304
47.1532833,27.6024291
47.1532885,27.6024443
47.1532916,27.6024455
47.1532948,27.6024482
47.1532949,27.6024508
47.1532962,27.6024518
47.1532932,27.6024509
47.1532895,27.6024488
47.153287,27.6024475
47.1532823,27.6024471
47.153281,27.6024465
47.1532826,27.6024502
47.153281,27.6024501
47.1532776,27.6024492
47.1532746,27.6024488
47.1532737,27.6024474
47.1532727,27.602447
47.1532697,27.6024461
47.1532688,27.6024456
47.1532679,27.6024448
47.1532657,27.6024431
47.1532644,27.6024422
47.1532638,27.6024417
47.1532626,27.6024409
47.1532613,27.6024409
47.1532593,27.6024402
47.1532583,27.6024401
47.1532568,27.6024393
47.1532529,27.6024383
47.153251,27.6024378
47.1532491,27.602437
47.1532476,27.6024362
47.1532471,27.6024362
47.1532471,27.6024347
47.1532474,27.6024339
47.1532473,27.6024335
47.1532475,27.6024333
47.1532475,27.6024332
47.1532472,27.6024332
47.1532466,27.6024332
47.1532475,27.6024326
47.1532471,27.6024322
47.1532472,27.602432
47.1532477,27.6024325
47.1532336,27.6024309
47.1532188,27.6024347
47.1532192,27.6024349
47.1532196,27.6024342
47.1532198,27.6024341
47.1532209,27.6024328
47.1532225,27.602432
47.1532233,27.6024314
47.1532236,27.6024303
47.1532177,27.6023946
47.1532234,27.6023925
47.1532272,27.602392
47.1532303,27.6023922
47.1532293,27.6023923
47.1532416,27.6023883
47.1532418,27.6023881
47.1532428,27.6023875
47.1532637,27.6024213
47.153266,27.6024213
47.1532711,27.6024212
47.153272,27.6024203
47.1532673,27.6024215
47.1532675,27.6024215
47.1532661,27.6024213
47.1532667,27.6024201
47.1532668,27.6024189
47.1532567,27.6024203
47.1532336,27.6024166
47.1532339,27.6024161
47.153238,27.6024061
47.1532382,27.602406
47.1532387,27.6024076
47.1532392,27.6024055
47.1532218,27.6024143
47.1532433,27.6024131
47.1532426,27.6024119
47.1532428,27.6024112
47.1532431,27.6024109
47.1532428,27.6024119
47.1532423,27.602413
47.153242,27.6024135
47.1532422,27.602414
47.1532422,27.6024151
47.1532417,27.6024158
47.1532417,27.6024159
47.1532417,27.6024159
47.1532405,27.6024167
47.1532403,27.602416
47.1532404,27.6024159
47.1532391,27.6024157
47.1532383,27.6024157
47.1532375,27.6024167
47.1532368,27.6024179
47.1532359,27.6024186
47.1532356,27.602419
47.1532357,27.6024187
47.1532346,27.6024191
47.1532142,27.6024151
47.1532142,27.6024146
47.153214,27.6024145
47.1533371,27.6024124
47.1524535,27.6030195
47.152448,27.6030307
47.1524491,27.6030316
47.1522992,27.6032396
47.1487879,27.602535
47.14762,27.6049423
47.145597,27.6079814
47.1447332,27.6061113
47.1419631,27.6004393
47.1419402,27.6004563
47.1392249,27.6033621
47.1381184,27.6049993
47.1378707,27.6054267
47.1368687,27.6003754
47.1365463,27.5957906
47.1360931,27.5914062
47.1355375,27.5878708
47.1338619,27.5800994
47.1340065,27.5757561
47.1330578,27.5718314
47.1282657,27.5684899
47.1228561,27.5674584
47.1235142,27.5675357
47.1234999,27.5675175
47.1278178,27.5681197
47.1312732,27.5706168
47.1337573,27.5748661
47.1343522,27.5765798
47.1363535,27.5809017
47.1392188,27.5850422
47.1431523,27.5847841
47.1461655,27.5811739
47.1484624,27.5765419
47.1511465,27.5732342
47.1531917,27.5709838
47.1557642,27.570335
47.1588763,27.5703304
47.1610884,27.571392
47.1641285,27.5664294
47.1664958,27.561471
47.1685016,27.5580197
47.1693304,27.5533668
47.1694394,27.5496561
47.1694852,27.5424722
47.1696226,27.5404525
47.1695586,27.5404623
47.1695375,27.5404835
47.1695372,27.540483
47.1695362,27.5404552
47.1682277,27.5414499
47.1667305,27.5447633
47.1679158,27.5481876
47.1690596,27.550455
47.169368,27.5532003
47.1684537,27.5577482
47.1672,27.5602315
47.1643738,27.5661287
47.1616706,27.5710035
47.1613347,27.5714391
47.1597427,27.5705014
47.1553513,27.5704922
47.1540099,27.570475
47.151748,27.5726521
47.1495975,27.5751075
47.147408,27.5793317
47.1451371,27.5825223
47.1444749,27.5816787
47.1482379,27.5847386
47.1504496,27.5866151
47.1499198,27.5890763
47.147917,27.5927327
47.1501815,27.5957743
47.1536283,27.6008016
47.1539447,27.6029229
47.1550712,27.6043428
47.157466,27.60239
47.1595897,27.604668
47.1601874,27.6102163
47.1600458,27.6137322
47.1595752,27.616861
47.1582553,27.6212773
47.1563342,27.6238868
47.1562897,27.6238855
47.1583272,27.6211389
47.1598896,27.6147652
47.1601522,27.6104661
47.1596105,27.6045666
47.1572522,27.6028207
47.1562408,27.6039135
47.1546785,27.6042192
47.1546627,27.6041899
47.1512374,27.5971549
47.1478264,27.5924609
47.1501847,27.5886509
47.1505289,27.5880444
47.1499183,27.5862168
47.1485484,27.5851005
47.1452683,27.5823156
47.1454345,27.5819568
47.1480546,27.5782379
47.1502409,27.5742225
47.1529767,27.5712477
47.1551533,27.5703031
47.1581874,27.5703486
47.1606913,27.5712447
47.1642097,27.5663499
47.1661382,27.5623076
47.1688093,27.5575119
47.1694152,27.5500853
47.1693853,27.5447025
47.169548,27.540532
47.1695531,27.5404936
47.1695515,27.5404935
47.169545,27.5405005
47.169544,27.5404999
47.1695436,27.5404994
47.1695428,27.5404982
47.1695367,27.5404697
47.1695374,27.5404683
47.1695408,27.5404682
47.1695414,27.5404703
47.1695796,27.5404866
47.169568,27.540522
47.1695746,27.5405565
47.1695726,27.5405582
47.1695474,27.540522
47.169528,27.5404575
47.1681933,27.5416567
47.1667894,27.5448077
47.1682761,27.5488382
47.1693124,27.55075
47.1688637,27.5575182
47.1670635,27.5605383
47.164432,27.5660825
47.1614832,27.5713115
47.1591864,27.5705231
47.1558038,27.5704742
47.1527964,27.5715788
47.1505064,27.5740573
47.1485059,27.5772383
47.1455586,27.5819972
47.1441331,27.5816906
47.1490801,27.5854385
47.1509536,27.5873381
47.1487063,27.5904988
47.1494446,27.5946552
47.1523265,27.5986146
47.1537875,27.6034107
47.1565273,27.6031956
47.1588978,27.6012703
47.1601699,27.6092936
47.1601108,27.6135068
47.1593627,27.6185176
47.1570534,27.6227893
47.1563737,27.6236242
47.1563652,27.6236564
47.1563667,27.6236564
47.1563681,27.6236574
47.1563626,27.6236704
47.1563632,27.6236701
47.1563955,27.6236978
47.1588717,27.6203134
47.159823,27.6149236
47.159959,27.6143474
47.1601469,27.6105544
47.1596314,27.6048542
47.1589325,27.6014012
47.1566939,27.6033549
47.1560761,27.604118
47.1539487,27.6031598
47.1515258,27.5975926
47.1490124,27.5941257
47.1499338,27.5890303
47.151412,27.5872208
47.1493203,27.5858566
47.1486622,27.5853829
47.1467834,27.583678
47.1450219,27.5815812
47.1459992,27.5814693
47.1483095,27.5779712
47.1518397,27.572544
47.1519991,27.5722702
47.1540495,27.5703544
47.1560257,27.5702177
47.1584872,27.5703664
47.1601311,27.5704097
47.1632181,27.5684097
47.1656327,27.5633432
47.1684228,27.5581018
47.1693681,27.5525528
47.169484,27.5479291
47.1695002,27.5443264
47.1695798,27.5405634
47.1695592,27.5405582
47.169564,27.5405847
47.1695718,27.540598
47.1695613,27.5406146
47.1695604,27.5406138
47.1695594,27.540612
47.1695784,27.5405792
47.1695763,27.5405783
47.1693538,27.5401028
47.1684392,27.5412397
47.1667115,27.5445781
47.1677048,27.5479086
47.1689641,27.5505494
47.1694157,27.5532022
47.1684242,27.5579862
47.1668395,27.5609446
47.1645553,27.5656815
47.162107,27.570287
47.1599,27.5705395
47.156115,27.5704519
47.1541074,27.5704362
47.1533709,27.5709959
47.1517551,27.5726036
47.1494977,27.5753234
47.1469816,27.5799475
47.1447724,27.5823098
47.1441192,27.5819339
47.1479964,27.5845482
47.1496931,27.5859646
47.1507309,27.5878885
47.148921,27.5901913
47.1476936,27.591825
47.1486468,27.5935593
47.1505273,27.5961545
47.1530535,27.5995651
47.1539325,27.602633
47.1540831,27.6041047
47.1563711,27.6035022
47.1565179,27.6032959
47.1584166,27.601529
47.160091,27.6082239
47.1601767,27.612476
47.1600342,27.6137618
47.1593628,27.618364
47.1570287,27.6228079
47.1563971,27.6236682
47.1564168,27.6237046
47.1564102,27.6236678
47.1564041,27.6236659
47.1564049,27.6236173
47.1564493,27.62377
47.1588728,27.6203189
47.1599709,27.6144103
47.1601424,27.6105373
47.1596315,27.60493
47.1583427,27.6016958
47.1559644,27.6041301
47.1546405,27.604132
47.1536668,27.6006908
47.1507132,27.5964813
47.1496265,27.5950424
47.1486872,27.5905014
47.1507541,27.5878094
47.151347,27.5871523
47.1494603,27.5859206
47.1484775,27.5850951
47.1443209,27.581414
47.1451582,27.5816787
47.1478185,27.5786573
47.1497462,27.5748727
47.1505171,27.5738613
47.1530165,27.5711913
47.1539117,27.570333
47.1564545,27.5703148
47.160306,27.5707007
47.1628527,27.5690683
47.1647776,27.5651317
47.1675113,27.55939
47.1691162,27.5565265
47.1693899,27.5508266
47.1694187,27.5472828
47.1694691,27.5421171
47.1695436,27.540699
47.1695169,27.5407054
47.1694746,27.5407087
47.1694558,27.5406824
47.1694559,27.5406812
47.1694838,27.54067
47.1689244,27.5406583
47.1670071,27.5431009
47.1667933,27.5466975
47.1690331,27.5502859
47.1693676,27.5522697
47.1685088,27.557563
47.1668506,27.5609986
47.1644619,27.5660068
47.1617244,27.5709629
47.1596821,27.5706338
47.1558014,27.5704362
47.1538911,27.5704652
47.1528998,27.5714615
47.1513238,27.5731607
47.1487012,27.5761983
47.1469585,27.5799029
47.1445589,27.5821807
47.1460455,27.5828971
47.1503201,27.5864614
47.1509261,27.5870562
47.1493728,27.589693
47.1477135,27.5917961
47.1492729,27.5944462
47.1518468,27.5978923
47.1539403,27.6022705
47.1538797,27.6034795
47.1543107,27.6041103
47.1567695,27.6031269
47.1589225,27.6012138
47.1601581,27.6088501
47.1601974,27.6126395
47.1598845,27.6151037
47.1591328,27.6198434
47.1564404,27.6236543
47.1564465,27.6236559
47.1564621,27.6236472
47.1564414,27.6236052
47.1562041,27.6240197
47.1580427,27.6214174
47.1593418,27.6183301
47.1602134,27.6124364
47.1600261,27.6078463
47.1589366,27.6013193
47.1587022,27.6011334
47.1562459,27.6039069
47.1538088,27.6037292
47.152185,27.5984256
47.1494842,27.5947363
47.1476663,27.5923112
47.1497711,27.5890722
47.1513404,27.5871311
47.1495293,27.585947
47.148021,27.5846639
47.1445539,27.5810551
47.1449518,27.5814241
47.1460348,27.5813167
47.1484073,27.5777355
47.1501042,27.574355
47.151912,27.5724445
47.1531848,27.5709773
47.1552554,27.5702376
47.1578231,27.5702993
47.160344,27.5707583
47.1630321,27.5687602
47.1649495,27.5647428
47.16769,27.5590376
47.1692957,27.5553249
47.1694071,27.5497345
47.169461,27.5453579
47.1695624,27.5407134
47.169526,27.5406537
47.1695256,27.5406718
47.1695252,27.540671
47.1694975,27.5407105
47.1695091,27.540735
47.1695034,27.5407313
47.1695031,27.5407309
47.1694896,27.5407039
47.1694989,27.5406782
47.1695012,27.5406739
47.169495,27.5405479
47.1683022,27.5413895
47.1667418,27.5446997
47.1679811,27.5481644
47.1690878,27.5507758
47.1693794,27.5545466
47.1680949,27.558523
