47.1658633,27.5894245
47.1659838,27.5887077
47.1673686,27.5830224
47.1673732,27.5830372
47.1677086,27.5816952
47.1681978,27.580256
47.1688972,27.5783138
47.1706196,27.5724681
47.1716416,27.5682199
47.1723349,27.5644497
47.1733361,27.5606506
47.1739857,27.5562936
47.1743035,27.552321
47.1745577,27.550262
47.1747311,27.5458609
47.1747597,27.5448558
47.1745233,27.5414455
47.1742149,27.5408698
47.1733954,27.5362076
47.1730697,27.533299
47.1730679,27.5332981
47.1730687,27.5332967
47.1730684,27.5332957
47.1730707,27.5332948
47.1730702,27.5332952
47.1730679,27.5332967
47.1730673,27.5332957
47.1730674,27.5332963
47.1730669,27.5332975
47.1729787,27.5330723
47.1730457,27.5341118
47.1736169,27.5385076
47.1740145,27.5402964
47.1747833,27.542303
47.1747462,27.5457012
47.1745311,27.5498532
47.1742734,27.5525994
47.1738587,27.5583606
47.1733455,27.5608297
47.1724966,27.5659868
47.1708986,27.5711988
47.1689129,27.5783684
47.1677945,27.5810461
47.1673057,27.5830321
47.1663711,27.5870944
47.1660753,27.5887397
47.1644133,27.5911658
47.1627632,27.5943622
47.1618499,27.5949879
47.1607304,27.596606
47.1589168,27.6001537
47.157312,27.6026881
47.1551872,27.6042982
47.1540757,27.6040238
47.1537692,27.601264
47.1512224,27.5971226
47.1501317,27.595679
47.1476709,27.5923835
47.1475191,27.5921639
47.1470702,27.5924135
47.1462953,27.5933419
47.1446057,27.5955055
47.1433383,27.5972288
47.1426154,27.5982828
47.1420906,27.5990509
47.1411769,27.6004232
47.1398605,27.602402
47.1392515,27.6032903
47.1371575,27.6049331
47.1370255,27.6030806
47.1368581,27.6000611
47.1365496,27.5955297
47.1364756,27.5945551
47.1357442,27.5886439
47.1353321,27.5858676
47.1339219,27.5802156
47.1340311,27.5757881
47.1336701,27.5757694
47.133653,27.5754884
47.1336236,27.5754711
47.1336251,27.5754706
47.1336228,27.5754725
47.1336141,27.5754761
47.1336127,27.5754785
47.1335795,27.5755616
47.1338574,27.5747932
47.1340148,27.5759634
47.1349264,27.5820448
47.1355047,27.5868136
47.136252,27.592671
47.1365545,27.596323
47.1369134,27.6012996
47.1371224,27.6039746
47.1371941,27.6053747
47.137193,27.6056018
47.1397776,27.6026038
47.1425172,27.6014604
47.14447,27.6054984
47.1461342,27.6089988
47.1466905,27.6101978
47.1475654,27.606049
47.1478013,27.6046584
47.1479937,27.6031818
47.1520446,27.6034102
47.1525392,27.6031071
47.1525389,27.6031062
47.1529145,27.6032335
47.1529152,27.6032335
47.1530317,27.6020173
47.15272,27.6024547
47.1527226,27.602451
47.1527271,27.6024444
47.1527235,27.6024448
47.1527234,27.6024436
47.1527246,27.6024408
47.152726,27.6024415
47.1527281,27.602453
47.1525159,27.6031044
47.1524941,27.6031205
47.152488,27.603143
47.1524881,27.6031423
47.1524862,27.6031242
47.1525018,27.6031085
47.1525019,27.603109
47.1525019,27.60309
47.1525116,27.6031151
47.1524972,27.6031018
47.1525012,27.6031203
47.1524635,27.6031251
47.1524539,27.603114
47.1524571,27.6031189
47.1524574,27.60312
47.1525621,27.6031429
47.1522,27.6034856
47.1486231,27.6024469
47.1486369,27.6024758
47.1485654,27.5986462
47.1490805,27.5951443
47.1492058,27.5946589
47.1480125,27.5928937
47.1478959,27.5927314
47.1476741,27.5924419
47.1476871,27.5924225
47.147498,27.5921874
47.1466871,27.5928403
47.14639,27.5932872
47.1456638,27.5940455
47.1453415,27.5944422
47.1449353,27.5950591
47.1444403,27.5957172
47.1439457,27.5963682
47.1434474,27.5970549
47.1425051,27.5983985
47.1423061,27.5987239
47.1419827,27.5991349
47.1411794,27.6003614
47.1403541,27.6016801
47.1395339,27.6029311
47.1373521,27.605877
47.1370677,27.6042977
47.1368175,27.5999645
47.1364665,27.5949013
47.136007,27.590621
47.1355086,27.5869416
47.1342778,27.5806985
47.1340336,27.5757081
47.1336426,27.5755172
47.1336333,27.5755254
47.1336316,27.5755249
47.1336313,27.575525
47.1337064,27.5748211
47.1335742,27.5794108
47.1353868,27.5862251
47.1355095,27.5869795
47.1363671,27.5933592
47.1364998,27.5949504
47.1368941,27.600649
47.1371794,27.6050388
47.1371936,27.6054181
47.1384349,27.6045968
47.1414435,27.600121
47.141645,27.5998353
47.1433664,27.5972183
47.1440388,27.5962307
47.1457365,27.5941455
47.1472368,27.5922854
47.1488185,27.5938944
47.1505525,27.5962549
47.1530753,27.599795
47.153899,27.6029528
47.1539128,27.6030706
47.1552161,27.6043029
47.1568032,27.603086
47.1590788,27.5998879
47.1606948,27.5966368
47.1623376,27.594673
47.1641199,27.5920543
47.1650954,27.5908069
47.1658754,27.5893735
47.1662284,27.587697
47.1674984,27.5822334
47.168565,27.5793646
47.1697722,27.5762257
47.1708934,27.5710968
47.1721686,27.566772
47.1725603,27.5628797
47.1736539,27.5588264
47.1739108,27.5567307
47.174398,27.5514923
47.1746069,27.548102
47.1747607,27.5446429
47.1748126,27.5438558
47.1738527,27.5396642
47.1734856,27.5371644
47.1730793,27.5332816
47.1726468,27.5294155
47.1725133,27.5194555
47.1726986,27.5149631
47.1725774,27.5104906
47.1693249,27.5104594
47.1673997,27.5127528
47.1675362,27.5142029
47.1675519,27.5142162
47.1675446,27.5142142
47.1675433,27.5142145
47.1675451,27.5142142
47.1675463,27.5142133
47.1675477,27.5142142
47.1679745,27.5142841
47.1700178,27.5131314
47.1694377,27.5105028
47.1725571,27.5103527
47.1724392,27.5165577
47.1725001,27.5217294
47.172724,27.5312335
47.172971,27.5336071
47.1735845,27.5389623
47.1740116,27.5402912
47.1747887,27.5430876
47.1747105,27.5472278
47.1746056,27.5496362
47.1742153,27.5535079
47.1735077,27.5589761
47.1734532,27.5596544
47.1722852,27.5645562
47.1710156,27.5705818
47.1700737,27.5746019
47.1678622,27.5808159
47.1677731,27.581083
47.1664694,27.5862
47.1660889,27.5883864
47.1646297,27.5910247
47.1641802,27.5917947
47.1619492,27.5949176
47.1606239,27.5968535
47.158822,27.6003551
47.1573733,27.6026535
47.1561739,27.6041116
47.1539113,27.6031941
47.1521264,27.5983838
47.149706,27.594975
47.1467265,27.5927987
47.1457289,27.5939682
47.1420944,27.5990621
47.1411821,27.6004327
47.1387917,27.6040643
47.1376933,27.6057297
47.137075,27.6040429
47.1367878,27.6001254
47.1364732,27.5948448
47.1359284,27.5903359
47.1354512,27.5869669
47.1352555,27.5840155
47.1340561,27.5774412
47.1342597,27.576201
47.1336542,27.5754896
47.1336438,27.5754914
47.1336464,27.5755113
47.1336611,27.5755261
47.1336445,27.5749521
47.1338551,27.5780267
47.1352657,27.5844517
47.1356522,27.5881562
47.136406,27.5939878
47.1368178,27.5997678
47.1371208,27.6045099
47.1371805,27.6052047
47.1377639,27.6056565
47.1414557,27.6001544
47.1418562,27.5995201
47.1436905,27.5967821
47.1440863,27.5961622
47.1454387,27.5944756
47.1470667,27.5924955
47.1483499,27.5933202
47.1502536,27.5958626
47.1530891,27.5997597
47.1538831,27.6032601
47.1537708,27.6036023
47.1560362,27.6039217
47.1576976,27.6022904
47.1590865,27.5998818
47.1609778,27.5961476
47.1627246,27.594401
47.1647548,27.590979
47.1658088,27.5893479
47.1668515,27.58509
47.1676762,27.5814403
47.1684467,27.5795845
47.1693023,27.5771352
47.1709459,27.5710758
47.1724557,27.5659782
47.1732424,27.5609107
47.1736602,27.5588381
47.1739398,27.5568789
47.1584491,27.6015786
47.156619,27.6034161
47.1554337,27.6043345
47.1520841,27.6016039
47.1520841,27.6016052
47.1423697,27.5986897
47.1444764,27.5956845
47.1454081,27.5944526
47.1467477,27.5928852
47.1473329,27.5917024
47.1462338,27.589404
47.1461349,27.5888142
47.1465101,27.5836538
47.1485453,27.5799787
47.1492351,27.5789947
47.1504067,27.5773296
47.1560407,27.5741429
47.1574726,27.5748189
47.1582235,27.5752485
47.1589362,27.5753885
47.1590672,27.5749067
47.1613183,27.5733036
47.1641675,27.5723059
47.1656814,27.5713779
47.1664318,27.570635
47.1674652,27.5686743
47.1677137,27.5681562
47.1710314,27.5615481
47.1717281,27.5599408
47.1730027,27.5544793
47.1733928,27.5524234
47.1734139,27.547461
47.1732315,27.544369
47.1728887,27.5400828
47.172405,27.5374773
47.1724011,27.537509
47.1723999,27.5375271
47.1723974,27.5375597
47.1723913,27.5375609
47.1723923,27.5375665
47.1723966,27.5375614
47.1723161,27.5377999
47.1723136,27.5378075
47.1723148,27.5378075
47.1723156,27.5378073
47.1723154,27.5378068
47.1729011,27.5386533
47.1731904,27.5434943
47.173384,27.5457922
47.1733595,27.5467907
47.1734174,27.5485897
47.1734217,27.5486976
47.1734773,27.5502596
47.1735398,27.5507558
47.1726357,27.5559043
47.1709477,27.5614091
47.1684075,27.5666502
47.167359,27.5686567
47.1667032,27.5699031
47.1648874,27.5717992
47.1617032,27.5732712
47.1593196,27.5737318
47.1551329,27.5736442
47.1513051,27.5759006
47.1502125,27.5774261
47.1488381,27.5793795
47.1469421,27.5823644
47.1461265,27.5843542
47.1460126,27.588457
47.146677,27.5909489
47.1469112,27.5912884
47.1459108,27.5937888
47.1439499,27.5963743
47.1417826,27.5995224
47.1397169,27.6026714
47.1368193,27.606956
47.1344306,27.6105356
47.1303666,27.614143
47.1277061,27.6163266
47.1254209,27.6193462
47.1236324,27.6223783
47.1210122,27.6257405
47.1189445,27.6299279
47.1165048,27.6320705
47.1166465,27.6322061
47.1166584,27.6322013
47.1167003,27.6321271
47.1167029,27.6321247
47.1166638,27.6320984
47.1166608,27.632105
47.1186033,27.630674
47.1207355,27.6261775
47.1232056,27.6232323
47.1253721,27.619405
47.1279912,27.6161267
47.1307128,27.6139168
47.1338398,27.6114611
47.1364109,27.6076097
47.1383091,27.604793
47.1412661,27.6003239
47.1421221,27.5990037
47.1436065,27.596881
47.1453086,27.594702
47.146989,27.592558
47.1472906,27.5921263
47.1464448,27.5904025
47.1461334,27.5889981
47.146112,27.5859875
47.1470114,27.5824338
47.1475762,27.581556
47.1491784,27.5790355
47.1517929,27.5753744
47.156253,27.5742568
47.1584882,27.5754124
47.1612889,27.5733231
47.1623442,27.573264
47.1649346,27.5717722
47.1655829,27.5713301
47.1660658,27.5710722
47.1674152,27.5688483
47.1676592,27.5683026
47.1710802,27.5614673
47.1715568,27.5604295
47.1726552,27.5560531
47.1733194,27.5528537
47.1734177,27.5472979
47.1732319,27.5436324
47.1730407,27.5416924
47.1727428,27.5375536
47.1722518,27.5339262
47.1725851,27.5254834
47.1724824,27.5200978
47.1727557,27.5144519
47.1725719,27.5104843
47.1693023,27.5111827
47.1674863,27.5137913
47.1675199,27.5139243
47.1675205,27.5139245
47.1689957,27.5141034
47.1700824,27.5121443
47.1700312,27.5095041
47.1728309,27.5122645
47.1724249,27.5196184
47.1724632,27.5252095
47.1724062,27.5366032
47.1728825,27.5400995
47.1731966,27.5443823
47.1732332,27.5454413
47.1734539,27.5502886
47.1735403,27.5507733
47.1723202,27.5575832
47.170308,27.562863
47.1681435,27.5671366
47.167365,27.5686278
47.1664542,27.5702617
47.1656881,27.5713019
47.1614202,27.5731877
47.1594672,27.5735217
47.1563339,27.5740809
47.1526243,27.5742299
47.1502185,27.5774344
47.1497118,27.5781467
47.1474677,27.5815634
47.1463282,27.58391
47.1460064,27.5876761
47.1467124,27.5909926
47.1472046,27.5923155
47.1466465,27.5929759
47.1445309,27.595634
47.1431026,27.5976574
47.1411321,27.6005911
47.1383367,27.6047269
47.1358702,27.6083774
47.1344617,27.6105107
47.1303229,27.6141432
47.1279272,27.6161478
47.1260834,27.6182175
47.1239624,27.621877
47.1236217,27.6224328
47.1210653,27.6256554
47.1194525,27.629039
47.1175404,27.6317792
47.1166859,27.6321759
47.1166993,27.6321244
47.118323,27.6311902
47.1205085,27.6265692
47.1233555,27.6230075
47.1245369,27.6210228
47.1278307,27.6162409
47.1303374,27.6141703
47.1308031,27.6137827
47.133192,27.6123134
47.1336477,27.6116942
47.1339984,27.611178
47.1343877,27.6105823
47.1344802,27.6104671
47.13529,27.6092942
47.1359443,27.6083699
47.1369813,27.6067753
47.1406104,27.6014319
47.1418038,27.5996137
47.1424992,27.598547
47.1445203,27.5956342
47.14566,27.5941642
47.1471305,27.5923317
47.1467324,27.5909084
47.1461261,27.5889412
47.1461174,27.5857386
47.1476996,27.5814002
47.1492323,27.5789988
47.1502836,27.5774924
47.1562369,27.5742043
47.1567322,27.5744967
47.1601425,27.5731599
47.1616629,27.5732791
47.1654749,27.5715503
47.1655786,27.5715479
47.1667338,27.5699554
47.1674097,27.5688224
47.1688177,27.5660758
47.1715052,27.5605458
47.1726601,27.5559972
47.173432,27.5526388
47.1733477,27.5465692
47.1732758,27.544717
47.1562955,27.574014
47.1352905,27.6092612
47.1344765,27.6104735
47.1176727,27.6318116
47.1202962,27.6270888
47.1222647,27.624164
47.1247727,27.6204501
47.1279541,27.6161681
47.1305026,27.6140381
47.1324623,27.612978
47.1352668,27.6092996
47.1367402,27.6071281
47.1370375,27.6066729
47.1409379,27.6009259
47.1417787,27.5997344
47.1433322,27.5972251
47.1436005,27.596796
47.1453021,27.59473
47.1457733,27.5941273
47.1475873,27.5922686
47.1498302,27.5953392
47.1519505,27.5981534
47.1539096,27.6023347
47.1537308,27.6034961
47.1554242,27.6042367
47.1567278,27.6031274
47.158788,27.6006884
47.159341,27.5995487
47.1610488,27.5961176
47.1615285,27.5954117
47.1641916,27.5917256
47.1650713,27.5907932
47.1658656,27.589446
47.1659356,27.588811
47.167532,27.582286
47.1675831,27.582097
47.168605,27.5793833
47.1701427,27.5740669
47.1710247,27.5704892
47.1722925,27.5644061
47.1723186,27.5637319
47.1725723,27.5628897
47.1736522,27.5588447
47.1739426,27.5567872
47.1742834,27.5528617
47.174527,27.5495127
47.1747902,27.5448008
47.174864,27.543923
47.1745551,27.5415032
47.1735247,27.5375485
47.1730572,27.5335079
47.1728734,27.5334973
47.1735551,27.5385565
47.1746184,27.5419033
47.1747577,27.5458087
47.1742682,27.5525282
47.1735542,27.5589898
47.1735234,27.5597592
47.1723995,27.5662201
47.1708833,27.571196
47.1692369,27.577474
47.1678947,27.5806995
47.1674385,27.582643
47.1669503,27.5845664
47.1660239,27.5884578
47.1651354,27.5906481
47.1643136,27.5912439
47.1640218,27.5922167
47.1620912,27.5948461
47.1620705,27.5948582
47.1608933,27.5962441
47.1588959,27.6002358
47.156875,27.6031593
47.1560907,27.6040179
47.1553411,27.6043285
47.1539206,27.6032485
47.1525648,27.5989613
47.1507516,27.5964988
47.148283,27.5931825
47.1466339,27.5929917
47.1445917,27.5955352
47.1423813,27.5986801
47.1405408,27.6014723
47.1377551,27.6056126
47.1346612,27.610225
47.1317679,27.6131814
47.1286457,27.6155988
47.1258703,27.6186298
47.1237054,27.6223678
47.1211789,27.6255533
47.1189407,27.6299824
47.1165974,27.6319807
47.1166639,27.6321577
47.116672,27.6321064
47.1166701,27.6321056
47.1166587,27.6321075
47.119133,27.6297339
47.1206095,27.6263735
47.1235353,27.6227272
47.12595,27.6185038
47.1279326,27.6161022
47.1307513,27.6137918
47.1328441,27.6127132
47.1353652,27.6091603
47.1359934,27.6082482
47.1369469,27.6068806
47.1415895,27.6000523
47.143014,27.5977484
47.1447441,27.5952412
47.1459713,27.5940308
47.1471303,27.5923447
47.1480842,27.5929281
47.1499077,27.5953701
47.1520793,27.598274
47.1539183,27.602401
47.1538064,27.6035905
47.1550242,27.6043554
47.1574099,27.602529
47.1593045,27.5996155
47.1613427,27.5956918
47.1622433,27.5947751
47.1639357,27.5923705
47.1649717,27.5908297
47.1658238,27.5894962
47.1664301,27.5870768
47.1673438,27.5829493
47.1673706,27.5827238
47.1677418,27.5812698
47.1685519,27.5794541
47.1685971,27.5793593
47.1709256,27.5710997
47.1722673,27.5665792
47.1722678,27.5639157
47.1731376,27.5612525
47.1739139,27.5568992
47.1743272,27.5523563
47.1745281,27.5502751
47.1746991,27.5469011
47.1747919,27.5449688
47.174843,27.5425773
47.174546,27.5414104
47.1734915,27.537119
47.1730176,27.5333302
47.1729359,27.5335457
47.1736297,27.5389175
47.1748102,27.5429167
47.1748217,27.5445209
47.1746211,27.5488178
47.174278,27.5523856
47.1740033,27.5562862
47.1735145,27.5595574
47.1734429,27.5600955
47.1732333,27.5611137
47.1731587,27.5611117
47.1723655,27.5663545
47.1708746,27.571207
47.1691391,27.5777097
47.1678312,27.5809266
47.1669746,27.5844498
47.1660342,27.5883711
47.1645535,27.5910157
47.1637855,27.592701
47.1628651,27.5941168
47.1612186,27.5957188
47.1589847,27.6000718
47.1571267,27.6029102
47.1556954,27.6044026
47.1550176,27.6043861
47.1539775,27.6025309
47.150884,27.5966953
47.1492455,27.594504
47.1469647,27.5925462
47.1467329,27.5928112
47.1442532,27.5959777
47.1426735,27.5983184
47.1416896,27.5996758
47.1411368,27.6004741
47.1407647,27.6011627
47.1392092,27.6034094
47.1375085,27.6059332
47.1350134,27.6096891
47.1334194,27.6120726
47.1304494,27.6140529
47.1275242,27.6164706
47.1248723,27.6203305
47.1236269,27.6224518
47.1208949,27.6259559
47.1183491,27.631069
47.1164988,27.6321142
47.1166577,27.6321161
47.1166581,27.632086
47.1171244,27.6319114
47.1199929,27.6278928
47.1224173,27.6239908
47.1244775,27.6209998
47.1271393,27.6168453
47.1299937,27.6144878
47.1315066,27.6133749
47.1337118,27.6116408
47.1340639,27.6111183
47.1345808,27.6103586
47.1349283,27.6098284
47.1354909,27.6090013
47.1371963,27.6064685
47.1413253,27.6003918
47.141952,27.5993737
47.1436267,27.5968774
47.1453577,27.594594
47.1481809,27.5930593
47.149957,27.5955197
47.1521215,27.5984362
47.1538971,27.6025642
47.1539243,27.6040786
47.1567458,27.6032006
47.1587756,27.6010735
47.1591506,27.5997943
47.1609966,27.5960634
47.1631361,27.5938045
47.1640383,27.592232
47.1649477,27.5907957
47.1658349,27.5893918
47.1661741,27.5879478
47.1675033,27.5825444
47.1674496,27.5825221
47.1685992,27.5793975
47.169985,27.5748996
47.1709971,27.5705745
47.1722664,27.5638807
47.1736657,27.5589013
47.1740612,27.555871
47.1745642,27.5503201
47.174622,27.5480178
47.1746945,27.5457425
47.1748751,27.5439597
47.1748035,27.5427499
47.173516,27.5373251
47.1730994,27.5340434
47.1730308,27.5332669
47.1730447,27.5344781
47.1738152,27.539667
47.1746968,27.5420975
47.1746327,27.5473579
47.174375,27.551476
47.1739151,27.5567753
47.1736087,27.5589658
47.1734414,27.5600946
47.1729151,27.5620398
47.1726519,27.5628153
47.1709537,27.5709969
47.1698941,27.5759705
47.1678108,27.5809486
47.1671566,27.5837431
47.1661346,27.5884188
47.1648728,27.5908371
47.1640206,27.592149
47.1621228,27.594813
47.1614797,27.5954386
47.1608422,27.5963898
47.1589564,27.6000657
47.1570022,27.6030031
47.1560876,27.6039517
47.1553607,27.6042973
47.1539156,27.6032345
47.1516312,27.5976257
47.1496908,27.5950819
47.1469444,27.5925448
47.146141,27.5935701
47.1435217,27.5969427
47.1421909,27.5988707
47.1403591,27.6016756
47.1393706,27.603139
47.1377398,27.605603
47.1346616,27.61016
47.1315012,27.6132617
47.1289539,27.6153518
47.1267855,27.6171275
47.1236601,27.6223983
47.1218425,27.6246826
47.1193589,27.6291704
47.1176259,27.6317426
47.1166116,27.6321875
47.1169087,27.6320202
47.1169068,27.6320199
47.1169064,27.6320214
47.1192341,27.6295028
47.1210386,27.6257686
47.1241758,27.6215659
47.1248791,27.6203372
47.127993,27.6161057
47.1306821,27.6138941
47.1340383,27.6111628
47.1364796,27.6074996
47.1385926,27.604378
47.1418649,27.5995262
47.1437028,27.5967819
47.1445755,27.5955618
47.1457115,27.594159
47.1470244,27.5926394
47.1488156,27.593779
47.1500372,27.5954036
47.1523201,27.5985083
47.1539481,27.6029341
47.1538888,27.6031465
47.1553353,27.6043087
47.1569606,27.6029241
47.1590639,27.5999359
47.1610272,27.5960838
47.1615529,27.5953722
47.1635756,27.5930783
47.1658144,27.589559
47.1666072,27.5861552
47.1676849,27.5814799
47.1685519,27.5794253
47.1696013,27.5765302
47.1709079,27.5710377
47.1723518,27.5663994
47.1724968,27.5632128
47.1736425,27.558849
47.1743496,27.5521097
47.1745047,27.5506626
47.1746568,27.5472048
47.1748596,27.5439514
47.1737139,27.538941
47.1731834,27.5345252
47.1730502,27.5333589
47.1729001,27.533456
47.1735131,27.5379185
47.173695,27.5390306
47.1748061,27.5428323
47.1747591,27.5462582
47.1742159,27.5524277
47.173529,27.5588939
47.1734882,27.5595823
47.1723034,27.564456
47.1709385,27.5710183
47.1698551,27.5761153
47.167852,27.5809212
47.1666924,27.5856578
47.1656642,27.5898594
47.164542,27.5911197
47.1623706,27.5946398
47.160643,27.5967943
47.158947,27.6001769
47.1565737,27.6034529
47.1553867,27.6043171
47.153931,27.6039959
47.1531898,27.5998243
47.1507078,27.596425
47.1495543,27.5948595
47.1469746,27.5925222
47.145635,27.5940942
47.1418482,27.5993638
47.141482,27.5999723
47.1399697,27.6022486
47.1368698,27.6068497
47.1345967,27.6102429
47.1320086,27.6130734
47.1290803,27.6151915
47.1261667,27.6180255
47.1241441,27.6215583
47.1216971,27.6247764
47.1190995,27.629597
47.1167141,27.6319545
47.1166429,27.6321463
47.1166438,27.6321339
47.1166446,27.6321224
47.1166355,27.6320955
47.1166356,27.6320917
47.1166328,27.6320676
47.1166165,27.6320842
47.1166212,27.6320576
47.1166214,27.6320593
47.1166346,27.6320664
47.1167989,27.6320025
47.119164,27.6297066
47.1210622,27.6256952
47.1244932,27.6210567
47.1527009,27.6028564
47.152701,27.6028558
47.1527005,27.6028562
47.1527002,27.6028561
47.1527214,27.6028337
47.1527222,27.6028268
47.1527268,27.6027938
47.1527259,27.6027943
47.1527231,27.6027951
47.1527219,27.6027964
47.1527219,27.6027976
47.1526988,27.6028322
47.1526992,27.6028322
47.1526975,27.602832
47.1526968,27.602839
47.1527007,27.6028699
47.1526877,27.6028793
47.1526974,27.6028984
47.1526721,27.6028716
47.1526758,27.6028908
47.1526623,27.6028934
47.1526836,27.6028751
47.1526822,27.6028731
47.15268,27.6028773
47.1526638,27.602822
47.152661,27.6028237
47.1525948,27.6028775
47.152574,27.602897
47.1526283,27.6029261
47.1526365,27.6029033
47.1526044,27.6029446
47.1526038,27.6029443
47.1526031,27.6029452
47.1526034,27.6029513
47.1526028,27.6029515
47.152602,27.6029512
47.1526021,27.6029512
47.1526005,27.6029506
47.1525781,27.602953
47.1525781,27.6029529
47.152578,27.6029521
47.1525777,27.6029506
47.1525774,27.6029482
47.1525785,27.6029426
47.152578,27.6029409
47.1525779,27.6029402
47.1525775,27.6029403
47.1525788,27.6029376
47.1525798,27.6029365
47.1525813,27.6029339
47.1525835,27.6029305
47.1525836,27.6029307
47.1525838,27.6029301
47.1525839,27.60293
47.1525849,27.6029289
47.1525851,27.6029287
47.1525856,27.6029289
47.1525862,27.6029277
47.1525867,27.6029266
47.1525874,27.6029259
47.1525884,27.6029252
47.1525887,27.6029263
47.1525895,27.6029255
47.1525903,27.6029254
47.152591,27.6029259
47.1525917,27.6029266
47.1525922,27.6029278
47.1525937,27.6029262
47.1525954,27.6029245
47.1525961,27.6029242
47.1525977,27.6029236
47.1525986,27.6029242
47.152599,27.6029239
47.1526015,27.6029205
47.1526022,27.602921
47.1526029,27.6029216
47.1526039,27.6029207
47.1526047,27.6029202
47.1526051,27.6029204
47.1526057,27.602919
47.1526064,27.6029176
47.1526068,27.6029178
47.152607,27.6029169
47.1526077,27.6029151
47.1526083,27.6029135
47.1526086,27.6029124
47.1526088,27.6029123
47.1526084,27.6029126
47.1526082,27.602912
47.1526085,27.6029118
47.1526084,27.6029118
47.1526088,27.6029119
47.152609,27.6029132
47.1526087,27.6029134
47.1526088,27.6029117
47.152609,27.6029122
47.1526085,27.6029114
47.1526079,27.6029099
47.152608,27.60291
47.1526073,27.6029094
47.1526074,27.6029082
47.1526075,27.6029072
47.1526064,27.602906
47.1526056,27.602905
47.1526045,27.6029059
47.1526042,27.6029054
47.1526044,27.6029039
47.1526046,27.6029025
47.1526038,27.6029017
47.1526035,27.6029006
47.1526038,27.6029005
47.1526032,27.6029018
47.1526026,27.6029017
47.1526025,27.6029014
47.1526023,27.6029008
47.1526022,27.6029011
47.1526028,27.6028994
47.1526036,27.602898
47.1526036,27.6028977
47.1526035,27.602897
47.1526037,27.6028956
47.1526039,27.6028955
47.1526046,27.6028937
47.152605,27.6028929
47.1526052,27.6028921
47.1526052,27.6028923
47.1526053,27.6028922
47.1526058,27.6028919
47.1526058,27.6028914
47.1526055,27.6028915
47.1526919,27.6028517
47.1526053,27.6028906
47.1526052,27.6028901
47.1526049,27.6028899
47.1526049,27.6028898
47.1526053,27.6028885
47.1526057,27.602888
47.1526061,27.6028875
47.1526062,27.6028867
47.152607,27.602886
47.1526072,27.6028856
47.1526073,27.6028856
47.1526076,27.6028852
47.152608,27.6028847
47.1526079,27.6028838
47.1526073,27.6028833
47.1526069,27.6028832
47.1526072,27.6028825
47.1526072,27.6028829
47.1526189,27.6028818
47.1526311,27.6028871
47.152628,27.602891
47.1526281,27.602891
47.1526283,27.6028901
47.1526282,27.6028885
47.1526286,27.6028877
47.1526287,27.6028866
47.1526283,27.602887
47.1526274,27.6028879
47.1526263,27.6028888
47.1526283,27.6028861
47.1526289,27.6028837
47.1526292,27.6028826
47.1526301,27.6028821
47.1526305,27.6028815
47.152631,27.6028812
47.1526308,27.6028808
47.1526315,27.6028812
47.1526327,27.6028799
47.1526322,27.602881
47.1526317,27.602882
47.1526309,27.6028842
47.15263,27.6028875
47.1526297,27.6028885
47.1526299,27.6028893
47.1526296,27.6028917
47.1526291,27.6028931
47.1526284,27.6028939
47.1526271,27.6028956
47.1526289,27.6028935
47.1526313,27.6028904
47.1526324,27.6028896
47.1526324,27.6028909
47.1526324,27.6028916
47.1526318,27.602893
47.1526315,27.6028936
47.1526315,27.6028945
47.1526303,27.6028963
47.1526289,27.6028991
47.1526285,27.6029009
47.1526274,27.6029032
47.1526278,27.6029027
47.1526272,27.6029033
47.1526266,27.6029032
47.1526264,27.6029035
47.1526264,27.6029027
47.1526263,27.6029015
47.1526266,27.6029009
47.1526262,27.6029014
47.1526251,27.6029019
47.1526249,27.6029017
47.1526248,27.6029014
47.1526247,27.6029016
47.1526237,27.6029019
47.1526233,27.6028996
47.152624,27.6028965
47.1526034,27.6028355
47.1526051,27.6028394
47.1526459,27.6028493
47.1526458,27.6028517
47.152646,27.6028504
47.1526456,27.6028511
47.1526446,27.602853
47.1526441,27.602855
47.1526431,27.6028552
47.1526421,27.6028554
47.1526415,27.6028568
47.1526436,27.602858
47.152643,27.6028596
47.152642,27.6028609
47.1526408,27.6028608
47.1526408,27.6028609
47.1526405,27.6028614
47.1526404,27.6028628
47.1526405,27.6028632
47.1526391,27.6028664
47.1526382,27.6028683
47.1526372,27.6028708
47.1526365,27.6028735
47.1526371,27.6028748
47.1526382,27.6028755
47.1526388,27.6028747
47.1526405,27.6028743
47.1526402,27.6028755
47.152639,27.6028769
47.1526379,27.6028781
47.1526386,27.6028787
47.1526387,27.60288
47.1526382,27.602881
47.1526382,27.6028818
47.152637,27.6028825
47.1526368,27.6028837
47.1526368,27.6028841
47.1526368,27.6028845
47.1526365,27.6028854
47.1526367,27.6028858
47.152637,27.6028856
47.1526373,27.6028849
47.1526382,27.6028836
47.1526382,27.6028836
47.1526381,27.6028831
47.1526387,27.6028813
47.1526387,27.602881
47.1526391,27.6028802
47.1526388,27.6028794
47.152638,27.6028789
47.1526382,27.6028782
47.1526375,27.6028789
47.1526375,27.6028793
47.1526376,27.6028792
47.1526377,27.6028793
47.1526393,27.6028763
47.1526382,27.6028772
47.1526372,27.6028779
47.1526356,27.6028799
47.1526367,27.6028812
47.1526345,27.6028813
47.1526387,27.6028774
47.1526386,27.6028767
47.1526403,27.6028794
47.1526394,27.6028828
47.152639,27.6028834
47.1526396,27.6028839
47.1526394,27.6028853
47.1526388,27.6028865
47.1526391,27.6028875
47.1526401,27.6028889
47.1526396,27.6028897
47.1526404,27.6028903
47.1526408,27.602892
47.1526414,27.6028939
47.1526425,27.6028951
47.1526449,27.6028952
47.1526823,27.602812
47.1526828,27.6028138
47.1526874,27.6028162
47.1526881,27.6028197
47.1526885,27.6028232
47.1526881,27.6028247
47.1526869,27.60283
47.1526872,27.6028306
47.1526875,27.6028317
47.1526879,27.6028343
47.1526886,27.602835
47.1526884,27.6028385
47.1526885,27.6028417
47.1526886,27.6028423
47.1526888,27.602843
47.1526878,27.6028468
47.1526877,27.6028499
47.1526867,27.6028533
47.1526867,27.6028553
47.1526855,27.6028584
47.1526853,27.6028593
47.1526856,27.60286
47.1526829,27.6028677
47.1526811,27.6028684
47.1526807,27.6028689
47.1526798,27.602869
47.1526788,27.6028692
47.1526707,27.6028684
47.1526704,27.6028675
47.1526692,27.602866
47.1526694,27.6028662
47.152668,27.6028685
47.152667,27.6028677
47.1526652,27.60287
47.1526633,27.6028715
47.1526614,27.6028748
47.1526596,27.6028777
47.1526578,27.60288
47.152656,27.6028816
47.1526556,27.6028838
47.1526548,27.6028836
47.1526539,27.602884
47.1526528,27.6028827
47.1526521,27.6028813
47.1526523,27.6028798
47.1526519,27.6028786
47.1526519,27.6028787
47.1526517,27.6028795
47.1526511,27.6028806
47.1526504,27.6028819
47.1526493,27.6028825
47.1526483,27.6028815
47.1526478,27.6028807
47.1526472,27.6028769
47.1526464,27.6028733
47.1526463,27.6028711
47.1526459,27.6028696
47.1526443,27.6028692
47.1526434,27.602869
47.1526431,27.6028691
47.1526432,27.6028709
47.152644,27.6028731
47.1526442,27.6028738
47.1526442,27.6028749
47.1526444,27.6028759
47.1526447,27.6028765
47.1526451,27.6028773
47.1526458,27.6028773
47.1526457,27.6028775
47.1526452,27.6028771
47.1526449,27.6028764
47.1526449,27.6028757
47.152645,27.602877
47.1526448,27.6028768
47.1526452,27.6028764
47.1526446,27.6028757
47.1526453,27.6028753
47.152645,27.602875
47.1526448,27.6028752
47.152645,27.6028751
47.1526448,27.6028757
47.1526442,27.6028747
47.1526442,27.6028742
47.1526443,27.6028731
47.1526441,27.6028728
47.152644,27.6028726
47.1526438,27.6028718
47.1526433,27.6028713
47.1526431,27.6028711
47.1526431,27.6028719
47.1526424,27.602873
47.1526419,27.6028732
47.1526415,27.602874
47.1526413,27.6028735
47.1526414,27.6028738
47.1526411,27.6028747
47.1526407,27.602875
47.1526402,27.6028748
47.1526396,27.6028749
47.1526394,27.6028741
47.1526392,27.6028739
47.1526396,27.6028739
47.1526396,27.6028736
47.1526392,27.6028731
47.1526387,27.6028726
47.1526389,27.6028722
47.1526388,27.6028718
47.1526384,27.602871
47.1526377,27.602871
47.1526371,27.6028708
47.1526368,27.6028715
47.1526365,27.6028717
47.1526368,27.6028717
47.1526369,27.6028715
47.1526365,27.6028718
47.1526362,27.6028721
47.1526362,27.6028719
47.1526362,27.6028727
47.1526364,27.602873
47.1526364,27.6028732
47.1526361,27.6028725
47.1526355,27.6028719
47.1526348,27.6028714
47.1526348,27.6028711
47.1526349,27.6028702
47.1526344,27.6028701
47.1526341,27.6028703
47.1526342,27.602871
47.1526335,27.6028709
47.1526331,27.6028703
47.1526325,27.6028703
47.1526327,27.6028703
47.1526324,27.6028705
47.1526327,27.6028712
47.1526328,27.6028713
47.1526327,27.6028718
47.1526329,27.6028719
47.1526331,27.6028716
47.1526331,27.6028714
47.1526331,27.6028706
47.1526327,27.6028701
47.1526324,27.6028702
47.1526319,27.6028703
47.1526315,27.60287
47.1526308,27.6028702
47.152631,27.6028705
47.1526308,27.6028708
47.152631,27.6028718
47.1526308,27.602872
47.1526306,27.6028734
47.1526299,27.6028737
47.1526298,27.6028738
47.1526296,27.6028742
47.1526289,27.602875
47.1526287,27.6028754
47.1526286,27.6028755
47.1526285,27.6028759
47.1526283,27.602876
47.152676,27.6021641
47.1525252,27.6021215
47.1525281,27.6021187
47.1525278,27.6021179
47.1525273,27.6021164
47.1525295,27.6021146
47.1525285,27.6021125
47.1525283,27.6021099
47.1525285,27.6021097
47.1525271,27.6021101
47.1525256,27.6021098
47.1525235,27.6021097
47.152522,27.6021095
47.1525213,27.6021093
47.1525204,27.6021084
47.1525197,27.602107
47.1525184,27.6021066
47.152517,27.6021067
47.1525153,27.6021077
47.1525152,27.6021078
47.1525149,27.6021079
47.1525165,27.6021073
47.1525173,27.6021076
47.1525163,27.6021074
47.152515,27.6021078
47.1525143,27.6021079
47.1525143,27.602108
47.1525137,27.602109
47.1525128,27.6021092
47.1525125,27.6021092
47.1525107,27.6021086
47.1525096,27.6021083
47.1525095,27.6021087
47.1525102,27.6021077
47.1525097,27.6021067
47.1525096,27.6021057
47.1525091,27.602105
47.1525087,27.6021045
47.1525084,27.6021036
