47.1525067,27.6019856
47.1525068,27.6019855
47.1525069,27.6019851
47.1525068,27.6019849
47.1525076,27.6019837
47.1525083,27.6019837
47.1525088,27.601984
47.1525088,27.6019836
47.1525087,27.6019838
47.1525087,27.6019825
47.1525093,27.6019819
47.1525097,27.6019819
47.1525099,27.6019811
47.1525102,27.6019804
47.1525309,27.6019163
47.1525868,27.6019884
47.152572,27.6019811
47.1525341,27.6019761
47.1525359,27.601973
47.1525386,27.6019695
47.152541,27.6019672
47.1525443,27.6019639
47.1525476,27.601962
47.1525494,27.6019622
47.1525509,27.6019608
47.1525513,27.6019609
47.152551,27.6019616
47.1525511,27.6019621
47.1525509,27.6019626
47.1525502,27.6019631
47.1525496,27.6019643
47.1525497,27.6019645
47.1525494,27.601964
47.1525489,27.6019643
47.152547,27.6019658
47.1525463,27.6019647
47.1525451,27.6019644
47.1525439,27.6019642
47.1525429,27.6019646
47.1525423,27.6019665
47.1525413,27.6019677
47.1525409,27.6019674
47.1525402,27.6019667
47.1525398,27.6019665
47.1525392,27.6019666
47.1525388,27.6019666
47.1525384,27.6019666
47.1525383,27.6019672
47.1525381,27.6019689
47.1525982,27.6020935
47.152538,27.6019721
47.1525376,27.6019725
47.1525371,27.6019723
47.1525363,27.6019716
47.1525361,27.6019704
47.1525352,27.6019691
47.1525342,27.6019675
47.1525331,27.6019662
47.1525319,27.6019651
47.1525307,27.6019646
47.15253,27.6019645
47.1525292,27.6019644
47.1525281,27.601964
47.1525284,27.6019615
47.1525283,27.6019612
47.1525277,27.6019609
47.1525273,27.6019596
47.1525269,27.6019594
47.1525267,27.6019597
47.1525267,27.6019594
47.1525262,27.601959
47.1525254,27.6019587
47.1525246,27.6019576
47.1525239,27.6019569
47.1525232,27.6019569
47.1525224,27.6019573
47.1525215,27.6019578
47.1525205,27.6019583
47.1525199,27.6019588
47.1525201,27.6019591
47.1525197,27.6019593
47.1525196,27.6019594
47.1525192,27.6019592
47.1525184,27.6019589
47.1525176,27.6019586
47.1525169,27.6019592
47.152516,27.6019591
47.1525158,27.6019595
47.1525157,27.6019596
47.1525154,27.6019601
47.152515,27.6019605
47.1525144,27.6019608
47.152514,27.601961
47.1525132,27.6019613
47.1525126,27.6019613
47.1525118,27.6019611
47.1525116,27.6019612
47.1525114,27.6019615
47.152511,27.6019617
47.1524914,27.6019766
47.1524915,27.6019774
47.1524915,27.6019775
47.1524909,27.6019769
47.1524903,27.6019765
47.1524902,27.6019763
47.1524897,27.6019763
47.1524897,27.6019763
47.1524894,27.6019766
47.1524886,27.601977
47.1524882,27.6019771
47.1524877,27.6019766
47.152488,27.6019768
47.1524883,27.6019774
47.1524884,27.6019776
47.1524879,27.6019779
47.1524877,27.6019787
47.1524877,27.6019791
47.1524881,27.6019798
47.1524884,27.60198
47.1524888,27.6019803
47.1524885,27.6019803
47.1524888,27.6019809
47.1524894,27.6019814
47.1524891,27.6019817
47.152489,27.6019822
47.1524886,27.6019827
47.1524878,27.6019828
47.1524873,27.6019825
47.1524868,27.6019818
47.1524867,27.6019807
47.1524863,27.6019798
47.152486,27.6019793
47.1524859,27.6019793
47.1524854,27.601979
47.152485,27.6019787
47.1524851,27.6019787
47.1524853,27.6019781
47.1524857,27.6019774
47.1524863,27.6019764
47.152487,27.6019754
47.1524869,27.6019746
47.152487,27.6019745
47.1524866,27.6019738
47.152486,27.6019732
47.1524856,27.6019729
47.1524854,27.6019728
47.152485,27.6019728
47.1524843,27.6019725
47.152484,27.6019723
47.152484,27.6019718
47.152484,27.6019711
47.1524842,27.6019706
47.1524847,27.60197
47.152485,27.6019698
47.1524854,27.6019698
47.1524855,27.6019697
47.1524857,27.6019703
47.1524858,27.6019707
47.1524861,27.6019712
47.1524863,27.6019716
47.1524866,27.6019716
47.1524866,27.601972
47.1524865,27.6019723
47.1524867,27.601973
47.1524868,27.6019731
47.1524869,27.601973
47.1524872,27.601973
47.1524871,27.6019727
47.1524871,27.6019724
47.152487,27.6019722
47.1524868,27.6019718
47.1524867,27.601972
47.1524871,27.6019731
47.1524877,27.6019738
47.1524882,27.6019743
47.1524882,27.6019742
47.152488,27.6019737
47.152488,27.6019733
47.1524877,27.6019732
47.1524877,27.6019732
47.1524873,27.6019735
47.1524872,27.601974
47.1524869,27.6019744
47.1524865,27.6019745
47.1524862,27.6019747
47.1524864,27.6019754
47.1524866,27.6019756
47.1524868,27.6019755
47.1524866,27.6019752
47.1524865,27.6019748
47.1524868,27.6019746
47.1524869,27.6019747
47.1524872,27.6019747
47.1524919,27.6019753
47.1524924,27.601975
47.1524928,27.6019747
47.1524927,27.6019746
47.1524926,27.6019744
47.1524927,27.6019743
47.1524925,27.6019742
47.1524924,27.601974
47.1524922,27.6019737
47.152492,27.6019733
47.1524918,27.6019728
47.1524917,27.6019727
47.1524915,27.6019723
47.1524912,27.6019719
47.1524907,27.6019715
47.1524904,27.6019713
47.1524901,27.6019711
47.15249,27.6019713
47.1524902,27.6019716
47.1524903,27.6019718
47.1524902,27.6019716
47.1524901,27.6019716
47.1524898,27.6019714
47.1524896,27.6019712
47.1524893,27.6019708
47.1524893,27.6019706
47.1524891,27.6019706
47.152489,27.6019708
47.152489,27.6019708
47.152489,27.6019705
47.1524887,27.6019701
47.1524886,27.6019699
47.1524882,27.6019696
47.1524879,27.6019692
47.1524876,27.6019688
47.1524875,27.6019686
47.1524871,27.6019684
47.1524871,27.6019683
47.1524872,27.6019683
47.1524871,27.6019683
47.1524869,27.6019677
47.1524868,27.6019674
47.1524866,27.6019673
47.1524866,27.6019671
47.1524865,27.601967
47.1524864,27.6019668
47.1524863,27.6019669
47.1524861,27.6019671
47.1524858,27.6019671
47.1524857,27.6019669
47.1524856,27.6019669
47.1524855,27.6019667
47.1524854,27.6019664
47.1524851,27.6019661
47.1524849,27.6019659
47.1524845,27.6019657
47.1524845,27.6019656
47.1524843,27.6019656
47.1524842,27.6019655
47.152484,27.6019653
47.1524837,27.6019651
47.1524835,27.601965
47.1524835,27.601965
47.1524833,27.6019648
47.1524831,27.6019644
47.1524829,27.6019641
47.1524826,27.6019641
47.1524825,27.601964
47.1524825,27.6019638
47.1524825,27.6019635
47.1524825,27.6019632
47.1524823,27.6019631
47.1524819,27.6019626
47.1524818,27.6019624
47.1524817,27.6019621
47.1524816,27.6019618
47.1524816,27.6019617
47.1524817,27.6019619
47.1524818,27.6019618
47.1524817,27.6019615
47.1524815,27.6019614
47.1524814,27.6019612
47.1524814,27.601961
47.1524814,27.6019608
47.1524813,27.6019605
47.1524812,27.6019605
47.1524809,27.6019602
47.1524807,27.6019599
47.1524805,27.6019598
47.1524806,27.6019599
47.1524807,27.60196
47.1524808,27.6019602
47.1524808,27.60196
47.1524807,27.6019599
47.1524807,27.6019598
47.1524807,27.6019596
47.1524807,27.6019594
47.1524808,27.6019594
47.1524809,27.6019592
47.1524808,27.6019592
47.1524807,27.6019591
47.1524806,27.6019588
47.1524805,27.6019586
47.1524802,27.6019574
47.1524923,27.6019447
47.1524823,27.6019356
47.1524934,27.6019488
47.1524931,27.6019484
47.1524929,27.601949
47.1524897,27.6019491
47.1524886,27.6019487
47.1524882,27.6019481
47.1524896,27.6019469
47.1524907,27.6019469
47.1524903,27.6019472
47.1524907,27.6019478
47.1524912,27.6019479
47.1524904,27.6019481
47.1524908,27.6019492
47.1524918,27.6019489
47.1524929,27.6019478
47.1524932,27.6019468
47.1525054,27.601319
47.1525055,27.6013215
47.1524976,27.6013238
47.152481,27.6013084
47.1524853,27.6013172
47.1732917,27.5453127
47.1735329,27.5495373
47.1735902,27.5503534
47.1728363,27.5553978
47.1710022,27.5614321
47.1680519,27.5673543
47.1676918,27.5680286
47.1664244,27.5703673
47.1663108,27.5705502
47.1641898,27.5722124
47.1613487,27.5733075
47.1583403,27.5749718
47.1563022,27.5742026
47.1542452,27.5735703
47.1512978,27.5759647
47.1498619,27.5778658
47.1469482,27.5823585
47.146355,27.5837422
47.1462282,27.5900446
47.1468037,27.5912077
47.1472134,27.5923023
47.1453567,27.5944581
47.1412374,27.6005817
47.1387736,27.604075
47.1378668,27.6054274
47.1352953,27.6092063
47.1333634,27.6120734
47.1298059,27.6145953
47.1258693,27.6186216
47.1236824,27.6223945
47.1211132,27.6256468
47.1186037,27.6305208
47.1164801,27.6320447
47.1167103,27.6321113
47.1167097,27.6320978
47.1167104,27.6320946
47.11671,27.6320908
47.1167104,27.6320897
47.1167099,27.6320864
47.1167096,27.6320851
47.1167099,27.6320847
47.1167097,27.6320829
47.1192106,27.6295722
47.1211076,27.6256425
47.1239071,27.6220223
47.1261789,27.6180896
47.1289459,27.6152482
47.1320738,27.6131006
47.134365,27.610562
47.1350411,27.6096395
47.1359283,27.6083528
47.13639,27.6076621
47.1394211,27.603168
47.1421084,27.5991413
47.1437596,27.5967395
47.1450449,27.5949636
47.1459432,27.5940821
47.1474019,27.5920358
47.1462287,27.5897113
47.1461196,27.5893218
47.146251,27.5843629
47.1473384,27.5818648
47.1492092,27.5790022
47.15028,27.5775169
47.1562076,27.5741469
47.1565838,27.5743563
47.1602376,27.5731558
47.1624453,27.573195
47.1641949,27.5721579
47.1653018,27.5714126
47.1656888,27.5712863
47.1662894,27.5707511
47.1672315,27.569047
47.1703896,27.5628988
47.171448,27.5605616
47.1726818,27.5558214
47.1732167,27.5532376
47.1734052,27.5522842
47.1733799,27.5467937
47.1731987,27.5438841
47.1732034,27.5436978
47.1731355,27.5426479
47.1730359,27.5421843
47.1729426,27.5410187
47.1729031,27.5402246
47.1722473,27.5375821
47.1722471,27.5375816
47.172248,27.537583
47.1722491,27.5375837
47.1722501,27.5375855
47.1722511,27.537588
47.1722385,27.5376478
47.1722467,27.5376612
47.1723176,27.5376949
47.1722751,27.5378122
47.1721699,27.537844
47.1723556,27.5377559
47.1723599,27.5377581
47.1723626,27.5377595
47.1723632,27.5377625
47.1723652,27.5377632
47.1723654,27.5377642
47.1724252,27.5377939
47.1723918,27.5378003
47.1724065,27.5378132
47.1723967,27.5378455
47.1723943,27.5378239
47.1723887,27.5378295
47.1723939,27.5378217
47.1723929,27.5378226
47.1723901,27.537817
47.1723882,27.5378154
47.1723877,27.5378148
47.1723881,27.5378137
47.1725735,27.5379937
47.1732317,27.5434068
47.1734239,27.545612
47.173545,27.5488702
47.1735514,27.5517494
47.1726331,27.5558474
47.1709652,27.5614455
47.1681615,27.5669798
47.1672848,27.5686524
47.1663649,27.5704273
47.1656776,27.5713436
47.1620166,27.573285
47.1590501,27.5741434
47.1563272,27.574094
47.1526087,27.5742843
47.1498783,27.5778199
47.1475609,27.5814282
47.1461179,27.5845236
47.1466423,27.5910337
47.1473232,27.5921063
47.1463744,27.5933084
47.143586,27.5968548
47.1419074,27.5993549
47.1411664,27.6005237
47.1402571,27.6018355
47.1394638,27.602984
47.1368066,27.6069732
47.1344996,27.6103568
47.1302622,27.6141366
47.1279067,27.6162196
47.1262103,27.618012
47.1236906,27.6223988
47.1211118,27.6257135
47.1189017,27.6301255
47.1165626,27.6320615
47.1167483,27.6321094
47.1167433,27.6320988
47.1167428,27.632097
47.1167421,27.6320943
47.1167411,27.6320919
47.1167387,27.6320916
47.1167382,27.6320894
47.1167276,27.632032
47.1166865,27.632009
47.116701,27.6320235
47.1167045,27.6320261
47.1184276,27.6309416
47.1203073,27.6269924
47.1228958,27.6234924
47.125512,27.619164
47.127814,27.616161
47.1306234,27.6138292
47.1331416,27.6123479
47.1341733,27.6107746
47.1344397,27.6104865
47.1344217,27.6104399
47.1346436,27.6102155
47.134972,27.6097597
47.1353184,27.6091981
47.1357689,27.6085699
47.136644,27.607267
47.1409196,27.6008653
47.1425301,27.5983735
47.1452652,27.5946726
47.1463194,27.5933115
47.147012,27.5923052
47.1466191,27.5907001
47.1460725,27.5875503
47.1460886,27.5850544
47.147375,27.58176
47.1489607,27.5791926
47.1509809,27.5764476
47.1549449,27.5735376
47.1566697,27.5743581
47.1599757,27.5731803
47.1618755,27.573288
47.1644746,27.5720684
47.1656023,27.571564
47.1661749,27.5710669
47.1673439,27.5687148
47.1675217,27.5684351
47.1715321,27.5603619
47.1726547,27.555889
47.173508,27.5518793
47.1735007,27.5517623
47.1733086,27.5470789
47.1731436,27.5439079
47.1730659,27.5428919
47.1729849,27.5422017
47.1729527,27.5414502
47.1728308,27.5394084
47.1722883,27.5376928
47.1722909,27.5376931
47.1722946,27.5376942
47.1722989,27.5376931
47.1724181,27.5378046
47.1724427,27.5377994
47.1724235,27.537825
47.1730653,27.540508
47.1733164,27.5437581
47.1734917,27.5469256
47.173644,27.5497581
47.1728435,27.5554023
47.171115,27.5613854
47.168306,27.5671164
47.1668004,27.5700266
47.1233168,27.6230119
47.1521595,27.6034027
47.1523755,27.6030117
47.1523292,27.602476
47.1523254,27.6024756
47.1523259,27.6024745
47.1523278,27.6024721
47.1523281,27.6024727
47.1523272,27.602473
47.152326,27.6024722
47.1523246,27.6024694
47.1523218,27.6024659
47.1523202,27.6024629
47.1523202,27.6024617
47.1523204,27.6024603
47.1523206,27.6024597
47.1523198,27.6024601
47.1523175,27.602459
47.152315,27.6024582
47.1523158,27.6024594
47.1523144,27.6024585
47.1523141,27.6024575
47.1523151,27.6024577
47.1523153,27.6024582
47.1523169,27.6024585
47.1523159,27.6024576
47.1523161,27.6024579
47.1523165,27.6024566
47.1523164,27.602457
47.1523176,27.6024571
47.1523178,27.6024576
47.1523181,27.602458
47.1523179,27.6024582
47.1523177,27.6024588
47.1523176,27.60246
47.1523173,27.6024611
47.1523157,27.6024614
47.1523145,27.6024619
47.152314,27.6024628
47.1523145,27.6024637
47.1523145,27.602464
47.1523219,27.6024421
47.1523228,27.6024423
47.152324,27.6024431
47.1523245,27.6024442
47.1523256,27.6024456
47.1523267,27.6024468
47.1523268,27.6024476
47.1523263,27.6024483
47.1523272,27.6024478
47.1523276,27.6024488
47.1523291,27.6024487
47.1523296,27.6024494
47.1523745,27.6024818
47.1523314,27.6024551
47.1523302,27.6024547
47.15233,27.6024551
47.1523302,27.6024556
47.1523298,27.6024557
47.15233,27.6024558
47.1523294,27.6024569
47.1523275,27.6024568
47.152326,27.6024567
47.1523252,27.6024566
47.1523222,27.6024559
47.152321,27.6024558
47.1523193,27.6024549
47.1523198,27.6024548
47.1523191,27.6024545
47.1523205,27.6024557
47.1523279,27.6024726
47.152327,27.6024712
47.1523259,27.60247
47.1523251,27.6024691
47.1523251,27.6024684
47.1523234,27.6024686
47.1523233,27.6024686
47.1523234,27.6024691
47.1523233,27.6024695
47.1523229,27.6024698
47.1523224,27.6024703
47.1523224,27.6024702
47.1523225,27.6024703
47.1523209,27.6024715
47.1523168,27.6025001
47.1523172,27.6025003
47.1523175,27.6025004
47.1523172,27.6025
47.152317,27.6025001
47.152317,27.6024999
47.1523167,27.6024995
47.1523167,27.6024994
47.1523167,27.6024995
47.1523168,27.6024994
47.1523169,27.6024996
47.1523168,27.6024993
47.1523167,27.6024987
47.1523165,27.6024982
47.1523164,27.6024977
47.1523438,27.6025234
47.1523537,27.6025272
47.1523396,27.6025214
47.1523397,27.6025208
47.1523398,27.6025188
47.15234,27.6025174
47.1523403,27.6025175
47.1523408,27.6025155
47.152341,27.6025142
47.152341,27.6025133
47.1523411,27.6025128
47.152341,27.602513
47.1523496,27.6024906
47.1523491,27.60249
47.1523491,27.6024894
47.152349,27.6024883
47.1523494,27.602487
47.1523494,27.6024873
47.1523495,27.6024866
47.1523491,27.6024868
47.1523481,27.602487
47.1523461,27.602489
47.1523452,27.6024901
47.1523441,27.6024898
47.1523425,27.6024895
47.1523396,27.6024915
47.1523396,27.6024915
47.1523399,27.6024921
47.1523395,27.602492
47.1523392,27.6024917
47.1523395,27.6024919
47.152339,27.6024915
47.1523383,27.6024914
47.1523378,27.6024911
47.1523365,27.6024905
47.1523352,27.6024902
47.152334,27.6024898
47.1523338,27.6024904
47.1523333,27.60249
47.152333,27.6024896
47.1523323,27.6024887
47.1523309,27.6024875
47.1523302,27.6024873
47.1523298,27.6024866
47.1523291,27.6024865
47.1523285,27.6024854
47.1523267,27.6024842
47.1523256,27.602484
47.1523249,27.6024837
47.1523244,27.6024835
47.1523241,27.6024836
47.1523236,27.6024827
47.1523233,27.6024817
47.1523234,27.6024811
47.1523232,27.6024809
47.1523229,27.6024798
47.1523226,27.6024791
47.1523223,27.6024786
47.1523224,27.6024782
47.1523223,27.6024777
47.1523221,27.6024774
47.1523217,27.6024772
47.1523217,27.6024769
47.1523215,27.6024768
47.1523217,27.6024765
47.152322,27.6024764
47.1523221,27.6024764
47.152322,27.6024764
47.1523215,27.6024764
47.1523208,27.6024766
47.1523207,27.6024765
47.1523209,27.6024763
47.1523207,27.602476
47.1523204,27.6024763
47.1523199,27.6024767
47.1523192,27.6024771
47.152319,27.6024775
47.1523304,27.6025119
47.152332,27.6025128
47.1523329,27.6025134
47.1523333,27.602514
47.152333,27.6025141
47.1523323,27.6025146
47.1523321,27.6025158
47.1523329,27.6025153
47.1523327,27.6025157
47.1523317,27.6025164
47.1523314,27.6025181
47.1523105,27.6024891
47.1523095,27.602493
47.1523106,27.6024936
47.1523121,27.6024937
47.1523138,27.6024928
47.1523159,27.6024918
47.1523169,27.6024905
47.1523174,27.6024888
47.1523178,27.6024874
47.1523182,27.6024863
47.1523178,27.6024851
47.1523177,27.602484
47.152317,27.6024837
47.1523362,27.6024769
47.1523413,27.602445
47.1523409,27.6024467
47.1523398,27.6024471
47.1523391,27.6024479
47.1523391,27.6024502
47.1523392,27.6024516
47.1523389,27.6024537
47.1523384,27.6024532
47.1523386,27.602453
47.1523386,27.6024527
47.1523387,27.6024535
47.1523386,27.6024536
47.152339,27.6024542
47.1523392,27.6024549
47.1523393,27.6024556
47.1523393,27.6024562
47.1523396,27.6024578
47.1523401,27.6024577
47.1523398,27.6024573
47.1523397,27.6024584
47.1523395,27.6024581
47.1523394,27.6024577
47.1523396,27.602458
47.152339,27.6024585
47.1523306,27.6024574
47.1523309,27.6024591
47.1523308,27.6024596
47.1523302,27.6024601
47.1523302,27.6024626
47.1523307,27.6024643
47.1523309,27.6024651
47.1523303,27.602466
47.15233,27.6024663
47.1523294,27.602467
47.1523292,27.6024683
47.1523293,27.6024693
47.1523293,27.6024695
47.1523291,27.602469
47.1523289,27.6024687
47.1523285,27.6024687
47.1523279,27.6024687
47.1523277,27.6024689
47.1523272,27.6024685
47.1523266,27.6024683
47.1523261,27.6024682
47.1523256,27.6024684
47.1523254,27.6024688
47.1523252,27.6024693
47.1523251,27.6024698
47.1523252,27.60247
47.1523248,27.6024698
47.1523248,27.6024704
47.1523246,27.6024705
47.1523243,27.6024698
47.1523238,27.6024693
47.1523235,27.6024691
47.1523233,27.6024689
47.1523233,27.6024692
47.1523227,27.6024693
47.1523224,27.6024692
47.1523222,27.6024689
47.1523221,27.6024692
47.1523216,27.6024688
47.1523216,27.6024686
47.1523214,27.6024683
47.1523211,27.6024677
47.1523211,27.6024677
47.1523211,27.6024676
47.1523204,27.6024669
47.1523204,27.602467
47.1523203,27.6024671
47.15232,27.6024669
47.1523203,27.6024669
47.1523205,27.6024668
47.1523287,27.6024696
47.1523178,27.6024722
47.1523191,27.6024713
47.15232,27.6024702
47.1523209,27.6024688
47.1523219,27.6024699
47.1523213,27.6024716
47.1523212,27.6024727
47.1523205,27.6024741
47.1523213,27.6024738
47.1523216,27.6024742
47.1523224,27.6024744
47.1523228,27.6024744
47.1523224,27.6024751
47.1523223,27.6024752
47.152322,27.6024753
47.1523213,27.602475
47.152324,27.6024722
47.1523237,27.6024717
47.1523227,27.6024717
47.1523219,27.6024724
47.1523209,27.6024732
47.1523206,27.6024737
47.1523203,27.6024741
47.1523204,27.6024744
47.1523219,27.6024737
47.1523218,27.6024746
47.1523212,27.6024752
47.1523211,27.6024758
47.1523205,27.6024755
47.1523202,27.6024729
47.1523195,27.6024717
47.1523192,27.6024715
47.1523188,27.6024705
47.1523185,27.6024693
47.1523184,27.6024672
47.1523183,27.6024663
47.1523184,27.6024653
47.1523187,27.6024642
47.1523191,27.6024625
47.1523194,27.6024623
47.1523195,27.6024618
47.1523191,27.6024605
47.1523181,27.6024598
47.1523175,27.6024592
47.1523171,27.6024589
47.1523171,27.6024585
47.1523173,27.6024589
47.152317,27.6024589
47.1523173,27.6024579
47.1523173,27.6024568
47.1523176,27.602456
47.1523175,27.6024558
47.1523178,27.6024559
47.1523182,27.6024555
47.1523185,27.602455
47.152318,27.602455
47.1523178,27.6024554
47.152317,27.6024556
47.1523163,27.6024554
47.1523157,27.6024552
47.1523157,27.6024548
47.1523154,27.6024546
47.1523158,27.602455
47.1523155,27.6024552
47.1523152,27.602455
47.1523153,27.6024549
47.1523148,27.6024548
47.1523145,27.6024549
47.1523144,27.6024552
47.1523149,27.6024552
47.1523154,27.6024551
47.1523151,27.6024548
47.1523146,27.6024545
47.1523143,27.6024542
47.1523146,27.6024541
47.1523026,27.6024455
47.152304,27.6024458
47.152305,27.6024471
47.1523051,27.6024479
47.152306,27.6024495
47.1523063,27.60245
47.1523058,27.6024505
47.1523058,27.6024508
47.1523071,27.6024515
47.1523078,27.6024521
47.1523094,27.602454
47.1523105,27.6024555
47.152311,27.6024568
47.1523091,27.6024563
47.1523081,27.6024564
47.1523076,27.6024572
47.152308,27.6024583
47.1523084,27.6024586
47.1523087,27.6024592
47.1523075,27.6024592
47.1523073,27.6024599
47.1523073,27.6024606
47.152307,27.6024616
47.1523052,27.6024631
47.1523047,27.6024628
47.1523046,27.6024627
47.1760564,27.5712084
47.1743687,27.5726914
47.1737614,27.5732107
47.1694733,27.5765791
47.1679166,27.5809073
47.1668096,27.5853021
47.165608,27.5903289
