47.1342585,27.5762499
47.1342637,27.576254
47.1342675,27.5762597
47.1342701,27.5762633
47.1342677,27.5763515
47.1342844,27.5763034
47.1337002,27.5754705
47.1336902,27.5754754
47.1337144,27.5755033
47.13395,27.5750024
47.1336185,27.5789943
47.1352936,27.5843624
47.1355622,27.586988
47.1363723,27.593385
47.1366064,27.5964166
47.1370974,27.6033304
47.1373024,27.6057075
47.1373091,27.6058705
47.1412213,27.6005868
47.1427129,27.5981912
47.1439595,27.5963156
47.1464846,27.5932673
47.1471036,27.5925421
47.1484951,27.5934147
47.1498932,27.5953993
47.1520167,27.598125
47.1539327,27.6028452
47.1539116,27.6033319
47.1541302,27.6040716
47.1566859,27.6033464
47.1586657,27.6011866
47.1596425,27.5992071
47.1606504,27.5969627
47.1615469,27.5955486
47.162879,27.5943366
47.1644066,27.591431
47.1658944,27.5895089
47.166179,27.5879386
47.1673788,27.5827277
47.16739,27.5824936
47.1685858,27.5794998
47.1703099,27.576048
47.1727862,27.573944
47.1737142,27.5732277
47.1754299,27.5717072
47.1757665,27.5714909
47.1789522,27.568693
47.1811846,27.5669233
47.1847328,27.56402
47.1870962,27.5619092
47.1907883,27.5590171
47.190783,27.5585753
47.1905655,27.5584802
47.1905851,27.5584928
47.190632,27.5586546
47.1906328,27.5585753
47.1906495,27.5586018
47.1885709,27.5607225
47.1863835,27.5624585
47.1844184,27.5641406
47.1806737,27.5672799
47.179912,27.5679942
47.1765587,27.5707503
47.1759287,27.5713253
47.1747852,27.5721974
47.1743533,27.572546
47.1715458,27.5749346
47.1698514,27.576365
47.1682387,27.5800851
47.1678498,27.5810149
47.1669608,27.5845676
47.1666142,27.5861297
47.1662698,27.5878069
47.1649561,27.5907321
47.1634858,27.5933997
47.1613055,27.5956745
47.1590031,27.6000552
47.1587374,27.6005622
47.1561384,27.6040195
47.1560754,27.6042247
47.1539685,27.6040629
47.1534106,27.6001082
47.1507364,27.5964483
47.148637,27.593698
47.1478611,27.5925574
47.1474334,27.5921443
47.1460655,27.5936348
47.1442532,27.5959391
47.1435338,27.5969471
47.1423329,27.5987657
47.1413034,27.6003303
47.1409609,27.6009203
47.1403525,27.6017828
47.1389398,27.6038027
47.1371131,27.6045563
47.1367914,27.6001572
47.1364356,27.594766
47.135696,27.5885292
47.1354857,27.5871964
47.1347635,27.5815111
47.1340864,27.5763797
47.1337472,27.5762668
47.1336939,27.575503
47.1336957,27.5755005
47.1336962,27.5755284
47.1336875,27.5755156
47.1336789,27.5755209
47.1336564,27.5755176
47.1336552,27.5755177
47.1339144,27.5752908
47.1342074,27.5806939
47.135461,27.5865738
47.1363009,27.5927358
47.1364681,27.594826
47.1365801,27.5969772
47.136994,27.601863
47.1371344,27.6035552
47.1372436,27.6057442
47.1373471,27.6061006
47.1412515,27.6003504
47.1421204,27.599091
47.1434038,27.5970025
47.1452352,27.5945925
47.1469963,27.5925656
47.1487867,27.593842
47.1505378,27.5961654
47.1530591,27.5996027
47.1539183,27.6031807
47.1542638,27.6040566
47.1567275,27.603171
47.1587005,27.6005433
47.1602073,27.5978262
47.161805,27.595066
47.1641582,27.5917665
47.1646981,27.5909075
47.1657896,27.5893965
47.1661311,27.5881372
47.1671295,27.5837148
47.1672484,27.5833391
47.16857,27.5794041
47.1700015,27.5763905
47.1726621,27.5739079
47.175462,27.5716279
47.1784214,27.5691311
47.1809854,27.5669918
47.1835381,27.5647183
47.1857377,27.5628861
47.1901944,27.5591338
47.1908179,27.558975
47.1906524,27.5583667
47.1906591,27.5583736
47.1906678,27.5583841
47.1907045,27.5584454
47.1906471,27.5584222
47.1906887,27.5585184
47.1903339,27.5590873
47.1864765,27.5624518
47.1847542,27.5640091
47.1811509,27.5669146
47.1795991,27.568298
47.1760287,27.5712202
47.1745688,27.5724119
47.1713784,27.5750311
47.16904,27.5779568
47.1682565,27.5801041
47.167567,27.582186
47.1668635,27.5849843
47.1667472,27.5858584
47.1646668,27.5910718
47.164033,27.5925248
47.1616628,27.5952486
47.160931,27.5962803
47.1593436,27.5996481
47.1588449,27.6012267
47.1562556,27.6038643
47.1562348,27.6041378
47.1539175,27.6031215
47.1516,27.5976205
47.1495868,27.5950218
47.1495552,27.5948931
47.1477259,27.5924122
47.1466472,27.5929908
47.1442306,27.596076
47.1440555,27.596336
47.1430889,27.5977913
47.1428119,27.5981508
47.1419195,27.599455
47.1419242,27.5994294
47.1408471,27.6010412
47.1403016,27.601949
47.1381811,27.6051081
47.1371168,27.6043052
47.1368276,27.5999204
47.1364384,27.594652
47.1355227,27.5870544
47.134451,27.5809353
47.134054,27.5758696
47.1336749,27.5756134
47.1336804,27.5754474
47.1336801,27.5754457
47.1336782,27.5754441
47.134054,27.576439
47.1352793,27.584375
47.1356678,27.587814
47.1363741,27.5935905
47.1364606,27.5947566
47.1369212,27.6005508
47.1371887,27.6047158
47.1381337,27.6049865
47.1414719,27.5999952
47.1420732,27.5991288
47.1441647,27.5960167
47.1455405,27.5942419
47.1477018,27.5923502
47.1498518,27.5953307
47.152135,27.598446
47.1538863,27.6029176
47.1543741,27.6040694
47.1567243,27.6032062
47.1587394,27.6005428
47.1607739,27.5964906
47.1631254,27.5938877
47.1650222,27.5907667
47.1651148,27.5906212
47.1658967,27.5889598
47.1665946,27.5862206
47.1674468,27.5825849
47.1685883,27.579316
47.1701557,27.5761271
47.1730355,27.5735753
47.1753689,27.5716742
47.1757863,27.5713187
47.179736,27.5680187
47.1817088,27.5663644
47.1846752,27.5638136
47.1870825,27.5618214
47.1907901,27.5589985
47.1907636,27.5590884
47.1907617,27.5590407
47.1907353,27.5589863
47.1907363,27.5589808
47.1905635,27.558463
47.190495,27.5586243
47.1904946,27.5586245
47.1905054,27.5587647
47.1905565,27.5588605
47.190276,27.5591672
47.1863291,27.5625333
47.1844945,27.564117
47.1805247,27.5674385
47.1792788,27.5684674
47.1754324,27.5716979
47.1745147,27.5724119
47.1695402,27.5765339
47.168204,27.580159
47.1672616,27.583178
47.166747,27.5858666
47.1656342,27.5902732
47.164303,27.5916813
47.1612921,27.595642
47.1589379,27.6001702
47.1566497,27.6034146
47.1554467,27.6044402
47.1538679,27.6032108
47.1511435,27.5970196
47.1488916,27.5939509
47.1476499,27.5924113
47.1466413,27.5930022
47.1436402,27.596785
47.1418982,27.5994585
47.1412176,27.6003858
47.1392099,27.6034088
47.1378986,27.6053578
47.1370822,27.604297
47.1367737,27.5996739
47.1364399,27.5952947
47.1359295,27.5904821
47.1353249,27.5861824
47.1336182,27.5792941
47.133734,27.5763483
47.1335779,27.5755314
47.1335757,27.57552
47.1335929,27.5755327
47.1335378,27.5755068
47.1335667,27.5755472
47.13356,27.5755812
47.1335721,27.5755141
47.1335942,27.5754604
47.1335935,27.57546
47.1335748,27.5754793
47.1338972,27.5752831
47.1335923,27.5795311
47.1352915,27.5843816
47.1355456,27.5870027
47.1362709,27.5924747
47.1366603,27.5976807
47.1371222,27.6049795
47.1385314,27.604454
47.141865,27.5994007
47.1436394,27.5967712
47.1454252,27.5944502
47.1471258,27.5923663
47.1489164,27.5939666
47.1503077,27.5959128
47.1538574,27.6019974
47.1538722,27.6032473
47.1560729,27.6038256
47.1588169,27.6008118
47.1597082,27.5989343
47.1627227,27.5943871
47.1646995,27.5909411
47.165925,27.5890554
47.167604,27.5817204
47.1690001,27.5780222
47.17238,27.574276
47.1605448,27.5970779
47.1587493,27.6011995
47.1562473,27.6040016
47.1523791,27.6015924
47.152393,27.6016565
47.1533387,27.6032008
47.153337,27.6031979
47.1533382,27.6031964
47.1533228,27.6031878
47.1533207,27.6031902
47.1533189,27.6031903
47.1533171,27.6031904
47.1533167,27.6031913
47.1533152,27.6031912
47.1533137,27.6031925
47.1533114,27.6031921
47.1533107,27.6031924
47.1533098,27.6031918
47.1533093,27.6031914
47.1533123,27.6031927
47.153344,27.6032287
47.1533416,27.6032276
47.1533402,27.6032342
47.1533367,27.6032303
47.1533359,27.6032292
47.1533338,27.6032292
47.1533314,27.6032294
47.1532993,27.6032278
47.1532977,27.6032273
47.1532969,27.6032261
47.1532963,27.6032236
47.1532949,27.6032198
47.1532922,27.6032146
47.1532906,27.6032117
47.1532892,27.6032105
47.1532883,27.6032095
47.1532867,27.6032079
47.1532861,27.6032083
47.1532858,27.6032094
47.1532856,27.6032097
47.1532849,27.6032098
47.1532846,27.6032108
47.1532843,27.6032122
47.1532844,27.6032128
47.1532855,27.6032146
47.1532858,27.6032149
47.1532847,27.603213
47.1532842,27.6032115
47.1532835,27.6032098
47.1532824,27.6032086
47.1532822,27.6032072
47.1532814,27.6032062
47.1532805,27.6032058
47.1532802,27.603206
47.1532794,27.603205
47.1532786,27.6032059
47.1532788,27.6032056
47.1532791,27.603205
47.1532791,27.6032049
47.1532787,27.6032043
47.1532856,27.6031925
47.1532816,27.6032057
47.153282,27.6032058
47.1532821,27.6032057
47.1532822,27.6032056
47.1532819,27.6032029
47.1532827,27.6032034
47.1532823,27.6032013
47.1532821,27.6031986
47.1532813,27.6031974
47.153281,27.6031967
47.15328,27.6031925
47.1532799,27.6031911
47.1532799,27.6031906
47.1532794,27.6031907
47.1532793,27.6031903
47.153279,27.6031893
47.1532795,27.60319
47.1532794,27.6031901
47.1532799,27.6031906
47.153281,27.6031923
47.1532823,27.6031942
47.1532827,27.6031939
47.1532824,27.6031923
47.1532822,27.6031907
47.153282,27.6031899
47.1532819,27.6031908
47.153282,27.6031922
47.1532825,27.6031935
47.153283,27.6031953
47.1532837,27.6031971
47.1532845,27.6031984
47.1532852,27.6032006
47.1532857,27.6032005
47.1532861,27.6032005
47.153291,27.6031847
47.1532927,27.6031852
47.1532918,27.6031828
47.1532915,27.603182
47.153286,27.6031778
47.1532828,27.603177
47.1532815,27.6031767
47.1532811,27.6031774
47.1532834,27.6031782
47.1532803,27.6031755
47.1532817,27.6031761
47.1532773,27.603173
47.153275,27.6031724
47.1532746,27.6031723
47.1532731,27.6031725
47.15327,27.6031721
47.1532647,27.6031691
47.153262,27.6031664
47.1532596,27.6031655
47.1532589,27.6031634
47.1532548,27.603161
47.153252,27.6031587
47.1532496,27.6031574
47.1532485,27.6031567
47.1532462,27.6031551
47.1532443,27.6031541
47.1532424,27.6031536
47.1532424,27.6031539
47.1532419,27.6031537
47.1532385,27.6031501
47.1532367,27.6031485
47.1532355,27.6031478
47.1532278,27.6031426
47.1532259,27.6031413
47.1532237,27.6031399
47.153225,27.6031408
47.1532245,27.6031398
47.1532268,27.6031413
47.153227,27.6031407
47.1532268,27.6031408
47.1532264,27.6031412
47.1532267,27.6031416
47.1532263,27.6031423
47.1532266,27.6031432
47.1532256,27.6031431
47.1532651,27.6031741
47.1532637,27.6031736
47.1532879,27.6032389
47.1532879,27.6032358
47.1532885,27.6032323
47.1532874,27.6032049
47.1532872,27.6032039
47.1532868,27.6032028
47.1532856,27.6032019
47.1532847,27.603202
47.1532845,27.6032002
47.1532928,27.6031652
47.1533077,27.6032147
47.1533046,27.6032123
47.153325,27.6032079
47.1532999,27.603178
47.1532958,27.6031787
47.1532956,27.6031785
47.1532962,27.6031773
47.153295,27.603175
47.1532933,27.6031764
47.153294,27.603176
47.1532933,27.6031776
47.1532912,27.6031798
47.1532914,27.6031789
47.1532918,27.6031785
47.15329,27.6031778
47.153289,27.6031789
47.1532865,27.6031764
47.1532856,27.6031746
47.1532861,27.6031754
47.153287,27.6031765
47.1532855,27.6031741
47.1532828,27.6031699
47.1532816,27.603166
47.1532804,27.6031627
47.1532808,27.6031627
47.1532785,27.6031631
47.1532789,27.6031608
47.1532797,27.6031605
47.1532817,27.6031605
47.1532823,27.6031591
47.1532833,27.6031598
47.1533095,27.6031676
47.1533182,27.6031685
47.1533186,27.6031703
47.153316,27.6031706
47.153316,27.6031706
47.1533146,27.6031716
47.1533137,27.6031728
47.1533134,27.6031734
47.153313,27.6031733
47.1533108,27.6031745
47.1533093,27.6031755
47.1533074,27.6031757
47.1533068,27.6031761
47.1533057,27.6031753
47.1533041,27.6031748
47.1532889,27.6032034
47.1532821,27.6031982
47.1532689,27.6031833
47.1532724,27.6031889
47.1532753,27.603193
47.1532734,27.6031927
47.1532671,27.6031821
47.1532621,27.6031783
47.1532571,27.6031732
47.1532601,27.603172
47.1532605,27.6031712
47.1532574,27.6031692
47.1532593,27.6031732
47.1532623,27.6031767
47.1532635,27.6031791
47.1532658,27.603183
47.1532668,27.6031838
47.1532663,27.6031842
47.1532664,27.6031854
47.1532661,27.6031857
47.1532637,27.6031839
47.1532538,27.6031769
47.1532681,27.603159
47.1532657,27.603155
47.1532662,27.6031555
47.1533049,27.6031343
47.1533066,27.6031415
47.1532895,27.60316
47.1532948,27.6031695
47.1532981,27.6031745
47.1532831,27.6031628
47.1532812,27.603162
47.1532796,27.6031621
47.1532792,27.6031629
47.1532793,27.6031647
47.153277,27.6031636
47.1532764,27.6031643
47.1532763,27.6031652
47.1532764,27.6031677
47.1532764,27.6031684
47.1533061,27.6031659
47.1533041,27.603163
47.153301,27.6031599
47.1532993,27.6031597
47.1532994,27.6031589
47.1532987,27.6031582
47.153298,27.6031589
47.1532974,27.6031584
47.1532967,27.6031578
47.1532958,27.6031568
47.1532953,27.6031568
47.1532947,27.6031568
47.1532935,27.6031564
47.153293,27.6031575
47.1532921,27.6031561
47.1532913,27.6031551
47.1532907,27.6031526
47.1532893,27.6031492
47.1532668,27.6031002
47.1532544,27.6031099
47.1532536,27.6031062
47.1532531,27.603105
47.1532532,27.60311
47.1532539,27.6031095
47.1532545,27.6031093
47.1532543,27.6031121
47.1532549,27.6031158
47.1532547,27.6031189
47.1532555,27.6031174
47.1532561,27.6031164
47.1532559,27.6031173
47.1532564,27.6031165
47.1532564,27.603118
47.1532567,27.603118
47.1532566,27.6031193
47.153256,27.6031174
47.153255,27.6031168
47.1532539,27.6031137
47.1532538,27.6031114
47.1532595,27.6031275
47.1532594,27.6031281
47.1532591,27.6031272
47.1532593,27.6031269
47.1532595,27.6031269
47.1532606,27.6031265
47.1532614,27.6031247
47.1532624,27.6031238
47.1532631,27.6031232
47.1532637,27.6031232
47.153267,27.6031284
47.1532872,27.6031462
47.1532878,27.6031464
47.153313,27.6031995
47.1533126,27.6031992
47.1533128,27.6031999
47.1533126,27.6032004
47.1533118,27.6032011
47.1533028,27.60323
47.1533052,27.6032249
47.1533061,27.6032199
47.1533025,27.6032681
47.1533016,27.6032682
47.1533016,27.6032688
47.1532931,27.603212
47.1533092,27.6032299
47.1533511,27.6032766
47.1533499,27.6032751
47.1533488,27.6032765
47.153298,27.6032972
47.1532967,27.603291
47.1532939,27.6032803
47.1533031,27.6031644
47.1533036,27.603194
47.1533032,27.6031934
47.1533033,27.6031927
47.1533392,27.6020989
47.1523671,27.6022467
47.1523434,27.6022833
47.1523438,27.6022813
47.1523429,27.6022792
47.1523494,27.6022769
47.1523528,27.6022725
47.152358,27.6022691
47.1523581,27.6022659
47.1523594,27.602262
47.1523576,27.6022586
47.1523574,27.6022599
47.1523556,27.6022612
47.1523495,27.602265
47.1523454,27.6022688
47.1522827,27.6022738
47.152362,27.6023695
47.1523607,27.6023691
47.1523598,27.6023682
47.1523592,27.6023703
47.1523588,27.6023691
47.1523574,27.6023659
47.1523352,27.6023324
47.1523337,27.6023193
47.1523339,27.6023186
47.1523343,27.6023171
47.1523352,27.6023141
47.1523359,27.6023123
47.152336,27.6023115
47.1523376,27.6023097
47.15234,27.6023062
47.1523438,27.6023017
47.1523474,27.6022973
47.1523493,27.6022947
47.1523502,27.6022927
47.1523497,27.6022923
47.1523497,27.6022916
47.1523501,27.6022903
47.1523506,27.6022894
47.1523497,27.6022895
47.1523492,27.6022897
47.1523488,27.6022899
47.1523494,27.6022867
47.1523503,27.6022859
47.1523511,27.6022844
47.1523511,27.6022845
47.1523505,27.6022845
47.1523501,27.6022842
47.1523495,27.6022841
47.1523486,27.6022836
47.152348,27.6022834
47.1523472,27.602283
47.1523459,27.602284
47.1523451,27.6022834
47.1523449,27.6022831
47.1523443,27.6022819
47.1523434,27.6022802
47.1523425,27.6022801
47.1523413,27.6022801
47.1523419,27.60228
47.1523416,27.6022798
47.1523886,27.6023438
47.1523405,27.6022789
47.1523436,27.6022766
47.1523438,27.6022754
47.1523439,27.6022748
47.1523439,27.6022736
47.1523432,27.602273
47.152343,27.6022724
47.1523424,27.6022721
47.1523425,27.602272
47.1523425,27.6022718
47.1523429,27.6022712
47.1523428,27.6022714
47.1523426,27.6022714
47.1523425,27.6022708
47.1523422,27.6022704
47.1523468,27.6022793
47.1523462,27.6022802
47.1523465,27.6022812
47.152347,27.6022815
47.1523471,27.6022815
47.152352,27.602274
47.152352,27.6022688
47.1523521,27.6022685
47.1523518,27.6022685
47.1523516,27.6022709
47.152351,27.6022712
47.1523507,27.6022715
47.1523505,27.6022712
47.1523505,27.6022703
47.1523511,27.6022696
47.152351,27.6022698
47.1523497,27.6022702
47.1523494,27.6022707
47.1523498,27.6022714
47.1523507,27.6022723
47.1523507,27.6022724
47.1523479,27.6022665
47.1523484,27.6022656
47.1523497,27.6022658
47.1523513,27.6022655
47.1523523,27.6022672
47.1523545,27.602266
47.1523552,27.602266
47.1523559,27.6022659
47.1523555,27.6022659
47.152357,27.6022669
47.1523587,27.6022647
47.152359,27.6022595
47.152355,27.6022567
47.1523545,27.602256
47.1523528,27.6022552
47.1523525,27.6022546
47.1523518,27.6022541
47.1523519,27.6022533
47.1523527,27.6022529
47.1523528,27.6022524
47.1523525,27.6022517
47.1523522,27.602251
47.1523524,27.6022503
47.1523525,27.6022495
47.1523523,27.6022486
47.1523517,27.6022485
47.1523509,27.6022477
47.1523507,27.6022474
47.1523506,27.6022471
47.1523495,27.6022458
47.1523277,27.6022529
47.1523214,27.6022409
47.1523237,27.602224
47.1523444,27.6021976
47.1523523,27.6022329
47.1523514,27.6022312
47.1523511,27.6022301
47.1523508,27.6022303
47.1523569,27.6022367
47.15237,27.6022516
47.1523694,27.6022488
47.1523681,27.6022448
47.1523663,27.6022438
47.1523644,27.6022418
47.1523637,27.6022404
47.1523637,27.6022398
47.1523634,27.6022395
47.1523619,27.6022399
47.1523608,27.6022404
47.1523599,27.6022403
47.152359,27.6022403
47.1523586,27.60224
47.1523576,27.6022397
47.1523572,27.6022395
47.1523572,27.602239
47.1523569,27.6022386
47.1523565,27.6022387
47.1523558,27.6022386
47.1523552,27.6022389
47.1523546,27.6022383
47.152354,27.6022386
47.1523537,27.6022398
47.1523534,27.6022403
47.1523526,27.6022402
47.1523524,27.6022397
47.1523516,27.6022389
47.1523509,27.6022383
47.1523512,27.6022385
47.1523513,27.602239
47.1523516,27.6022399
47.1523516,27.6022396
47.1523513,27.6022393
47.152351,27.602239
47.1523507,27.6022388
47.1523503,27.6022383
47.1523497,27.602238
47.152349,27.6022376
47.1523491,27.6022373
47.1523488,27.6022375
47.1523487,27.6022385
47.1523485,27.6022384
47.1523482,27.602238
47.1523484,27.6022381
47.1523476,27.6022376
47.1523464,27.6022371
47.1523463,27.6022371
47.1523466,27.602237
47.1523464,27.602236
47.1523458,27.6022346
47.1523453,27.6022346
47.1523453,27.6022348
47.1523454,27.6022347
47.1523452,27.602235
47.1523456,27.602235
47.1523463,27.6022352
47.1523466,27.6022357
47.1523467,27.6022357
47.1523464,27.6022357
47.152347,27.6022353
47.1523469,27.6022353
47.152347,27.602235
47.1523472,27.6022355
47.1523472,27.6022358
47.1523468,27.6022356
47.1523464,27.6022353
47.1523462,27.6022352
47.1523461,27.6022351
47.1523465,27.6022354
47.1523466,27.602236
47.1523468,27.602236
47.1523468,27.6022356
47.1523469,27.6022352
47.1523468,27.6022345
47.1523465,27.6022342
47.1523465,27.6022343
47.1523463,27.6022346
47.1523462,27.6022345
47.1523462,27.6022343
47.1523459,27.602234
47.1523459,27.6022332
47.1523457,27.6022329
47.1523456,27.6022325
47.1523556,27.602246
47.1523542,27.6022558
47.1523539,27.6022547
47.1523551,27.6022527
47.1523371,27.6022316
47.152333,27.6022183
47.152332,27.6022151
47.1523321,27.6022142
47.1523235,27.6022043
47.1523233,27.6022046
47.1523232,27.6022043
47.1523228,27.6022076
47.1523441,27.6022042
47.1523433,27.602203
47.1523439,27.6022031
47.1523432,27.6022021
47.152343,27.6022028
47.1523432,27.6022035
47.152343,27.6022049
47.1523429,27.6022058
47.1523428,27.6022055
47.1523429,27.6022065
47.1523429,27.6022071
47.1523495,27.6022096
47.1523698,27.602216
47.1523867,27.6022003
47.1523888,27.602201
47.1523891,27.6022023
47.1523878,27.6022033
47.1523838,27.6022306
47.152381,27.6022307
47.1523799,27.6022314
47.1523784,27.6022322
47.1523773,27.6022322
47.1523759,27.6022326
47.1523748,27.6022329
47.1523728,27.6022343
47.1523641,27.6022686
47.152363,27.602308
47.1523509,27.6023185
47.1523498,27.6023061
47.15235,27.6023062
47.1523495,27.6023057
47.1523613,27.6022564
47.1523609,27.6022557
47.1523624,27.6022552
47.1523614,27.6022548
47.1523605,27.6022544
47.1523386,27.6022792
47.1523391,27.6022793
47.1523247,27.6022846
47.152325,27.6022839
47.152325,27.6022851
47.1523252,27.6022856
47.1523253,27.6022848
47.1523303,27.6022794
47.1523455,27.6022861
47.1523416,27.6022984
47.1523351,27.6023261
47.1523277,27.602284
47.1523274,27.6022828
47.1523266,27.602282
47.1523267,27.6022822
47.1523258,27.6022836
47.152326,27.6022839
47.1523255,27.6022834
47.1523253,27.6022825
47.1523245,27.6022816
47.1523242,27.60228
47.1433419,27.6435015
47.1434369,27.6477886
47.1435004,27.6514664
47.1418072,27.6583862
47.1408309,27.6610558
47.1379563,27.6684614
47.1356923,27.6740651
47.13451,27.6828944
47.1326843,27.6905943
47.131967,27.6935913
47.1308383,27.6981799
47.1307062,27.6980587
47.1306969,27.6980554
47.1308034,27.6980921
47.1321015,27.6928574
47.1333918,27.6872602
47.1350356,27.6795494
47.1366292,27.6715674
47.1407672,27.661113
47.1434359,27.6533395
47.1434992,27.6465349
47.143476,27.6431369
47.1434848,27.643146
47.1435332,27.6431926
47.1435469,27.6431186
47.1434484,27.6431508
47.1433627,27.6434502
47.1433661,27.6434714
47.143459,27.6465604
47.1432683,27.654596
47.1412216,27.6601844
47.1412178,27.6602166
47.1412185,27.6602155
47.1412191,27.6602164
47.1392018,27.6652494
47.1355111,27.676261
47.134436,27.6834326
47.1324975,27.6913347
47.1308037,27.6982243
47.1307877,27.6981848
47.1307826,27.6981765
47.1307816,27.6981748
47.1307897,27.6981616
47.1307947,27.6980804
47.1321537,27.6927482
47.1337619,27.6858021
47.1349714,27.6798892
47.1398094,27.6636553
47.1410253,27.6605075
47.1434879,27.650244
47.1434888,27.6430852
47.143494,27.6431006
47.1434455,27.6431016
47.1435141,27.6431672
47.143442,27.6432064
47.1434378,27.643173
47.1434588,27.6431613
47.1433446,27.6436278
47.1435194,27.6495322
47.1417131,27.658901
47.1392054,27.6653695
47.1357006,27.6747043
47.1341348,27.6848287
47.1325411,27.6913104
47.131295,27.6965609
47.1308241,27.6981196
47.1307846,27.6980806
47.1307826,27.6980785
47.130781,27.6980767
47.1307693,27.6980928
47.1307636,27.698089
47.1307618,27.6980875
47.1307622,27.6980882
47.1308329,27.6977958
47.1321667,27.692746
47.1338129,27.6857715
47.135705,27.6744018
47.1380782,27.6681895
47.141088,27.6603293
47.1434833,27.6501921
47.1434689,27.6431387
47.1434903,27.6431359
47.1434311,27.6431337
47.1434325,27.6431365
47.1434272,27.643166
47.1433953,27.6431429
47.1434893,27.6432143
47.1434987,27.6431857
47.1434424,27.6452133
47.1435347,27.6529653
47.1416719,27.6587974
47.1399401,27.6633387
47.1381931,27.6678448
47.1351996,27.6781342
47.1339097,27.6854378
47.1325526,27.6913657
47.1312832,27.6963402
47.1308043,27.6981087
47.1307989,27.6981096
47.1307933,27.6981095
47.1307917,27.6981106
47.130789,27.698112
47.1312593,27.6960647
47.1321661,27.6925785
47.1345174,27.6829476
47.1370612,27.6706355
47.1408273,27.6611466
47.1427832,27.6559986
47.1435067,27.6501671
47.14348,27.6434947
47.143427,27.643197
47.1433312,27.6429841
47.1433749,27.6434232
47.1433434,27.6433972
47.1433378,27.6433986
47.1433382,27.6433991
47.1433425,27.6434009
47.1433305,27.6434301
47.1435089,27.6491563
47.1422968,27.6572649
47.1413081,27.6599075
47.141318,27.6599134
47.1413037,27.6598682
47.1412924,27.6598832
47.1412789,27.659882
47.1403607,27.6622854
47.1360757,27.673031
47.1335942,27.6867817
47.1324849,27.6914413
47.1307964,27.6981745
47.1307898,27.6981374
47.1307769,27.6980991
47.1307882,27.6981343
47.1315372,27.6952854
47.1328817,27.6897284
47.1355315,27.6759549
47.139619,27.6641489
47.1418681,27.65826
47.1434745,27.6477729
47.1434779,27.6432001
47.1433602,27.6434302
47.1433065,27.6434112
47.1433167,27.6434198
47.1433424,27.6433953
47.1433653,27.6434249
47.1433561,27.6435089
47.1433509,27.6434854
47.1433637,27.643452
47.1433618,27.6434277
47.1434044,27.6436331
47.143513,27.6500233
47.1418137,27.6585064
47.1385982,27.6669338
47.1348402,27.6814361
47.1332517,27.6881049
47.1324535,27.6914273
47.1306649,27.6985115
47.1307528,27.6981674
47.1307492,27.6981632
47.1307495,27.6981611
47.1307491,27.6981647
47.1307498,27.6981625
47.1307496,27.6981586
47.1321136,27.6928673
47.1338497,27.6854571
47.1367429,27.6712959
47.1398013,27.6636066
47.1430366,27.6551319
47.1434582,27.6430588
47.1433702,27.6434561
47.1433923,27.6434196
47.1433918,27.6434204
47.1433926,27.6434228
47.1433926,27.6434239
47.1432942,27.6434336
47.1433071,27.6434475
47.1433097,27.643447
47.1433132,27.6434467
47.1434902,27.6447881
47.1435572,27.6506339
47.1409512,27.6608655
47.1382146,27.6679074
47.135082,27.6795343
47.132579,27.6912935
47.1316272,27.6949408
47.1306758,27.6985108
47.1307935,27.6980902
47.1308229,27.698061
47.1308176,27.6980519
47.1308159,27.6980482
47.1308145,27.6980456
47.1308124,27.6980529
47.1308078,27.6980462
47.132158,27.6928264
47.1337299,27.6860532
47.135744,27.6740447
47.1383949,27.6672804
47.1416653,27.6588859
47.1434779,27.650186
47.1434776,27.6431844
47.1434243,27.6429776
47.1433475,27.6434742
47.1433533,27.643465
47.1433522,27.6434648
47.1433593,27.6434897
47.1433023,27.64346
47.143353,27.6434722
47.1433586,27.6434698
47.1434979,27.6493376
47.1411026,27.660451
47.1377607,27.6691093
47.1346569,27.6824084
47.132495,27.6912932
47.1311509,27.6968839
47.1307953,27.6980973
47.1307972,27.6981065
47.1307636,27.6980923
47.130763,27.6980929
47.1307629,27.6980922
47.1307862,27.6980775
47.1307851,27.6980776
47.1307852,27.6980784
47.1307834,27.6980773
47.1321116,27.6929351
47.1327961,27.6897922
47.1352468,27.6779632
47.1390576,27.6655891
47.1413466,27.6597061
47.1434044,27.6487194
47.1435412,27.6432108
47.1433916,27.6433502
47.1433956,27.6433477
47.143396,27.643348
47.1433957,27.643349
47.1433982,27.6433502
47.1434029,27.6433481
47.1434284,27.6433076
47.1434473,27.6432996
47.1435116,27.6498998
47.1414436,27.6595901
47.1382875,27.6676882
47.1358765,27.6737735
47.1339302,27.6854901
47.1324692,27.6913373
47.1315004,27.6955316
47.1307286,27.6984823
47.1307982,27.6981611
47.1307773,27.6980924
47.1307763,27.6980913
47.13077,27.6980782
47.1307778,27.6981006
47.1307784,27.6981008
47.1308068,27.6981136
47.13159,27.6949262
47.1323547,27.6918794
47.1344979,27.6830833
47.1372639,27.6701793
47.1409979,27.6606806
47.143508,27.6505388
47.1434495,27.6431817
47.1433666,27.6434376
47.143388,27.6434337
47.1433895,27.6434312
47.1434029,27.6434713
47.1433847,27.6434701
47.1433802,27.6434724
47.1433826,27.6434709
47.1434216,27.6434677
47.1434416,27.6434319
47.1434406,27.6434322
47.1434403,27.6434318
47.1433426,27.6434866
47.1434919,27.6527303
47.1402966,27.662591
47.1358576,27.6737466
47.134624,27.6824818
47.1329598,27.6892038
47.1324646,27.6913114
47.1306287,27.6982816
47.1308159,27.6981563
47.1308094,27.6981508
47.1308093,27.6981487
47.1308057,27.6981449
47.1320775,27.6929425
47.1327637,27.6898935
47.1354768,27.6759147
47.1411968,27.6602739
47.1435082,27.6490586
47.143409,27.6439855
47.1433998,27.6434483
47.1434916,27.6434351
47.1434835,27.6434425
47.1433921,27.6434234
47.1433834,27.6434318
47.1433821,27.6434341
47.143411,27.643454
47.1434132,27.6434667
47.1434111,27.6434597
47.143295,27.654711
47.1411023,27.6605698
47.1373558,27.6701461
47.1345272,27.6830463
47.1324961,27.6913129
47.1309929,27.6975802
47.1307814,27.6981008
47.1307363,27.6980248
47.130725,27.698012
47.1307215,27.6980073
47.1306795,27.6979938
47.1306753,27.6980203
47.1306903,27.6980201
47.1306974,27.6980501
47.131059,27.6966542
47.1325802,27.6905389
47.1352171,27.677873
47.1367538,27.6712075
47.1408158,27.6610397
47.1434726,27.6511604
47.1434709,27.6431846
47.14329,27.6432526
47.1433258,27.6434495
47.1433269,27.6434486
47.1433295,27.6434464
47.1433352,27.6433756
47.1433836,27.6433883
47.1433909,27.6433999
47.1433887,27.6433996
47.143469,27.6474173
47.1434985,27.6523426
47.1405517,27.6618155
47.1362593,27.6725581
47.134579,27.6826665
47.1328274,27.6898413
47.1321962,27.6926204
47.1307723,27.6981254
47.1307823,27.6981107
47.1307804,27.6981092
47.1307744,27.6980924
47.1307844,27.6980723
47.1307827,27.6980707
47.1307806,27.6980688
47.1307779,27.6980652
47.1307265,27.6979736
47.132067,27.6928476
47.1346578,27.6820889
47.1355412,27.675408
47.1397652,27.6637325
47.1428476,27.655868
47.1434222,27.6450913
47.1433,27.6431566
47.1433908,27.6434784
47.1433917,27.6434772
47.1433998,27.6434287
47.1433942,27.6433855
47.1433945,27.6433847
47.1433946,27.6433834
47.1434119,27.6433818
47.1435179,27.6473205
47.1427313,27.6562537
47.1410249,27.6608385
47.1372951,27.6702668
47.1348462,27.6811023
47.1325828,27.6910609
47.1318038,27.6942357
47.1307891,27.6981006
47.1307814,27.6980996
47.1307816,27.6981
47.1307801,27.6980988
47.1307777,27.6980964
47.1307752,27.6980946
47.1307747,27.698094
47.1307727,27.6980907
47.1310973,27.6967324
47.1322405,27.6922245
47.1347371,27.6815731
47.1374891,27.6696229
47.139525,27.6643196
47.140686,27.6613947
47.1431993,27.6547004
47.143437,27.6452026
47.1433665,27.6430292
47.1434117,27.6434193
47.1433905,27.643437
47.1433926,27.6434368
47.1434453,27.6434262
47.1434343,27.6434371
47.1434352,27.6434362
47.1435884,27.6514857
47.1409486,27.66092
47.1368173,27.671341
47.1342872,27.6840569
47.1324941,27.6913264
47.1308361,27.6978496
47.1307894,27.6980718
47.1307843,27.6980688
47.1307466,27.6980386
47.1307392,27.6980322
47.1306878,27.6979773
47.1306873,27.6979798
47.1306862,27.6979823
47.1306841,27.6979823
47.1306291,27.6978827
47.1306439,27.6975397
47.1321308,27.6927094
47.1341681,27.684199
47.1358363,27.6736812
47.1395587,27.6642368
47.1430519,27.655243
47.1434576,27.644456
47.1435266,27.64314
47.1433529,27.6434264
47.1433418,27.6434122
47.1433489,27.6434237
47.1433749,27.643434
47.1435071,27.6434943
47.1435449,27.6435149
47.1434308,27.6434483
47.1434699,27.647632
47.1419999,27.6580481
47.1389411,27.6659173
47.1354307,27.6768648
47.1329677,27.6895197
47.1313131,27.6960802
47.1307623,27.6981325
47.1307588,27.6981211
47.1307589,27.6981192
47.1307857,27.6981299
47.1307761,27.6981204
47.1307748,27.6981161
47.1307709,27.6981147
47.1307677,27.6981112
47.1321039,27.6928912
47.1334114,27.6873696
47.1357839,27.6740314
47.140198,27.6625395
47.1419095,27.6581047
47.1434596,27.6476857
47.1434971,27.6431254
47.1433403,27.6434094
47.1433398,27.6434085
47.1433195,27.6438856
47.1433397,27.643904
47.1435064,27.6439724
47.1434493,27.6439444
47.1433985,27.6438941
47.1434184,27.6438971
47.1433778,27.6438823
47.1433243,27.643868
47.143582,27.6493452
47.1426532,27.6564796
47.140854,27.6610146
47.1366698,27.6715473
47.1352751,27.6778353
47.1328195,27.689883
47.13215,27.6926239
47.1307228,27.6984664
47.1306422,27.6980994
47.1306425,27.698101
47.1306414,27.6981011
47.1306397,27.6981044
47.1306402,27.6981068
47.1306508,27.6981393
47.1320779,27.6928806
47.1336228,27.6865069
47.1356214,27.6749032
47.1400271,27.6630417
47.142875,27.6556959
47.1434628,27.6451089
47.1434207,27.643136
47.1433471,27.6438505
47.143369,27.6438589
47.1433852,27.643874
47.1434018,27.6438498
47.1434136,27.6438555
47.1433793,27.6438728
47.1433587,27.6438601
47.1433118,27.6438522
47.1433575,27.6438182
47.1433936,27.6438558
47.1434355,27.6468024
