47.1399844,27.6023678
47.1371508,27.6045059
47.1368187,27.6000381
47.1366277,27.5975281
47.1356104,27.5880932
47.1354834,27.5870487
47.1342109,27.5807119
47.1340085,27.5757862
47.1336507,27.575696
47.1336767,27.5755977
47.1336778,27.5756011
47.1336526,27.5755926
47.1336419,27.5755992
47.1336553,27.5754898
47.1336623,27.5755207
47.1336627,27.5755184
47.1336444,27.5755522
47.1336613,27.5754888
47.1336592,27.5754917
47.1336649,27.5754908
47.1336647,27.5754919
47.1336645,27.5754945
47.1336636,27.5754948
47.1336635,27.5754946
47.1336608,27.5754661
47.1339852,27.5776897
47.1351727,27.5825834
47.135687,27.5883447
47.136408,27.5939919
47.1369181,27.6005507
47.137187,27.6048996
47.1385601,27.6045842
47.1421054,27.5992434
47.1434837,27.5971131
47.1454185,27.5944832
47.1471616,27.59246
47.1488188,27.593764
47.150009,27.5954173
47.1535296,27.6003714
47.1539761,27.6031951
47.1539468,27.6033795
47.1555205,27.6042517
47.1564858,27.6035454
47.1582811,27.6015974
47.1598885,27.598668
47.1604419,27.5974376
47.1615146,27.5954081
47.164014,27.5921931
47.1658216,27.5895858
47.1664838,27.5867363
47.1673858,27.582597
47.1675449,27.5822202
47.1684998,27.5795728
47.172014,27.5746354
47.1743624,27.5725467
47.1759013,27.5714022
47.1795571,27.5682923
47.1817472,27.5664454
47.1852717,27.5635017
47.1878988,27.561245
47.1905495,27.5591082
47.1907473,27.5584281
47.1907422,27.558414
47.1907111,27.558467
47.1907217,27.5585907
47.1907356,27.558565
47.1907231,27.5585138
47.1904931,27.5585419
47.1905623,27.5584873
47.1904602,27.5584543
47.1868077,27.5620417
47.1847492,27.5637888
47.181605,27.5665634
47.1804228,27.5674674
47.1793133,27.5684281
47.1756889,27.5714397
47.1749407,27.5720388
47.1714715,27.5748823
47.1691296,27.5775337
47.1678977,27.5806952
47.1673602,27.5826708
47.1666454,27.5861591
47.1663462,27.5876949
47.1646044,27.5911084
47.1641188,27.592108
47.1619587,27.594866
47.1612545,27.595701
47.1591897,27.5997739
47.1590139,27.6001373
47.1570622,27.6029376
47.156166,27.6037451
47.1554371,27.604302
47.1539034,27.6033011
47.1524587,27.5988824
47.1504667,27.5961574
47.1496488,27.5950621
47.1472688,27.5921044
47.1460733,27.5935337
47.1443014,27.5957076
47.143673,27.5966349
47.1425199,27.5984249
47.1423966,27.5986124
47.1409416,27.6007476
47.1388684,27.6039356
47.1378795,27.6054349
47.1369902,27.6029182
47.1366798,27.5968535
47.1364028,27.5937518
47.1356683,27.5883121
47.1352538,27.5833047
47.1340675,27.5765607
47.1343246,27.576019
47.133681,27.5755334
47.1336767,27.575573
47.1336774,27.5755737
47.1337124,27.5755251
47.1337101,27.5755258
47.1337066,27.5755486
47.133704,27.5755317
47.1336941,27.5755433
47.1336429,27.5754953
47.1336569,27.5754974
47.1336575,27.5754979
47.1336723,27.5754765
47.1336723,27.5755101
47.13368,27.5753688
47.1340998,27.5767043
47.1353047,27.5841924
47.1355294,27.5869442
47.1365129,27.5939648
47.1368274,27.6000462
47.1370339,27.6020091
47.1370509,27.6024144
47.1371378,27.6039282
47.1372242,27.6054975
47.1408442,27.6009726
47.1419012,27.5993334
47.1436726,27.5966962
47.1442918,27.5958053
47.1469583,27.5926222
47.1485321,27.5933615
47.1502775,27.5957726
47.1524805,27.5988281
47.1538885,27.6031456
47.1565989,27.6032198
47.158367,27.6014479
47.1590109,27.5999297
47.1602765,27.59751
47.161389,27.5954788
47.1630147,27.5939859
47.1636326,27.5927296
47.1638193,27.5924184
47.165103,27.5906014
47.1658525,27.589238
47.1674073,27.5830887
47.1684118,27.5796839
47.168702,27.5789676
47.1721981,27.5743031
47.173592,27.5731756
47.1765881,27.5707116
47.1809735,27.5670893
47.1835214,27.5648547
47.1854422,27.5631635
47.1874876,27.5614747
47.190299,27.5592434
47.1906323,27.5583914
47.1907143,27.5583744
47.1907115,27.5583744
47.1906852,27.5584812
47.1907085,27.5584181
47.1907863,27.5584701
47.1901453,27.5592346
47.1865526,27.5622997
47.1847348,27.5639249
47.1827742,27.5656044
47.1804496,27.5676178
47.1757352,27.5714254
47.1739255,27.57291
47.1689109,27.5781463
47.1678878,27.5808118
47.1668269,27.5852326
47.1666629,27.5859988
47.1645273,27.5908256
47.1635145,27.5935533
47.1613439,27.5957115
47.1591472,27.6000133
47.1589492,27.6003169
47.1567427,27.6032737
47.155519,27.6042537
47.1547131,27.604262
47.153409,27.6001433
47.1499942,27.595478
47.1495497,27.5950072
47.1468158,27.5926312
47.1455873,27.594136
47.142137,27.5989901
47.1420572,27.5990742
47.1411311,27.6003128
47.1393744,27.6030866
47.1384937,27.6044354
47.1371059,27.6039744
47.1367001,27.597632
47.1364562,27.5949227
47.1357741,27.5885973
47.1352828,27.584784
47.1341167,27.5766593
47.1337128,27.5762492
47.1336506,27.5756466
47.1336391,27.575659
47.1336415,27.5756607
47.1336447,27.5756665
47.1336492,27.5756701
47.1336531,27.5756741
47.1336544,27.5756777
47.1336789,27.5757712
47.1336745,27.5757707
47.1336583,27.5757977
47.1336733,27.5755538
47.1336806,27.5755419
47.1336802,27.5755417
47.1339701,27.575838
47.1350967,27.5825699
47.1355123,27.5869094
47.1359499,27.5903168
47.1365725,27.5965588
47.1371192,27.6033421
47.1372327,27.6056749
47.1403795,27.6016823
47.1421224,27.5991589
47.1452847,27.594705
47.1479145,27.592723
47.1498847,27.5952885
47.1525562,27.599115
47.1538932,27.6033281
47.1542294,27.604066
47.1566293,27.6032338
47.1590427,27.5999245
47.1603477,27.5974739
47.1627061,27.5943768
47.164751,27.5908496
47.1659237,27.5890483
47.1663793,27.5872229
47.1675236,27.5819465
47.1689134,27.5783849
47.1712566,27.5751554
47.1750168,27.5719266
47.1757675,27.5713908
47.1791705,27.5685598
47.1812914,27.566749
47.1845151,27.5640017
47.1859453,27.5627993
47.1902345,27.5592216
47.1907689,27.5584358
47.1907514,27.5584878
47.1908045,27.5586542
47.1907927,27.5586528
47.1907049,27.5584631
47.1907119,27.5584679
47.1907963,27.5585564
47.187261,27.5617673
47.1845776,27.5639517
47.1814423,27.5666682
47.1796912,27.5681474
47.1755161,27.5716166
47.1742293,27.5726634
47.1734915,27.573379
47.1701464,27.5760738
47.1679177,27.5807179
47.167435,27.5824834
47.166456,27.5868223
47.1661298,27.5881485
47.1648633,27.5909459
47.1642027,27.5920508
47.1612908,27.5957277
47.1608956,27.5963729
47.158655,27.6013521
47.1561782,27.6038988
47.1539134,27.6032854
47.1515765,27.5975826
47.1477297,27.5923951
47.147498,27.5921363
47.1465877,27.593025
47.1420626,27.5990686
47.1397009,27.6027199
47.137126,27.6045363
47.1367903,27.6002714
47.1364344,27.5948167
47.1362574,27.5929232
47.1353234,27.5870382
47.1341435,27.580604
47.1340041,27.5757721
47.1337318,27.5760568
47.1336275,27.575545
47.1336902,27.5755297
47.1336724,27.5755297
47.133658,27.5755264
47.1336445,27.5755225
47.1336412,27.575522
47.1336441,27.5755198
47.133611,27.5755281
47.1336105,27.5755257
47.1336107,27.5755251
47.1335797,27.5755111
47.1335792,27.5755109
47.1335803,27.5755088
47.1335793,27.5755062
47.1335791,27.575504
47.1335802,27.575503
47.1335794,27.5755004
47.1339236,27.5752185
47.1337774,27.5801729
47.1354241,27.5866861
47.1360521,27.5911961
47.136455,27.5948488
47.1368786,27.6004523
47.1907315,27.5583995
47.1906824,27.5584254
47.1906349,27.5583688
47.152574,27.6015032
47.1525745,27.6015033
47.1603806,27.5731502
47.1571954,27.5747528
47.1566621,27.5761362
47.1544855,27.5810563
47.1533951,27.5835766
47.1513223,27.587059
47.1503169,27.5882725
47.1480209,27.5912873
47.1471637,27.5923919
47.1457293,27.5939477
47.1431893,27.5974269
47.1413098,27.6004485
47.1398161,27.6025657
47.1380258,27.605181
47.137128,27.6045849
47.136871,27.6004229
47.1364559,27.5950574
47.1360007,27.5908185
47.1354767,27.5869972
47.134184,27.5806995
47.1341126,27.5765685
47.1341816,27.5763703
47.1336555,27.575557
47.1340091,27.5760208
47.1352489,27.5841122
47.1358097,27.5891151
47.1364332,27.5944629
47.1369931,27.6012781
47.1370743,27.6023396
47.1370006,27.6029704
47.1370242,27.6042938
47.137158,27.6066099
47.1370517,27.6067551
47.1379496,27.6074518
47.1383771,27.6061633
47.1383885,27.6061565
47.1383884,27.6061564
47.1383888,27.6061557
47.1383898,27.6061558
47.1383904,27.6061572
47.1384299,27.6061518
47.1384259,27.6061505
47.1384258,27.6061502
47.1384264,27.6061505
47.1384539,27.6061478
47.1384848,27.6061315
47.1384842,27.6061321
47.1384758,27.6061282
47.1384754,27.6061286
47.1384762,27.6061294
47.1384757,27.606129
47.1384392,27.6061451
47.1384353,27.6061364
47.1384294,27.6061205
47.1384287,27.6061192
47.1384285,27.606119
47.138428,27.6061188
47.1384265,27.606106
47.1384267,27.6061075
47.1384246,27.6061073
47.1384215,27.6061071
47.1384255,27.6061083
47.138422,27.6061086
47.1384176,27.6061097
47.1384159,27.6061112
47.1384159,27.6061117
47.1384142,27.606113
47.1384624,27.6061855
47.1384642,27.6061854
47.1384647,27.606185
47.1384624,27.6061843
47.1384616,27.6061843
47.138463,27.6061846
47.1384631,27.6061841
47.1384626,27.606184
47.1384617,27.6061827
47.1384584,27.6061803
47.138454,27.6061786
47.1384471,27.6061756
47.1384438,27.606174
47.1384427,27.6061744
47.1384435,27.6061741
47.1384435,27.6061732
47.1384429,27.6061722
47.1384418,27.6061717
47.1384408,27.6061709
47.1384401,27.6061701
47.138439,27.6061697
47.1384381,27.6061687
47.1384379,27.6061689
47.1384375,27.6061687
47.1384371,27.6061676
47.1384647,27.6061726
47.1384521,27.6061574
47.1384502,27.6061585
47.1384493,27.6061576
47.1384514,27.606157
47.1384505,27.6061551
47.1384511,27.6061536
47.1384468,27.6061498
47.1384417,27.6061458
47.1384398,27.6061443
47.138439,27.6061446
47.1384383,27.6061446
47.1384362,27.606144
47.1384336,27.606143
47.1384339,27.6061428
47.1384335,27.6061421
47.1384336,27.6061418
47.1384342,27.6061419
47.1384341,27.6061422
47.1384334,27.6061423
47.138432,27.606142
47.1383905,27.6061288
47.1383834,27.606122
47.1383826,27.6061199
47.1383806,27.6061164
47.1383781,27.6061144
47.1383771,27.6061128
47.1383752,27.606111
47.1383749,27.6061108
47.1383776,27.6061122
47.1383773,27.6061113
47.1383764,27.606109
47.1383739,27.6061061
47.1383717,27.6061037
47.1383714,27.6061022
47.138372,27.6061013
47.1383694,27.6060982
47.1383683,27.6060956
47.1383685,27.6060951
47.1383677,27.6060933
47.1383691,27.606094
47.138368,27.6060933
47.1383676,27.6060923
47.1383684,27.6060926
47.1383684,27.6060925
47.138368,27.6060923
47.1383676,27.6060919
47.1383626,27.6060816
47.1383736,27.6060859
47.1383649,27.6060962
47.1381726,27.6071711
47.1371007,27.6078629
47.1370902,27.6078981
47.1370179,27.607203
47.1370002,27.6072224
47.1387314,27.6042209
47.1417182,27.5999731
47.1447177,27.6058916
47.1451001,27.6067217
47.1457258,27.6080474
47.1462333,27.6091988
47.1462113,27.6092222
47.1464572,27.6137621
47.1457255,27.6194352
47.147944,27.6202936
47.150343,27.620991
47.15099,27.6212038
47.1550496,27.6253537
47.1585019,27.6225068
47.163385,27.6182047
47.1695878,27.6122008
47.1762313,27.6077487
47.1802023,27.6096221
47.1753551,27.6170214
47.1760339,27.6176268
47.1762636,27.61748
47.1767704,27.617222
47.1761284,27.6175644
47.1761278,27.6175661
47.1761289,27.6175667
47.1760527,27.6176859
47.1775761,27.6154728
47.1786667,27.6095999
47.1794303,27.6041338
47.1842543,27.5971592
47.1757525,27.5981801
47.1703928,27.5998167
47.1663008,27.5979407
47.16683,27.5945005
47.1645627,27.5961188
47.1615041,27.59838
47.1591828,27.6008449
47.1571923,27.6028865
47.1560782,27.6039971
47.15484,27.6041773
47.1528077,27.6036947
47.1523771,27.6028077
47.152353,27.6028008
47.1523561,27.6028069
47.152356,27.6028075
47.1523583,27.602809
47.1523585,27.6028085
47.1523603,27.6028083
47.1526755,27.6026446
47.152749,27.6024608
47.1527266,27.6025244
47.1527257,27.6025242
47.1527261,27.6025244
47.1533842,27.6025058
47.1532506,27.6023787
47.1532542,27.6023837
47.1532643,27.6023811
47.1532683,27.6023808
47.15327,27.6023813
47.1532705,27.6023828
47.153271,27.6023836
47.1532663,27.6024066
47.1532657,27.6024076
47.1532741,27.6024079
47.1532836,27.6024085
47.1532869,27.6024085
47.1532834,27.6024042
47.1532895,27.6024042
47.1532922,27.6024029
47.1532925,27.6024022
47.1532937,27.6024008
47.1532948,27.602399
47.1532965,27.6023982
47.1532993,27.6024024
47.1533062,27.6023782
47.1533061,27.6023795
47.1533044,27.60239
47.1533041,27.6023912
47.1533036,27.6023921
47.1533029,27.6023929
47.1533026,27.6023933
47.1533024,27.6023936
47.1533028,27.6023942
47.1533029,27.6023944
47.1533028,27.6023938
47.1533027,27.6023938
47.1533024,27.602394
47.1533023,27.6023945
47.1533017,27.6023948
47.1533018,27.6023944
47.1533022,27.6023938
47.1533025,27.602394
47.1533027,27.6023938
47.153303,27.6023937
47.1533029,27.6023938
47.1533026,27.6023941
47.1533024,27.6023938
47.1533023,27.6023935
47.1533021,27.6023935
47.1533023,27.6023936
47.1533026,27.6023934
47.1533024,27.6023932
47.1533017,27.602393
47.1533013,27.6023927
47.1533008,27.602393
47.1532998,27.6023934
47.1532994,27.6023934
47.1532986,27.6023934
47.1532977,27.6023935
47.1532969,27.6023934
47.153296,27.6023932
47.1532957,27.6023932
47.153295,27.6023928
47.1532942,27.6023925
47.1532939,27.602392
47.1532936,27.6023921
47.1532934,27.6023924
47.153293,27.6023928
47.153293,27.6023938
47.1532927,27.602395
47.1532919,27.6023956
47.1532915,27.6023954
47.153291,27.6023955
47.1532904,27.6023959
47.1532561,27.6023712
47.1532519,27.6023775
47.1532527,27.6023774
47.1532532,27.602378
47.153374,27.6024049
47.152818,27.6016085
47.1528114,27.6016011
47.152811,27.6015946
47.1528101,27.6015885
47.1528104,27.6015846
47.1528091,27.6015842
47.1528097,27.6015833
47.1528089,27.6015812
47.1528097,27.6015796
47.1528086,27.601575
47.1528082,27.6015764
47.1528091,27.6015764
47.1528089,27.6015751
47.1528074,27.6015738
47.1528058,27.6015724
47.1528046,27.6015721
47.1528045,27.6015733
47.1528039,27.6015733
47.1528035,27.6015729
47.1528033,27.6015732
47.1528033,27.6015729
47.1528032,27.6015721
47.1528024,27.6015706
47.1528007,27.6015684
47.1527995,27.6015673
47.1527989,27.6015667
47.1527978,27.6015787
47.1528084,27.6015951
47.1528073,27.6015954
47.1528069,27.6015952
47.1528063,27.6015948
47.1528053,27.6015939
47.152815,27.6016058
47.1527928,27.6015759
47.1527822,27.601555
47.1527722,27.6015496
47.1527765,27.6015487
47.152777,27.6015474
47.1527775,27.6015471
47.1527815,27.6015212
47.1527858,27.6015223
47.1527848,27.6015082
47.1527922,27.6015231
47.1527998,27.6015694
47.1527994,27.6015696
47.1527993,27.6015711
47.1528004,27.6015724
47.1528017,27.6015766
47.1528019,27.601579
47.152802,27.6015804
47.1528014,27.6015805
47.1528001,27.6015792
47.1527605,27.6015992
47.1525273,27.6024446
47.1525021,27.6023733
47.152485,27.6023283
47.1524911,27.6023269
47.1524912,27.6023266
47.1524631,27.6022711
47.1524651,27.6022726
47.1524688,27.6022746
47.1524674,27.6023246
47.152467,27.6023036
47.1524742,27.602293
47.1524719,27.6022792
47.1524996,27.6022552
47.1525007,27.6022653
47.1525011,27.6022665
47.152501,27.6022671
47.1528247,27.6016185
47.1528275,27.6016107
47.1528252,27.6016021
47.1528572,27.6015906
47.1528568,27.6015905
47.152855,27.601591
47.152854,27.6015913
47.152853,27.6015912
47.1528524,27.6015885
47.1528513,27.6015895
47.1528516,27.6015903
47.1528516,27.6015908
47.1528424,27.6016438
47.1528485,27.6015856
47.1528455,27.6015832
47.1528052,27.6015918
47.1528174,27.6015966
47.1528181,27.6015964
47.1528169,27.6015953
47.1528157,27.6015953
47.1528148,27.6015938
47.1528135,27.6015925
47.1528132,27.6015916
47.152812,27.6015909
47.1528118,27.6015907
47.1528124,27.6015913
47.1528138,27.6015924
47.1528133,27.6015926
47.1528119,27.6015915
47.1528113,27.6015909
47.1528106,27.6015898
47.1528115,27.6015888
47.1528119,27.6015875
47.1528119,27.6015864
47.1529349,27.6017336
47.1529636,27.6017029
47.1529691,27.6016839
47.1529723,27.6016961
47.1529722,27.6016963
47.1529738,27.6016994
47.1529738,27.6016996
47.1529738,27.6016997
47.1529739,27.6017001
47.152974,27.6017002
47.1529741,27.6017004
47.1529742,27.6017006
47.1529747,27.601701
47.1531757,27.6018138
47.1531767,27.6018152
47.1531771,27.6018157
47.1531768,27.6018162
47.1531764,27.6018164
47.1531762,27.6018168
47.1531759,27.6018185
47.1531759,27.6018192
47.1531758,27.6018182
47.1531757,27.6018168
47.1531758,27.6018184
47.1531761,27.6018183
47.1531763,27.6018192
47.1531757,27.6018193
47.1531753,27.6018194
47.1531743,27.6018193
47.1531734,27.6018193
47.1531731,27.6018195
47.1531729,27.6018196
47.1531734,27.6018196
47.1531738,27.6018198
47.1531751,27.60182
47.1531759,27.6018201
47.1531764,27.60182
47.1531769,27.6018197
47.153177,27.6018198
47.1531776,27.6018197
47.1531777,27.6018195
47.1531776,27.6018195
47.1531775,27.6018195
47.1531775,27.6018196
47.1531776,27.6018198
47.1531784,27.60182
47.1531786,27.6018202
47.153179,27.6018201
47.1531786,27.6018202
47.1531783,27.6018201
47.1531793,27.6018199
47.1531796,27.6018201
47.1531801,27.6018201
47.153181,27.6018203
47.1531817,27.6018203
47.1531823,27.6018203
47.1531823,27.6018206
47.1524485,27.603229
47.1522288,27.6021873
47.1523195,27.6021565
47.1523334,27.6021667
47.1523357,27.6021643
47.1523375,27.6021638
47.1523373,27.6021609
47.1523365,27.6021566
47.1523382,27.6021479
47.152336,27.6021424
47.1523363,27.6021372
47.1523363,27.6021377
47.1523374,27.6021324
47.1523357,27.6021278
47.1523329,27.6021241
47.1523309,27.6021178
47.1523304,27.6021178
47.1523306,27.6021174
47.1523299,27.6021177
47.1523297,27.6021196
47.1523302,27.6021186
47.1523306,27.6021193
47.15233,27.6021191
47.1523286,27.6021201
47.1523277,27.6021195
47.1523271,27.6021177
47.1523259,27.6021165
47.1523232,27.6021152
47.1523229,27.6021153
47.1523231,27.6021141
47.1523233,27.6021113
47.1523226,27.6021107
47.1523212,27.6021098
47.1523201,27.6021092
47.1523199,27.6021095
47.1523199,27.6021109
47.1523194,27.6021137
47.1523203,27.6021166
47.1523206,27.6021161
47.1523203,27.6021162
47.1523205,27.6021155
47.1523206,27.6021152
47.1523203,27.6021145
47.1523413,27.6021677
47.1523401,27.6021653
47.1523395,27.6021626
47.1523425,27.6021554
47.1523429,27.6021525
47.1523423,27.6021504
47.1523424,27.6021513
47.1523416,27.6021513
47.152341,27.6021508
47.1523408,27.6021504
47.1523414,27.6021481
47.1523418,27.6021468
47.1523423,27.6021477
47.1523425,27.602147
47.152342,27.602147
47.1523416,27.6021456
47.1523408,27.6021429
47.1523404,27.6021406
47.1523379,27.6020855
47.152337,27.6020843
47.1523352,27.6020823
47.1523365,27.6020843
47.152338,27.6020852
47.1523399,27.6020892
47.152341,27.6020906
47.1523415,27.60209
47.1523422,27.6020891
47.1523418,27.6020879
47.1523416,27.6020899
47.1523416,27.60209
47.1523421,27.6020907
47.1523424,27.6020892
47.1523426,27.6020896
47.152342,27.6020895
47.1523421,27.6020886
47.1523426,27.6020876
47.1523433,27.6020866
47.1523437,27.6020862
47.1523437,27.6020853
47.1523437,27.6020841
47.1523427,27.6020828
47.1523424,27.6020833
47.1523423,27.6020812
47.1523416,27.6020808
47.1523414,27.6020806
47.1523406,27.6020792
47.1523407,27.6020806
47.1523408,27.6020812
47.1523407,27.6020816
47.1523407,27.602082
47.1523396,27.6020816
47.1523395,27.6020818
47.1523592,27.6021349
47.1523593,27.6021429
47.1523589,27.6021434
47.1523552,27.6021465
47.1523534,27.6021471
47.1523508,27.6021483
47.1523505,27.6021478
47.1523509,27.6021466
47.1523511,27.602146
47.1523513,27.6021448
47.1523495,27.6021434
47.1523478,27.602143
47.152347,27.6021422
47.152348,27.6021396
47.1523492,27.602137
47.1523491,27.6021357
47.15235,27.6021351
47.152352,27.6021327
47.1523512,27.6021315
47.1523503,27.6021312
47.1523505,27.6021296
47.1523504,27.6021288
47.152349,27.6021293
47.1523479,27.6021303
47.1523484,27.6021305
47.1523477,27.6021312
47.1523472,27.6021318
47.1523474,27.602132
47.152348,27.6021317
47.1523473,27.6021328
47.1523471,27.6021332
47.152347,27.6021332
47.152346,27.6021333
47.152346,27.6021326
47.1523463,27.6021329
47.1523461,27.6021343
47.1523458,27.6021362
47.1523458,27.602138
47.1523442,27.6021388
47.1523431,27.6021383
47.1523427,27.6021381
47.1523428,27.6021385
47.1523437,27.6021378
47.1523441,27.6021379
47.1523439,27.6021385
47.1523441,27.6021384
47.1523443,27.6021399
47.1523443,27.6021404
47.1523434,27.6021424
47.1523431,27.6021425
47.1523427,27.6021424
47.1523426,27.6021427
47.1523424,27.6021417
47.1523417,27.6021406
47.1523414,27.6021407
47.1523415,27.6021404
47.1523409,27.6021401
47.1523404,27.6021397
47.1523406,27.602139
47.152203,27.602008
47.1534649,27.6019574
47.1532546,27.6015683
47.1524188,27.6018523
47.1524209,27.6018541
47.15242,27.601847
47.1524185,27.6018461
47.1383864,27.6061431
47.1383868,27.6061433
47.1384085,27.6061145
47.1384123,27.6061212
47.1384121,27.6061217
47.1384132,27.6061205
47.138412,27.6061191
