47.164997,27.582851
47.165587,27.580843
47.165588,27.580115
47.166296,27.578050
47.168016,27.572705
47.169188,27.569414
47.168113,27.568400
47.167847,27.568192
47.166382,27.570592
47.165039,27.571696
47.164449,27.572017
47.164239,27.572173
47.164058,27.572497
47.164451,27.573124
47.165429,27.572960
47.165878,27.573402
47.165552,27.573879
47.165553,27.573880
47.165931,27.573312
47.165665,27.572815
47.165661,27.572801
47.165662,27.572802
47.165662,27.572802
47.165662,27.572802
47.165662,27.572802
47.165662,27.572802
47.165662,27.572802
47.165662,27.572802
47.165662,27.572802
47.165662,27.572802
47.165662,27.572802
47.165662,27.572802
47.165662,27.572802
47.165662,27.572802
47.165662,27.572802
47.165662,27.572802
47.165662,27.572802
47.165662,27.572802
47.165662,27.572802
47.165662,27.572802
47.165662,27.572802
47.165662,27.572802
47.165662,27.572802
47.165662,27.572802
47.165662,27.572802
47.165662,27.572802
47.165662,27.572802
47.165662,27.572802
47.165662,27.572802
47.165662,27.572802
47.165662,27.572802
47.165662,27.572802
47.165662,27.572802
47.165662,27.572802
47.165662,27.572802
47.165662,27.572802
47.165662,27.572802
47.165662,27.572802
47.165662,27.572802
47.165662,27.572802
47.165662,27.572802
47.165662,27.572802
47.165662,27.572802
47.165662,27.572802
47.165662,27.572802
47.165662,27.572802
47.165662,27.572802
47.165662,27.572802
47.165662,27.572802
47.165662,27.572802
47.165662,27.572802
47.165662,27.572802
47.165662,27.572802
47.165662,27.572802
47.165662,27.572802
47.165662,27.572802
47.165662,27.572802
47.165662,27.572802
47.165662,27.572802
47.165662,27.572802
47.165662,27.572802
47.165662,27.572802
47.165662,27.572802
47.165662,27.572802
47.165662,27.572802
47.165662,27.572802
47.165662,27.572802
47.165662,27.572802
47.165662,27.572802
47.165662,27.572802
47.165662,27.572802
47.165662,27.572802
47.165662,27.572802
47.165662,27.572802
47.165662,27.572802
47.165662,27.572802
47.165662,27.572802
47.165662,27.572802
47.165662,27.572802
47.165662,27.572802
47.165662,27.572802
47.165662,27.572802
47.165662,27.572802
47.165662,27.572802
47.165662,27.572802
47.165662,27.572802
47.165662,27.572802
47.165662,27.572802
47.165662,27.572802
47.165662,27.572802
47.165662,27.572802
47.165662,27.572802
47.165662,27.572802
47.165662,27.572802
47.165662,27.572802
47.165662,27.572802
47.165662,27.572802
47.165662,27.572802
47.165662,27.572802
47.165662,27.572802
47.165662,27.572802
47.165662,27.572802
47.165662,27.572802
47.165662,27.572802
47.165662,27.572802
47.165662,27.572802
47.165662,27.572802
47.165662,27.572802
47.165662,27.572802
47.165662,27.572802
47.165662,27.572802
47.165662,27.572802
47.165662,27.572802
47.165662,27.572802
47.165662,27.572802
47.165662,27.572802
47.165662,27.572802
47.165662,27.572802
47.165662,27.572802
47.165662,27.572802
47.165662,27.572802
47.165662,27.572802
47.165662,27.572802
47.165662,27.572802
47.165662,27.572802
47.165662,27.572802
47.165662,27.572802
47.165662,27.572802
47.165662,27.572802
47.165662,27.572802
47.165662,27.572802
47.165662,27.572802
47.165662,27.572802
47.165662,27.572802
47.165662,27.572802
47.165662,27.572802
47.165662,27.572802
47.165596,27.572945
47.165596,27.572927
47.165535,27.572956
47.165557,27.572917
47.165565,27.572900
47.165571,27.572891
47.165587,27.572883
47.165593,27.572838
47.165594,27.572837
47.165597,27.572838
47.165597,27.572838
47.165597,27.572838
47.165610,27.572807
47.165709,27.572761
47.165594,27.572815
47.165674,27.572769
47.165731,27.572743
47.165509,27.572946
47.165455,27.572998
47.165508,27.572937
47.165511,27.572937
47.165521,27.572927
47.165522,27.572925
47.165523,27.572921
47.165451,27.572941
47.165473,27.572925
47.165478,27.572921
47.165489,27.572907
47.165491,27.572904
47.165493,27.572902
47.165508,27.572888
47.165511,27.572884
47.165511,27.572886
47.165519,27.572881
47.165524,27.572877
47.165534,27.572869
47.165620,27.573022
47.165632,27.572994
47.165637,27.572979
47.165640,27.572972
47.165644,27.572963
47.165647,27.572954
47.165648,27.572948
47.165648,27.572946
47.165651,27.572938
47.165652,27.572935
47.165652,27.572934
47.165652,27.572934
47.165653,27.572930
47.165654,27.572923
47.165654,27.572919
47.165654,27.572915
47.165654,27.572912
47.165655,27.572910
47.165656,27.572905
47.165656,27.572903
47.165656,27.572904
47.165656,27.572906
47.165654,27.572908
47.165655,27.572905
47.165656,27.572904
47.165657,27.572904
47.165655,27.572906
47.165653,27.572908
47.165653,27.572907
47.165653,27.572905
47.165653,27.572906
47.165652,27.572905
47.165652,27.572905
47.165651,27.572907
47.165652,27.572904
47.165652,27.572904
47.165650,27.572905
47.165648,27.572905
47.165647,27.572905
47.165646,27.572905
47.165645,27.572905
47.165645,27.572905
47.165645,27.572904
47.165646,27.572904
47.165646,27.572904
47.165647,27.572903
47.165647,27.572903
47.165647,27.572902
47.165647,27.572903
47.165647,27.572903
47.165648,27.572904
47.165649,27.572903
47.165649,27.572903
47.165649,27.572901
47.165649,27.572901
47.165649,27.572902
47.165650,27.572901
47.165650,27.572901
47.165650,27.572902
47.165650,27.572901
47.165651,27.572901
47.165652,27.572901
47.165652,27.572900
47.165652,27.572900
47.165653,27.572900
47.165654,27.572900
47.165653,27.572900
47.165653,27.572900
47.165653,27.572900
47.165653,27.572899
47.165653,27.572899
47.165654,27.572900
47.165654,27.572900
47.165654,27.572899
47.165653,27.572898
47.165653,27.572898
47.165653,27.572898
47.165653,27.572898
47.165652,27.572897
47.165652,27.572897
47.165652,27.572897
47.165652,27.572897
47.165652,27.572897
47.165651,27.572897
47.165651,27.572897
47.165651,27.572897
47.165651,27.572897
47.165650,27.572897
47.165650,27.572897
47.165650,27.572896
47.165649,27.572896
47.165649,27.572896
47.165648,27.572896
47.165648,27.572896
47.165647,27.572896
47.165647,27.572896
47.165647,27.572896
47.165647,27.572896
47.165647,27.572897
47.165646,27.572896
47.165646,27.572896
47.165646,27.572896
47.165645,27.572895
47.165645,27.572895
47.165645,27.572894
47.165645,27.572895
47.165646,27.572894
47.165646,27.572894
47.165645,27.572893
47.165645,27.572893
47.165645,27.572893
47.165646,27.572893
47.165645,27.572893
47.165645,27.572893
47.165645,27.572892
47.165646,27.572892
47.165646,27.572892
47.165646,27.572891
47.165646,27.572891
47.165646,27.572891
47.165646,27.572891
47.165646,27.572891
47.165733,27.573030
47.165729,27.573021
47.165726,27.573013
47.165334,27.572499
47.165331,27.572499
47.190470,27.558503
47.190468,27.558501
47.190464,27.558512
47.190464,27.558511
47.190464,27.558512
47.190463,27.558512
47.190360,27.558757
47.188144,27.560973
47.186321,27.562540
47.184479,27.564107
47.181128,27.566896
47.179552,27.568241
47.176403,27.570860
47.174477,27.572463
47.172962,27.573714
47.169576,27.576448
47.167709,27.577057
47.165978,27.578990
47.165531,27.580277
47.165507,27.581249
47.165092,27.582354
47.164932,27.582884
47.164927,27.582908
47.164685,27.583409
47.164399,27.584421
47.164402,27.584421
47.164403,27.584423
47.164405,27.584426
47.164409,27.584428
47.164417,27.584435
47.164426,27.584442
47.164431,27.584447
47.164434,27.584452
47.164058,27.585863
47.163799,27.587748
47.164119,27.590136
47.164254,27.590844
47.164277,27.591106
47.162763,27.594331
47.161632,27.594453
47.161032,27.592553
47.160068,27.589306
47.159122,27.587284
47.156408,27.585019
47.152987,27.588153
47.150602,27.586788
47.149474,27.585769
47.146862,27.583637
47.142518,27.580293
47.142194,27.580164
47.138925,27.578163
47.136508,27.575090
47.134712,27.572951
47.132840,27.571570
47.129283,27.569171
47.129058,27.569002
47.124077,27.567337
47.123301,27.567910
47.123518,27.567572
47.123518,27.567571
47.123517,27.567569
47.123764,27.567427
47.128438,27.568770
47.130194,27.569916
47.132079,27.571202
47.134043,27.572578
47.134626,27.573018
47.138537,27.577680
47.140577,27.579592
47.142871,27.580486
47.144425,27.581640
47.148183,27.584770
47.150162,27.586399
47.150351,27.586553
47.151051,27.587216
47.151912,27.587912
47.154235,27.586891
47.158097,27.585527
47.159420,27.588152
47.160183,27.589857
47.161445,27.594331
47.162810,27.594327
47.163084,27.593971
47.164240,27.590680
47.164027,27.589307
47.164008,27.586227
47.164145,27.585490
47.164297,27.584965
47.165169,27.581934
47.165501,27.580529
47.166127,27.578615
47.168278,27.576939
47.168939,27.576844
47.171277,27.575126
47.173778,27.573064
47.174607,27.572402
47.176093,27.571147
47.178878,27.568841
47.180421,27.567530
47.181708,27.566426
47.183541,27.564899
47.185844,27.562946
47.188008,27.561104
47.190268,27.559194
47.190939,27.558863
47.190464,27.558515
47.190464,27.558516
47.190464,27.558516
47.190465,27.558517
47.190396,27.558625
47.187373,27.561630
47.185927,27.562811
47.184037,27.564421
47.181373,27.566738
47.180179,27.567769
47.177530,27.569917
47.174716,27.572291
47.173365,27.573398
47.169726,27.576360
47.167276,27.577174
47.166031,27.578659
47.165449,27.581303
47.165180,27.581980
47.164352,27.584467
47.163821,27.586632
47.163792,27.588008
47.164281,27.590886
47.164352,27.591351
47.163326,27.593675
47.161639,27.594528
47.160669,27.591327
47.159446,27.587872
47.159032,27.587187
47.156172,27.585157
47.154437,27.586638
47.153052,27.588068
47.151540,27.587533
47.150600,27.586742
47.149408,27.585793
47.145354,27.582342
47.142545,27.580280
47.139936,27.579155
47.138718,27.577906
47.134724,27.572998
47.133149,27.571901
47.130799,27.570266
47.129242,27.569167
47.125291,27.567293
47.124386,27.567339
47.123364,27.567463
47.123493,27.567591
47.123578,27.567544
47.123577,27.567545
47.123576,27.567545
47.123575,27.567545
47.123575,27.567545
47.123577,27.567546
47.123575,27.567545
47.123575,27.567545
47.123576,27.567547
47.123793,27.567421
47.128603,27.568704
47.128711,27.568825
47.132496,27.571479
47.134071,27.572608
47.134069,27.572615
47.136302,27.574855
47.138540,27.577733
47.141040,27.579741
47.141894,27.580118
47.143527,27.580910
47.147164,27.583926
47.150324,27.586563
47.151512,27.587559
47.153837,27.587322
47.158156,27.585536
47.159146,27.587453
47.160610,27.591379
47.161250,27.593432
47.161943,27.594931
47.162748,27.594415
47.163542,27.593200
47.164060,27.592148
47.164139,27.590022
47.163816,27.588455
47.164085,27.585717
47.164288,27.585031
47.164477,27.584485
47.165442,27.581186
47.166030,27.579139
47.168293,27.576895
47.168940,27.576765
47.171577,27.574911
47.173074,27.573622
47.175806,27.571451
47.176965,27.570429
47.178844,27.568880
47.180941,27.567081
47.182246,27.565990
47.184162,27.564352
47.185965,27.562806
47.189576,27.559754
47.190332,27.559233
47.190830,27.559154
47.190830,27.559153
47.190830,27.559154
47.190930,27.558900
47.190929,27.558904
47.190918,27.558736
47.190485,27.558445
47.190485,27.558447
47.190486,27.558449
47.190464,27.558485
47.188459,27.560676
47.186330,27.562452
47.184485,27.563958
47.181879,27.566242
47.180357,27.567559
47.176768,27.570526
47.174739,27.572241
47.131584,27.570859
47.123386,27.567755
47.123497,27.567600
47.143960,27.581253
47.148509,27.585031
47.150444,27.586713
47.151748,27.587753
47.153429,27.587760
47.156491,27.585035
47.158995,27.587134
47.159356,27.587794
47.160377,27.590546
47.161605,27.594352
47.163246,27.593743
47.164010,27.592272
47.164000,27.589004
47.164093,27.585809
47.164613,27.584041
47.165538,27.580920
47.165843,27.580131
47.166488,27.577607
47.168965,27.576839
47.170269,27.576034
47.173072,27.573671
47.175570,27.571600
47.176922,27.570486
47.179067,27.568681
47.181078,27.567046
47.183623,27.564877
47.185855,27.562953
47.186592,27.562320
47.189183,27.560046
47.189184,27.560044
47.189185,27.560046
47.189186,27.560044
47.189865,27.559583
47.189866,27.559583
47.189869,27.559582
47.189872,27.559581
47.189873,27.559580
47.189874,27.559581
47.190253,27.559212
47.190255,27.559205
47.190254,27.559207
47.190964,27.558897
47.190461,27.558497
47.190461,27.558497
47.190460,27.558497
47.190460,27.558494
47.190460,27.558493
47.190460,27.558496
47.190460,27.558497
47.190256,27.559106
47.186883,27.561978
47.185571,27.563073
47.184122,27.564310
47.181237,27.566763
47.179919,27.567909
47.177614,27.569760
47.175427,27.571649
47.174508,27.572406
47.173383,27.573273
47.171667,27.574757
47.169299,27.576596
47.167593,27.577103
47.165903,27.579311
47.165430,27.581177
47.164905,27.582961
47.164180,27.585344
47.163810,27.587309
47.164095,27.589971
47.164248,27.590930
47.163050,27.593982
47.161155,27.592980
47.159489,27.588010
47.158712,27.586492
47.157587,27.585055
47.155419,27.585641
47.153198,27.587911
47.151658,27.587619
47.149404,27.585781
47.148320,27.584888
47.143250,27.580658
47.140882,27.579643
47.138953,27.578173
47.136392,27.574976
47.132988,27.571817
47.129683,27.569495
47.129204,27.569173
47.124646,27.567323
47.124479,27.567361
47.123149,27.567442
47.122724,27.567932
47.122723,27.567930
47.122721,27.567927
47.122880,27.568193
47.123504,27.567611
47.123504,27.567610
47.123504,27.567611
47.123503,27.567610
47.123734,27.567447
47.128455,27.568656
47.128808,27.569004
47.131337,27.570691
47.134995,27.573329
47.136586,27.575167
47.138831,27.577996
47.142073,27.580161
47.143581,27.580892
47.146845,27.583640
47.149297,27.585670
47.150385,27.586618
47.151757,27.587792
47.151913,27.587906
47.152569,27.588345
47.156544,27.585043
47.158777,27.586672
47.159559,27.588215
47.160344,27.590557
47.160957,27.592405
47.163130,27.593959
47.164173,27.592145
47.164173,27.590319
47.163922,27.588810
47.164173,27.585519
47.164693,27.583895
47.165375,27.581520
47.165635,27.580639
47.166598,27.577494
47.168427,27.576966
47.171297,27.575149
47.173286,27.573512
47.175694,27.571492
47.178728,27.568994
47.181017,27.567031
47.182187,27.566127
47.183615,27.564839
47.185852,27.562993
47.188006,27.561134
47.190844,27.559177
47.190791,27.559203
47.190793,27.559202
47.190797,27.559199
47.190797,27.559197
47.190886,27.558999
47.190887,27.558998
47.190888,27.558997
47.190455,27.558512
47.190463,27.558505
47.190463,27.558504
47.190465,27.558503
47.190308,27.558951
47.187202,27.561747
47.186014,27.562777
47.184400,27.564117
47.180990,27.567016
47.179551,27.568248
47.177248,27.570171
47.174869,27.572115
47.172906,27.573805
47.169907,27.576231
47.168723,27.576828
47.167687,27.577102
47.167107,27.577273
47.165957,27.579040
47.165430,27.581243
47.164898,27.583042
47.164028,27.585797
47.163793,27.587803
47.164235,27.590863
47.164039,27.592116
47.162063,27.594884
47.161379,27.593756
47.160041,27.589353
47.159497,27.587947
47.159139,27.587254
47.157949,27.585293
47.155889,27.585407
47.154061,27.587129
47.152236,27.588115
47.151646,27.587618
47.150473,27.586707
47.149431,27.585751
47.148392,27.584891
47.143256,27.580628
47.142544,27.580315
47.140739,27.579608
47.138787,27.577949
47.135080,27.573377
47.133013,27.571831
47.130070,27.569748
47.127464,27.567932
47.124472,27.567333
47.124473,27.567334
47.124074,27.567384
47.123512,27.567447
47.122743,27.568115
47.122740,27.568111
47.123294,27.567947
47.123295,27.567949
47.123374,27.567819
47.123493,27.567589
47.123492,27.567589
47.123492,27.567590
47.123492,27.567591
47.123492,27.567591
47.123752,27.567436
47.123752,27.567436
47.128582,27.568730
47.128755,27.568870
47.133029,27.571897
47.134789,27.573139
47.138504,27.577664
47.139086,27.578476
47.141912,27.580091
47.143581,27.580875
47.144533,27.581701
47.150100,27.586397
47.151263,27.587346
47.151405,27.587499
47.152720,27.588310
47.157191,27.585074
47.159362,27.587878
47.160183,27.589867
47.161434,27.594157
47.161436,27.594157
47.162757,27.594423
47.163732,27.592854
47.164226,27.590435
47.163948,27.588801
47.163884,27.587185
47.164168,27.585298
47.164319,27.584802
47.164837,27.583269
47.165552,27.580647
47.166276,27.577977
47.168987,27.576808
47.171750,27.574765
47.175511,27.571611
47.177357,27.570100
47.179290,27.568492
47.181382,27.566732
47.183539,27.564851
47.185826,27.562927
47.188286,27.560863
47.190924,27.558988
47.190921,27.558994
47.190920,27.558992
47.190919,27.558991
47.190918,27.558989
47.190917,27.558986
47.190917,27.558985
47.190917,27.558985
47.190420,27.558452
47.190363,27.558573
47.188014,27.561039
47.186293,27.562547
47.183291,27.565028
47.180405,27.567477
47.177995,27.569517
47.175627,27.571420
47.174766,27.572207
47.173107,27.573597
47.169818,27.576283
47.168728,27.576818
47.166274,27.577873
47.165578,27.580460
47.165474,27.581347
47.164853,27.583243
47.164045,27.585737
47.163778,27.587757
47.163913,27.588981
47.164215,27.590863
47.163983,27.592368
47.162116,27.594837
47.161498,27.594058
47.160015,27.589307
47.159493,27.588048
47.159150,27.587310
47.156809,27.584988
47.154958,27.586131
47.153557,27.587614
47.151509,27.587490
47.149419,27.585732
47.149445,27.585691
47.143637,27.580892
47.142528,27.580298
47.139446,27.578756
47.137876,27.576821
47.132990,27.571822
47.131578,27.570800
47.129243,27.569212
47.126722,27.567451
47.124491,27.567317
47.124490,27.567318
47.123032,27.567454
47.123517,27.567587
47.123516,27.567589
47.123515,27.567590
47.123756,27.567430
47.126774,27.567486
47.129290,27.569270
47.133690,27.572346
47.136331,27.574863
47.138724,27.577816
47.141814,27.580027
47.143543,27.580866
47.146694,27.583518
47.148310,27.584813
47.150315,27.586528
47.150903,27.587041
47.151668,27.587709
47.153782,27.587390
47.156659,27.585048
47.159290,27.587631
47.159505,27.588131
47.160349,27.590319
47.161508,27.594183
47.163243,27.593819
47.164218,27.591885
47.164175,27.590180
47.163832,27.588433
47.163852,27.587452
47.164227,27.585281
47.164841,27.583053
47.165540,27.580883
47.165796,27.579348
47.168611,27.576853
47.169741,27.576440
47.173813,27.573086
47.175567,27.571635
47.177628,27.569897
47.180111,27.567821
47.181563,27.566583
47.183586,27.564911
47.185927,27.562931
47.188906,27.560371
47.190907,27.559056
47.190974,27.558809
47.190973,27.558810
47.190969,27.558812
47.190968,27.558812
47.190477,27.558475
47.190478,27.558475
47.190478,27.558476
47.190478,27.558477
47.190337,27.558767
47.187199,27.561754
47.186303,27.562476
47.184127,27.564353
47.180753,27.567272
47.179075,27.568676
47.175532,27.571585
47.174554,27.572417
47.171743,27.574730
47.169576,27.576438
47.168734,27.576831
47.166508,27.577531
47.165706,27.580134
47.165473,27.581237
47.165006,27.582709
47.164236,27.585081
47.164101,27.585840
47.163795,27.587886
47.163996,27.589183
47.164264,27.590846
47.162984,27.594094
47.162259,27.594756
47.160408,27.590564
47.159959,27.588954
47.159496,27.587950
47.158654,27.586273
47.156422,27.585011
47.155249,27.585781
47.152383,27.588204
47.152251,27.588143
47.150814,27.586927
47.166735,27.544739
47.167382,27.542553
47.168741,27.541121
47.169089,27.541225
47.169333,27.540592
47.169333,27.540592
47.168102,27.541608
47.166685,27.544394
47.166725,27.550492
47.166737,27.552829
47.166772,27.556581
47.166085,27.558570
47.163209,27.564539
47.162111,27.566710
47.160901,27.573076
47.159084,27.574138
47.160519,27.573138
47.162031,27.573316
47.165557,27.571377
47.166655,27.570001
47.167449,27.568518
47.167633,27.568277
47.168772,27.569055
47.167724,27.573237
47.166456,27.577293
47.165637,27.580385
47.165643,27.580392
47.165345,27.581520
47.164715,27.583768
47.164429,27.584581
47.163822,27.587527
47.163816,27.588202
47.163843,27.590676
47.164205,27.591242
47.164203,27.591245
47.164269,27.591125
47.164134,27.590053
47.163790,27.588130
47.164051,27.585801
47.164172,27.585328
47.164952,27.582891
47.165360,27.581690
47.165684,27.580522
47.166735,27.576405
47.167930,27.572712
47.169144,27.569557
47.168166,27.568366
47.166620,27.570024
47.166371,27.570519
47.166377,27.570515
47.165205,27.571565
47.160614,27.573117
47.159302,27.573831
47.160467,27.574492
47.161980,27.567270
47.163173,27.564603
47.165447,27.559770
47.166459,27.557828
47.166798,27.551288
47.166788,27.547478
47.166743,27.543514
47.168287,27.541443
47.168705,27.541108
47.169226,27.540478
47.169239,27.540482
47.169238,27.540481
47.169239,27.540480
47.169239,27.540481
47.169240,27.540482
47.169218,27.540466
47.166721,27.544347
47.166832,27.550547
47.166932,27.553425
47.166875,27.556808
47.164176,27.562714
47.162119,27.566762
47.161400,27.569206
47.159651,27.575157
47.159206,27.573985
47.161379,27.573309
47.165313,27.571143
47.166266,27.570736
47.166513,27.570293
47.167617,27.568323
47.168307,27.568607
47.168651,27.570878
47.166101,27.578507
47.165470,27.581021
47.164717,27.583655
47.164134,27.585410
47.163822,27.587592
47.164072,27.589801
47.163780,27.590784
47.164178,27.591327
47.164178,27.591325
47.164355,27.590754
47.164160,27.590099
47.163945,27.586591
47.164202,27.585306
47.164623,27.583870
47.165556,27.580704
47.166059,27.578888
47.167542,27.573614
47.169062,27.569374
47.168084,27.568343
47.166565,27.570210
47.165394,27.571463
47.161853,27.573284
47.159068,27.574145
47.160811,27.573799
47.161935,27.567392
47.163277,27.564926
47.163495,27.564177
47.164680,27.561710
47.166473,27.557886
47.166819,27.554031
47.166835,27.548859
47.166708,27.544780
47.168437,27.541237
47.168700,27.541117
47.169350,27.540690
47.169345,27.540688
47.169345,27.540689
47.168543,27.541078
47.166695,27.544182
47.166720,27.547809
47.166805,27.552552
47.166856,27.557122
47.164588,27.561787
47.162253,27.566583
47.162102,27.566842
47.160464,27.574488
47.159508,27.573504
47.160525,27.573169
47.165728,27.571313
47.165766,27.571256
47.166531,27.570294
47.168092,27.568428
47.169151,27.569525
47.167155,27.574702
47.165663,27.580156
47.165394,27.581602
47.164559,27.584263
47.164098,27.585595
47.163799,27.587587
47.163802,27.590769
47.164207,27.591356
47.164205,27.591339
47.164207,27.591339
47.164261,27.591240
47.164115,27.589758
47.163837,27.588520
47.164207,27.585327
47.165039,27.582723
47.165696,27.580594
47.166755,27.576407
47.168411,27.571645
47.168122,27.568352
47.167868,27.568160
47.166386,27.570492
47.164503,27.571903
47.162314,27.573184
47.160081,27.573083
47.158773,27.575481
47.160908,27.571211
47.163070,27.564994
47.164373,27.562375
47.166488,27.557821
47.166819,27.552267
47.166842,27.549676
47.166787,27.545622
47.167105,27.542898
47.168712,27.541156
47.169049,27.541227
47.169402,27.540993
47.169405,27.540982
47.169405,27.540982
47.169404,27.540984
47.169404,27.540983
47.169403,27.540982
47.169401,27.540982
47.169372,27.540644
47.169285,27.540516
47.169285,27.540516
47.169285,27.540516
47.169285,27.540516
47.169284,27.540515
47.169284,27.540514
47.169283,27.540513
47.169283,27.540514
47.169282,27.540514
47.169282,27.540513
47.168720,27.540875
47.167553,27.542320
47.166678,27.544558
47.166717,27.550510
47.166739,27.554637
47.166687,27.557343
47.163982,27.563048
47.162140,27.566783
47.161063,27.570197
47.159319,27.575272
47.159216,27.573988
47.162174,27.573298
47.164240,27.572169
47.165759,27.571286
47.165761,27.571287
47.167081,27.569227
47.168309,27.568689
47.167890,27.572897
47.166487,27.577294
47.165500,27.580767
47.165120,27.582314
47.164520,27.584100
47.164050,27.585851
47.163773,27.588123
47.163821,27.590712
47.164210,27.591319
47.164179,27.591334
47.164180,27.591336
47.164159,27.590092
47.163970,27.586277
47.164595,27.584078
47.165532,27.581037
47.166133,27.578682
47.167487,27.573898
47.168927,27.570308
47.168094,27.568474
47.168094,27.568471
47.167054,27.569350
47.166050,27.571019
47.162387,27.573194
47.159634,27.573363
47.159823,27.575098
47.161239,27.569660
47.162121,27.566836
47.163441,27.564202
47.164885,27.561365
47.166641,27.557750
47.166797,27.554865
47.166827,27.551582
47.166757,27.547798
47.166740,27.544367
47.168503,27.541210
47.168986,27.541187
47.169374,27.540908
47.169374,27.540908
47.169374,27.540909
47.169374,27.540908
47.169375,27.540908
47.169376,27.540908
47.169375,27.540907
47.169218,27.540518
47.169218,27.540518
47.168925,27.540602
47.167798,27.542038
47.166691,27.544430
47.166746,27.550260
47.166773,27.553519
47.166675,27.556819
47.164904,27.560832
47.162797,27.565320
47.162019,27.566691
47.160884,27.572388
47.159102,27.574158
47.160988,27.573268
47.165268,27.571572
47.166502,27.570299
47.168266,27.568627
47.168892,27.570158
47.166816,27.575921
47.165781,27.579494
47.165261,27.581773
47.164474,27.584368
47.164040,27.585796
47.163817,27.587837
47.163907,27.590653
47.163842,27.591284
47.164202,27.591342
47.164202,27.591342
47.164201,27.591344
47.164203,27.591345
47.164203,27.591347
47.164203,27.591347
47.164203,27.591349
47.164205,27.591351
47.164204,27.591352
47.164203,27.591354
47.164203,27.591354
47.164204,27.591354
47.164205,27.591353
47.164206,27.591352
47.163815,27.588426
47.163952,27.586604
47.164444,27.584989
47.164870,27.583255
47.165649,27.580494
47.165611,27.580562
47.165610,27.580567
47.167081,27.575258
47.168414,27.571504
47.168170,27.568405
47.168177,27.568408
47.168178,27.568409
47.166523,27.570205
47.166134,27.570904
47.160693,27.573112
47.158546,27.574986
47.160912,27.573339
47.161137,27.570075
47.162860,27.565320
47.163458,27.564186
47.166250,27.558349
47.166710,27.556844
47.166788,27.551271
47.166812,27.548208
47.166715,27.544758
47.168372,27.541352
47.168788,27.541124
47.169297,27.540530
47.169296,27.540530
47.169295,27.540530
47.169319,27.540515
47.169320,27.540509
47.169319,27.540510
47.169319,27.540510
47.169318,27.540510
47.168916,27.540628
47.167650,27.542185
47.166723,27.544950
47.166712,27.550551
47.166754,27.556812
47.164345,27.562184
47.162128,27.566719
47.160878,27.571922
47.159178,27.574030
47.161363,27.573294
47.165475,27.571474
47.166563,27.570263
47.167490,27.568449
47.167983,27.568364
47.168964,27.569989
47.167150,27.574638
47.166059,27.578589
47.165455,27.581008
47.165006,27.582550
47.164582,27.584081
47.164056,27.585583
47.163773,27.587615
47.164132,27.590206
47.164203,27.591274
47.164188,27.591297
47.164188,27.591300
47.164188,27.591300
47.164211,27.591269
47.164158,27.590038
47.163886,27.586936
47.164278,27.585352
47.164537,27.584327
47.165349,27.581768
47.165613,27.580618
47.166545,27.577115
47.167939,27.572688
47.169119,27.569221
47.167332,27.568759
47.165882,27.571174
47.161643,27.573299
47.159707,27.573298
47.159669,27.575193
47.161258,27.569600
47.163338,27.564368
47.164720,27.561668
47.166618,27.557853
47.166785,27.553159
47.166763,27.549292
47.166756,27.544690
47.168389,27.541322
47.168708,27.541107
47.169370,27.540851
47.169370,27.540851
47.169371,27.540852
47.169371,27.540853
47.169371,27.540855
47.169372,27.540855
47.169371,27.540855
47.169253,27.540500
47.169253,27.540505
47.168123,27.541598
47.166716,27.544049
47.166725,27.547548
47.166732,27.550667
47.166781,27.553387
47.166652,27.556824
47.164888,27.561506
47.163210,27.564608
47.161836,27.567617
47.160890,27.571402
47.159154,27.575074
47.160557,27.573155
47.164703,27.571878
47.166528,27.570273
47.167491,27.568555
47.167495,27.568559
47.168410,27.568754
47.168023,27.572560
47.166316,27.577797
47.165508,27.581259
47.164845,27.583207
47.164464,27.584420
47.164065,27.585736
47.163792,27.587916
47.163851,27.590711
47.164206,27.591315
47.164203,27.591337
47.164204,27.591337
47.164203,27.591338
47.164169,27.590049
47.163815,27.587978
47.164234,27.585306
47.165267,27.581945
47.165585,27.580623
47.166682,27.576655
47.167984,27.572708
47.168860,27.568976
47.167145,27.569121
47.165426,27.571450
47.160912,27.573105
47.158810,27.574529
47.160618,27.574295
47.161897,27.567606
47.163439,27.564236
47.166164,27.558707
47.166412,27.557882
47.166785,27.554417
47.166773,27.550970
47.166729,27.544760
47.168125,27.541665
47.168973,27.541149
47.169347,27.540990
47.169349,27.540991
47.169348,27.540993
47.169349,27.540993
47.169349,27.540995
47.169257,27.540476
47.169258,27.540478
47.168107,27.541623
47.166725,27.544368
47.166727,27.549057
47.166763,27.553205
47.166736,27.556707
47.164733,27.561497
47.162214,27.566843
47.160913,27.572304
47.159036,27.574237
47.161172,27.573278
47.165882,27.571193
47.167173,27.569043
47.167518,27.568420
47.168262,27.568725
47.167982,27.572648
47.166371,27.577584
47.165475,27.581307
47.164610,27.583754
47.164084,27.585766
47.163781,27.587891
47.163921,27.590659
47.164221,27.591309
47.164219,27.591314
47.164219,27.591316
47.164218,27.591315
47.164218,27.591312
47.164217,27.591309
47.164217,27.591307
47.164217,27.591306
47.164217,27.591303
47.164216,27.591303
47.164290,27.590841
47.163896,27.588669
47.164018,27.586232
47.164352,27.584839
