47.159530,27.588204
47.160411,27.590528
47.161610,27.594461
47.161651,27.594683
47.163371,27.593619
47.164125,27.592010
47.164152,27.590024
47.163856,27.587528
47.164190,27.585546
47.164879,27.583360
47.165602,27.581191
47.165798,27.580467
47.167672,27.577090
47.169157,27.576691
47.172623,27.574017
47.175557,27.571598
47.177696,27.569831
47.179531,27.568297
47.181272,27.566834
47.183646,27.564808
47.185839,27.562940
47.188472,27.560707
47.190296,27.559166
47.190286,27.559179
47.190309,27.559178
47.190277,27.559200
47.190870,27.559180
47.190840,27.559159
47.190868,27.559182
47.190872,27.559160
47.190952,27.559025
47.190991,27.558844
47.191011,27.558853
47.190985,27.558846
47.190982,27.558860
47.190985,27.558871
47.190974,27.558861
47.190600,27.558412
47.190488,27.558502
47.190504,27.558498
47.190517,27.558511
47.190533,27.558527
47.190500,27.558482
47.190476,27.558550
47.187839,27.561203
47.186371,27.562518
47.184518,27.564061
47.181848,27.566306
47.180378,27.567514
47.179280,27.568452
47.177138,27.570254
47.175064,27.571980
47.173725,27.573083
47.172732,27.573948
47.169945,27.576195
47.168394,27.576914
47.166251,27.578158
47.165570,27.580469
47.165452,27.581516
47.164762,27.583848
47.164256,27.585208
47.164057,27.586027
47.163871,27.587922
47.164309,27.590997
47.163735,27.592925
47.161995,27.594893
47.160651,27.591352
47.159116,27.587290
47.157999,27.585340
47.155754,27.585425
47.153141,27.588026
47.152723,27.588277
47.149552,27.585843
47.148742,27.585184
47.143287,27.580664
47.142293,27.580199
47.139609,27.578931
47.138949,27.578140
47.134719,27.573012
47.132981,27.571771
47.129697,27.569498
47.127195,27.567693
47.123828,27.567320
47.122959,27.567337
47.122974,27.567333
47.122898,27.567342
47.122907,27.568291
47.122930,27.568267
47.122924,27.568306
47.122924,27.568276
47.122911,27.568286
47.122886,27.568287
47.122898,27.568312
47.122926,27.568264
47.122914,27.568307
47.123224,27.568057
47.123563,27.567527
47.123591,27.567555
47.123610,27.567620
47.123607,27.567600
47.124556,27.567344
47.128766,27.568870
47.131145,27.570516
47.134055,27.572546
47.136930,27.575624
47.138539,27.577708
47.139373,27.578693
47.143442,27.580778
47.145077,27.582126
47.149727,27.586022
47.150347,27.586510
47.151574,27.587590
47.152685,27.588279
47.154211,27.586896
47.158332,27.585764
47.159602,27.588182
47.161457,27.593998
47.161663,27.594668
47.163758,27.592810
47.164145,27.590046
47.163872,27.588599
47.163982,27.586406
47.164320,27.584932
47.165238,27.581992
47.165890,27.579586
47.168290,27.576938
47.170060,27.576176
47.171358,27.575048
47.174373,27.572553
47.176600,27.570703
47.180457,27.567467
47.181912,27.566250
47.184305,27.564206
47.186231,27.562596
47.189254,27.560024
47.190830,27.559163
47.190822,27.559159
47.190815,27.559168
47.190959,27.558934
47.190941,27.558901
47.190922,27.558910
47.190933,27.558903
47.190940,27.558895
47.190942,27.558898
47.190954,27.558888
47.190926,27.558863
47.190455,27.558492
47.190474,27.558491
47.190449,27.558497
47.190456,27.558499
47.190458,27.558452
47.190477,27.558468
47.190435,27.558521
47.187983,27.561069
47.186330,27.562515
47.184471,27.564070
47.181131,27.566917
47.179560,27.568214
47.176042,27.571177
47.174561,27.572419
47.172652,27.573980
47.169120,27.576710
47.168277,27.576988
47.166463,27.577633
47.165490,27.581032
47.165292,27.581853
47.164575,27.584088
47.164115,27.585544
47.163835,27.587224
47.164088,27.589980
47.164180,27.590568
47.164261,27.591484
47.162618,27.594421
47.161532,27.594292
47.160530,27.591131
47.159100,27.587358
47.157878,27.585232
47.155329,27.585696
47.153204,27.587906
47.151581,27.587569
47.149397,27.585760
47.147302,27.583986
47.142493,27.580262
47.142499,27.580256
47.139363,27.578664
47.137725,27.576637
47.135542,27.573881
47.132963,27.571787
47.129198,27.569166
47.126513,27.567391
47.124454,27.567312
47.124464,27.567324
47.122927,27.567349
47.122630,27.567952
47.123395,27.567848
47.123389,27.567837
47.123395,27.567852
47.123391,27.567829
47.123442,27.567819
47.123553,27.567564
47.123536,27.567562
47.123724,27.567382
47.125544,27.567330
47.128712,27.568907
47.131166,27.570547
47.133953,27.572481
47.135174,27.573462
47.138474,27.577578
47.141708,27.579989
47.143554,27.580880
47.147371,27.584080
47.150331,27.586546
47.151521,27.587549
47.154898,27.586176
47.156956,27.585034
47.159339,27.587824
47.160143,27.589886
47.161664,27.594793
47.164087,27.592047
47.164081,27.590092
47.163761,27.588576
47.164124,27.585551
47.164556,27.584244
47.165502,27.581171
47.166116,27.578716
47.168943,27.576778
47.171933,27.574585
47.174499,27.572440
47.175517,27.571589
47.178800,27.568892
47.180589,27.567383
47.181842,27.566306
47.184690,27.563880
47.186391,27.562430
47.190056,27.559369
47.190625,27.559265
47.190657,27.559223
47.190685,27.559251
47.190686,27.559257
47.190835,27.559181
47.190850,27.559197
47.190833,27.559191
47.190838,27.559163
47.190846,27.559132
47.190931,27.558951
47.190920,27.558966
47.190921,27.558979
47.190930,27.558977
47.190921,27.558926
47.190491,27.558490
47.190489,27.558495
47.190356,27.558712
47.187605,27.561397
47.186319,27.562506
47.184466,27.564056
47.181940,27.566212
47.180389,27.567518
47.177946,27.569584
47.175688,27.571474
47.174735,27.572227
47.172620,27.573996
47.169402,27.576545
47.167075,27.577276
47.165979,27.579047
47.165494,27.581049
47.164880,27.583161
47.164470,27.584509
47.164217,27.585203
47.163830,27.587335
47.164053,27.589666
47.163795,27.591160
47.163830,27.588484
47.164127,27.585558
47.164563,27.584135
47.165833,27.579613
47.167177,27.574866
47.168884,27.570393
47.168511,27.568756
47.168386,27.568679
47.168381,27.568665
47.166626,27.570085
47.165122,27.571641
47.164537,27.571956
47.164134,27.572849
47.165042,27.573268
47.165073,27.573298
47.165071,27.573301
47.165064,27.573280
47.165069,27.573289
47.165063,27.573304
47.165065,27.573275
47.165057,27.573285
47.165064,27.573289
47.165076,27.573300
47.165199,27.573162
47.165538,27.573901
47.165684,27.573701
47.165552,27.572872
47.165520,27.572836
47.165537,27.572850
47.165523,27.572835
47.165541,27.572862
47.165564,27.572866
47.165619,27.572878
47.165573,27.572879
47.165546,27.572861
47.165577,27.572874
47.165652,27.572885
47.165667,27.572874
47.165692,27.572865
47.165638,27.572836
47.165579,27.572848
47.165573,27.572847
47.165645,27.572853
47.165601,27.572881
47.165686,27.572889
47.165655,27.572877
47.165609,27.572877
47.165229,27.572503
47.165257,27.572536
47.149067,27.595360
47.148814,27.596815
47.148232,27.600927
47.147276,27.607677
47.147051,27.609209
47.146296,27.614593
47.146318,27.614594
47.146327,27.614616
47.146312,27.614596
47.146314,27.614597
47.146313,27.614603
47.146314,27.614614
47.146313,27.614624
47.146324,27.614610
47.146337,27.614636
47.146313,27.614627
47.146304,27.614621
47.146299,27.614621
47.146303,27.614624
47.146313,27.614629
47.146324,27.614624
47.146325,27.614617
47.146335,27.614619
47.146322,27.614619
47.146317,27.614621
47.146311,27.614619
47.146322,27.614621
47.146315,27.614624
47.146315,27.614624
47.146305,27.614624
47.146297,27.614623
47.146284,27.614603
47.146277,27.614607
47.146280,27.614617
47.146295,27.614626
47.146298,27.614609
47.146299,27.614615
47.146306,27.614619
47.146300,27.614607
47.146273,27.614595
47.146285,27.614609
47.146279,27.614613
47.146280,27.614598
47.146279,27.614595
47.146281,27.614591
47.146259,27.614588
47.146267,27.614591
47.146272,27.614593
47.146298,27.614611
47.146238,27.614865
47.146123,27.615852
47.146125,27.615843
47.145970,27.617005
47.145891,27.617575
47.145697,27.618935
47.145689,27.618929
47.147415,27.620121
47.150620,27.621104
47.151905,27.621488
47.152953,27.622048
47.155132,27.625290
47.156444,27.623631
47.158854,27.620320
47.159352,27.618171
47.159897,27.614286
47.160100,27.613257
47.161260,27.609138
47.161564,27.608267
47.162294,27.606246
47.162466,27.605739
47.162545,27.602838
47.162982,27.599112
47.163331,27.595427
47.163849,27.592624
47.164140,27.590126
47.163873,27.588693
47.164023,27.586047
47.164199,27.585312
47.164349,27.584880
47.165089,27.582520
47.165610,27.580489
47.167192,27.577244
47.169499,27.576544
47.172730,27.573951
47.174254,27.572673
47.175551,27.571588
47.177657,27.569854
47.180254,27.567679
47.181739,27.566423
47.183672,27.564750
47.185837,27.562936
47.189807,27.559556
47.190912,27.558883
47.190919,27.558912
47.190908,27.558913
47.190907,27.558918
47.190897,27.558901
47.190908,27.558903
47.190498,27.558506
47.190469,27.558540
47.190463,27.558545
47.190479,27.558524
47.190489,27.558541
47.190472,27.558508
47.190498,27.558552
47.190489,27.558510
47.190475,27.558478
47.189954,27.559381
47.186409,27.562425
47.184927,27.563653
47.183082,27.565299
47.180449,27.567454
47.179941,27.567892
47.176832,27.570494
47.174860,27.572150
47.172269,27.574284
47.169087,27.576684
47.166895,27.577336
47.165743,27.580153
47.165359,27.581375
47.164760,27.583529
47.164453,27.584433
47.164069,27.585828
47.163792,27.587820
47.164130,27.590081
47.164331,27.591505
47.163479,27.593483
47.163239,27.596785
47.162650,27.600433
47.162554,27.605274
47.162167,27.606717
47.161439,27.608647
47.160262,27.612189
47.160008,27.613832
47.159236,27.618967
47.158095,27.621358
47.156147,27.624037
47.153573,27.624139
47.152003,27.621522
47.148990,27.620600
47.146925,27.619966
47.145794,27.618357
47.146774,27.611513
47.146875,27.610790
47.146867,27.610800
47.147228,27.608263
47.148063,27.602387
47.148655,27.598027
47.149164,27.594936
47.149176,27.594937
47.149544,27.593758
47.151073,27.589039
47.151975,27.587959
47.155602,27.585550
47.159255,27.587668
47.159765,27.588782
47.160369,27.590614
47.161116,27.592998
47.161530,27.594435
47.162140,27.594837
47.163648,27.593025
47.163907,27.592512
47.164134,27.590058
47.163962,27.586557
47.164328,27.584859
47.164307,27.584827
47.165230,27.582228
47.165499,27.580485
47.165573,27.580520
47.166759,27.577382
47.169058,27.576745
47.172419,27.574170
47.173069,27.573579
47.174844,27.572112
47.175526,27.571557
47.177610,27.569841
47.180278,27.567576
47.182724,27.565559
47.184886,27.563660
47.186654,27.562178
47.189939,27.559389
47.189991,27.559251
47.190003,27.559279
47.190914,27.558886
47.190481,27.558526
47.190488,27.558506
47.190495,27.558525
47.190508,27.558538
47.190513,27.558535
47.190149,27.559256
47.186941,27.561969
47.185336,27.563320
47.183696,27.564714
47.180553,27.567367
47.179794,27.568014
47.177984,27.569548
47.176120,27.571094
47.175699,27.571459
47.174769,27.572231
47.174389,27.572538
47.171621,27.574831
47.169146,27.576658
47.168720,27.576845
47.167340,27.577157
47.165483,27.581161
47.165113,27.582518
47.164512,27.584435
47.164075,27.585809
47.163790,27.587752
47.164141,27.590293
47.164307,27.591053
47.163794,27.592744
47.163233,27.596823
47.162423,27.601462
47.162528,27.605363
47.161500,27.608468
47.161245,27.609211
47.160080,27.613325
47.160039,27.613827
47.159769,27.615668
47.164134,27.589931
47.190077,27.559303
47.190891,27.558894
47.183937,27.564566
47.180539,27.567421
47.179272,27.568469
47.176612,27.570693
47.174767,27.572236
47.173290,27.573451
47.170289,27.575914
47.168730,27.576813
47.166455,27.577613
47.165512,27.580700
47.165414,27.581710
47.164693,27.583894
47.164505,27.584482
47.164289,27.585082
47.163860,27.587228
47.164285,27.590977
47.163804,27.592705
47.162148,27.594831
47.160933,27.592237
47.160696,27.591551
47.159425,27.587858
47.158545,27.586114
47.155973,27.585296
47.153876,27.587247
47.152307,27.588152
47.152236,27.588109
47.151234,27.588450
47.150468,27.590851
47.149476,27.594030
47.149079,27.595349
47.148259,27.600965
47.148144,27.601769
47.147124,27.608930
47.147097,27.608930
47.147017,27.609531
47.145906,27.617596
47.145711,27.618949
47.145721,27.619404
47.148220,27.620333
47.150496,27.621059
47.151047,27.621243
47.153108,27.622285
47.154621,27.625435
47.156370,27.623799
47.158923,27.620304
47.159777,27.615574
47.159981,27.614338
47.161072,27.609842
47.162120,27.606951
47.162567,27.605358
47.162610,27.600634
47.163075,27.598793
47.163805,27.592738
47.164175,27.590174
47.164167,27.590038
47.164156,27.590036
47.163801,27.588287
47.164229,27.585315
47.164919,27.583119
47.165640,27.580569
47.166412,27.577730
47.168996,27.576764
47.171319,27.575154
47.174214,27.572743
47.175602,27.571597
47.178559,27.569134
47.181077,27.566984
47.182648,27.565649
47.184634,27.563956
47.186674,27.562227
47.190451,27.559174
47.190702,27.559183
47.190705,27.559192
47.190698,27.559207
47.190698,27.559191
47.190730,27.559189
47.190926,27.558938
47.190941,27.558948
47.190917,27.558938
47.190929,27.558933
47.190923,27.558956
47.190935,27.558926
47.190939,27.558916
47.190950,27.558921
47.190690,27.558428
47.190532,27.558518
47.190580,27.558497
47.190550,27.558540
47.190551,27.558508
47.190454,27.558690
47.188520,27.560648
47.186478,27.562379
47.185380,27.563293
47.183675,27.564771
47.180883,27.567111
47.179734,27.568079
47.177539,27.569934
47.175723,27.571442
47.174519,27.572393
47.173385,27.573339
47.170305,27.575874
47.167180,27.577209
47.166470,27.577606
47.165481,27.581247
47.165289,27.582205
47.164587,27.584399
47.164191,27.585565
47.163859,27.587965
47.163834,27.588110
47.164340,27.590950
47.163439,27.593533
47.161423,27.593776
47.160655,27.591231
47.159457,27.587896
47.159140,27.587318
47.157918,27.585244
47.155722,27.585416
47.154093,27.587029
47.152228,27.588109
47.151755,27.587725
47.151569,27.587651
47.150865,27.589692
47.149447,27.594058
47.149142,27.595016
47.148760,27.597160
47.148254,27.600974
47.148249,27.600978
47.147409,27.606833
47.147105,27.608966
47.147112,27.608978
47.146495,27.613327
47.145745,27.618527
47.145696,27.618944
47.147847,27.620276
47.149980,27.620928
47.150617,27.621122
47.152218,27.621611
47.153656,27.624511
47.156310,27.623833
47.157571,27.622097
47.159210,27.619073
47.159858,27.614767
47.159906,27.614331
47.160951,27.610083
47.161299,27.609034
47.162436,27.605696
47.162567,27.603080
47.162567,27.603080
47.163509,27.593309
47.164304,27.591401
47.164130,27.590007
47.163818,27.588446
47.163919,27.586485
47.164155,27.585468
47.164338,27.584863
47.165059,27.582581
47.165559,27.580603
47.166495,27.577549
47.168952,27.576766
47.171719,27.574768
47.174377,27.572582
47.175464,27.571641
47.178645,27.569024
47.180518,27.567464
47.182285,27.565969
47.184768,27.563827
47.187077,27.561893
47.190448,27.559209
47.190870,27.558971
47.190876,27.558944
47.190873,27.558957
47.190889,27.558960
47.190905,27.558846
47.190442,27.558526
47.190453,27.558567
47.190441,27.558537
47.190427,27.558516
47.190403,27.558507
47.190394,27.558502
47.190455,27.558575
47.188211,27.560851
47.186204,27.562501
47.184428,27.564041
47.181353,27.566702
47.179182,27.568529
47.175807,27.571351
47.174528,27.572413
47.171872,27.574625
47.169407,27.576543
47.167347,27.577170
47.165998,27.579010
47.165473,27.581377
47.164693,27.583941
47.164512,27.584533
47.164081,27.585919
47.163809,27.588006
47.164267,27.590995
47.163805,27.592670
47.163307,27.595768
47.163006,27.598953
47.162554,27.605222
47.161945,27.607380
47.161437,27.608637
47.160407,27.611672
47.160236,27.612283
47.160011,27.613995
47.159179,27.619277
47.157109,27.622719
47.155889,27.624401
47.153361,27.623230
47.151892,27.621513
47.148753,27.620543
47.147029,27.620001
47.146013,27.619715
47.145983,27.619716
47.146260,27.615003
47.146844,27.610765
47.146862,27.610767
47.146911,27.610501
47.147729,27.604652
47.147939,27.603010
47.148295,27.600399
47.149173,27.594891
47.149183,27.594886
47.150336,27.591226
47.151078,27.589000
47.151908,27.587868
47.152669,27.588296
47.156267,27.585172
47.159514,27.588173
47.160429,27.590768
47.161642,27.594700
47.161636,27.594701
47.163772,27.592762
47.164330,27.591289
47.164073,27.589738
47.163846,27.587195
47.164165,27.585323
47.164300,27.584857
47.165192,27.582149
47.165692,27.580491
47.167842,27.577045
47.169775,27.576374
47.173480,27.573314
47.175549,27.571614
47.178817,27.568891
47.180214,27.567680
47.181485,27.566611
47.183864,27.564571
47.186221,27.562598
47.190185,27.559210
47.190875,27.558930
47.190872,27.558944
47.190871,27.558964
47.190856,27.558959
47.190860,27.558959
47.190856,27.558983
47.190849,27.558972
47.190827,27.558973
47.190845,27.558962
47.190834,27.558968
47.190844,27.558991
47.190621,27.558470
47.190429,27.558593
47.190424,27.558544
47.189628,27.559708
47.186129,27.562724
47.183767,27.564718
47.180553,27.567412
47.178814,27.568893
47.175569,27.571574
47.174518,27.572428
47.173382,27.573393
47.171682,27.574800
47.168841,27.576800
47.166883,27.577367
47.165587,27.580624
47.165139,27.582345
47.164480,27.584516
47.164038,27.585950
47.163760,27.588203
47.164248,27.590981
47.163851,27.592620
47.162102,27.594847
47.162111,27.594852
47.160817,27.591920
47.159482,27.588062
47.158665,27.586392
47.156282,27.585095
47.155124,27.585995
47.153534,27.587619
47.151773,27.587725
47.151407,27.587745
47.150846,27.589717
47.149432,27.594013
47.149048,27.595370
47.148572,27.598573
47.148295,27.600649
47.147659,27.605172
47.147127,27.608969
47.147109,27.608952
47.146442,27.613702
47.145695,27.618945
47.145693,27.618914
47.146423,27.619812
47.149081,27.620616
47.150596,27.621060
47.153105,27.622308
47.155616,27.624819
47.157113,27.622748
47.159154,27.619632
47.159914,27.614336
47.160172,27.612681
47.161180,27.609562
47.161445,27.608733
47.162482,27.605734
47.162497,27.600989
47.163199,27.597359
47.163833,27.592631
47.164128,27.590083
47.163832,27.588534
47.164216,27.585329
47.164703,27.583771
47.165691,27.580826
47.165756,27.580772
47.166528,27.577652
47.168971,27.576790
47.172189,27.574399
47.175418,27.571691
47.176064,27.571170
47.179419,27.568370
47.181002,27.566992
47.183604,27.564848
47.185860,27.562949
47.187866,27.561301
47.190783,27.559189
47.190864,27.559088
47.190882,27.559088
47.190872,27.559106
47.190873,27.559101
47.190880,27.559089
47.190577,27.558481
47.190575,27.558485
47.190571,27.558493
47.190554,27.558489
47.190569,27.558476
47.190394,27.558780
47.187615,27.561390
47.185940,27.562832
47.183923,27.564540
47.180503,27.567433
47.179242,27.568515
47.176001,27.571205
47.174542,27.572411
47.171515,27.574920
47.168735,27.576848
47.166397,27.577720
47.165594,27.580495
47.164936,27.583097
47.164451,27.584498
47.163986,27.586508
47.163910,27.588701
47.164198,27.590449
47.164275,27.591673
47.163429,27.594608
47.163242,27.597705
47.162615,27.604854
47.162070,27.607070
47.160332,27.611945
47.160027,27.613842
47.159198,27.619258
47.157447,27.622291
47.156019,27.624264
47.153371,27.623077
