47.123408,27.567770
47.123434,27.567737
47.123458,27.567688
47.123546,27.567535
47.123540,27.567520
47.123535,27.567537
47.123535,27.567528
47.123491,27.567513
47.123786,27.567407
47.126500,27.567396
47.128851,27.568973
47.131181,27.570637
47.134043,27.572626
47.134920,27.573267
47.138532,27.577647
47.139156,27.578506
47.142462,27.580235
47.143593,27.580905
47.148066,27.584645
47.150354,27.586605
47.151341,27.587452
47.152958,27.588221
47.156708,27.585042
47.159513,27.588210
47.159520,27.588261
47.160352,27.590549
47.161612,27.594497
47.162069,27.594870
47.163852,27.592685
47.164330,27.590775
47.164031,27.589074
47.163840,27.588266
47.164200,27.585540
47.164849,27.583630
47.165367,27.581938
47.165729,27.580727
47.166929,27.577356
47.168957,27.576807
47.169380,27.576628
47.172767,27.573936
47.173333,27.573463
47.174607,27.572406
47.176306,27.570987
47.179401,27.568433
47.181139,27.566964
47.183620,27.564821
47.185572,27.563199
47.187210,27.561822
47.190279,27.559222
47.190784,27.559231
47.190776,27.559236
47.190786,27.559243
47.190776,27.559242
47.190945,27.558928
47.190990,27.558919
47.190970,27.558911
47.190967,27.558909
47.190951,27.558900
47.190931,27.558914
47.190461,27.558503
47.190457,27.558507
47.190441,27.558475
47.190448,27.558470
47.190459,27.558493
47.190479,27.558535
47.190479,27.558491
47.190496,27.558516
47.190030,27.559368
47.186345,27.562508
47.184700,27.563854
47.182527,27.565722
47.180365,27.567567
47.179162,27.568567
47.175197,27.571839
47.174511,27.572420
47.171796,27.574661
47.168856,27.576766
47.166988,27.577299
47.166227,27.578100
47.165400,27.581313
47.165040,27.582600
47.164450,27.584473
47.164060,27.585877
47.163795,27.587950
47.164190,27.590510
47.164302,27.591234
47.163578,27.593257
47.162159,27.594773
47.160738,27.591506
47.159507,27.587847
47.158904,27.586668
47.155788,27.585377
47.153261,27.587839
47.152554,27.588240
47.150474,27.586644
47.149582,27.585881
47.149431,27.585721
47.147207,27.583910
47.142553,27.580266
47.141902,27.580007
47.139040,27.578238
47.137613,27.576434
47.134455,27.572832
47.132682,27.571623
47.129208,27.569179
47.127496,27.567955
47.124468,27.567297
47.123186,27.567341
47.122875,27.568282
47.123388,27.567846
47.123400,27.567852
47.123402,27.567840
47.123403,27.567829
47.123382,27.567815
47.123411,27.567861
47.123391,27.567840
47.123577,27.567615
47.123568,27.567603
47.123564,27.567565
47.123563,27.567576
47.123568,27.567588
47.123581,27.567595
47.123760,27.567421
47.127966,27.568340
47.128900,27.569022
47.131167,27.570625
47.134012,27.572581
47.136729,27.575425
47.138808,27.578033
47.142503,27.580319
47.144811,27.581959
47.150221,27.586483
47.150320,27.586562
47.152570,27.588307
47.154676,27.586491
47.158300,27.585768
47.159523,27.588204
47.160570,27.591284
47.161555,27.594445
47.164129,27.592019
47.164202,27.590311
47.163962,27.588930
47.164103,27.585848
47.164325,27.585059
47.164467,27.584518
47.165207,27.582083
47.165716,27.580568
47.168066,27.576993
47.169930,27.576304
47.172980,27.573727
47.174737,27.572255
47.175585,27.571566
47.178763,27.568912
47.181092,27.566948
47.183648,27.564838
47.185845,27.562915
47.189329,27.559966
47.190927,27.558992
47.190919,27.558987
47.190917,27.558978
47.190931,27.559011
47.190944,27.558971
47.190452,27.558455
47.190428,27.558470
47.190429,27.558484
47.190426,27.558511
47.190445,27.558467
47.190413,27.558403
47.190425,27.558439
47.190432,27.558448
47.190438,27.558436
47.189028,27.560135
47.186302,27.562430
47.184505,27.563977
47.182370,27.565799
47.180406,27.567444
47.177601,27.569760
47.175199,27.571823
47.174468,27.572421
47.172055,27.574406
47.168835,27.576754
47.167085,27.577235
47.166192,27.578086
47.165486,27.580939
47.165341,27.581551
47.164543,27.583988
47.164336,27.584728
47.163841,27.587025
47.164117,27.590187
47.164238,27.590943
47.163825,27.592525
47.161632,27.594625
47.159882,27.588911
47.159496,27.587859
47.159133,27.587292
47.157334,27.585024
47.154079,27.586975
47.151637,27.587603
47.149415,27.585726
47.149299,27.585659
47.144516,27.581647
47.142489,27.580254
47.139942,27.579172
47.138094,27.577059
47.136762,27.575375
47.132987,27.571787
47.131552,27.570776
47.129222,27.569132
47.124796,27.567301
47.123502,27.567332
47.123515,27.567348
47.123514,27.567369
47.123507,27.567324
47.123531,27.567338
47.123531,27.567338
47.123576,27.567593
47.123560,27.567581
47.123704,27.567420
47.126534,27.567443
47.128858,27.569001
47.132848,27.571796
47.134145,27.572707
47.138354,27.577482
47.140165,27.579409
47.141989,27.580145
47.143955,27.581281
47.148662,27.585207
47.150365,27.586662
47.151923,27.587923
47.154417,27.586676
47.156492,27.585062
47.159298,27.587769
47.159754,27.588770
47.160718,27.591895
47.163038,27.594000
47.164288,27.591272
47.164084,27.589872
47.163787,27.588279
47.164208,27.585332
47.164857,27.583264
47.165581,27.580686
47.166169,27.578402
47.168920,27.576817
47.171042,27.575351
47.175504,27.571616
47.177344,27.570105
47.179420,27.568376
47.181232,27.566821
47.183624,27.564827
47.185880,27.562955
47.189730,27.559611
47.190281,27.559217
47.190890,27.558904
47.190898,27.558888
47.190895,27.558882
47.190881,27.558868
47.190448,27.558522
47.190418,27.558497
47.190442,27.558542
47.190264,27.558897
47.187600,27.561335
47.186017,27.562714
47.184271,27.564178
47.181083,27.566888
47.179196,27.568500
47.176715,27.570558
47.174853,27.572147
47.173606,27.573144
47.170590,27.575608
47.168704,27.576813
47.166202,27.578126
47.165356,27.581251
47.165027,27.582448
47.164455,27.584249
47.164023,27.585859
47.163880,27.588845
47.163876,27.590676
47.163846,27.591308
47.163947,27.591407
47.163937,27.591366
47.163949,27.591386
47.164214,27.591291
47.164271,27.590896
47.164111,27.589954
47.163811,27.588489
47.163992,27.586390
47.164405,27.584793
47.165129,27.582507
47.165601,27.580651
47.166172,27.578444
47.167372,27.574238
47.168077,27.572460
47.168346,27.568598
47.168063,27.568329
47.168063,27.568342
47.166346,27.570562
47.165122,27.571617
47.164334,27.572079
47.164065,27.572267
47.165050,27.573284
47.165562,27.573852
47.165542,27.573876
47.165708,27.573645
47.165740,27.572933
47.165583,27.572833
47.165595,27.572828
47.165594,27.572838
47.165589,27.572850
47.165578,27.572850
47.165607,27.572824
47.165583,27.572819
47.165582,27.572775
47.165545,27.572834
47.165590,27.572795
47.165547,27.572842
47.165565,27.572819
47.165575,27.572834
47.165562,27.572814
47.165062,27.574206
47.165054,27.574247
47.190683,27.559305
47.190765,27.559278
47.190748,27.559295
47.190742,27.559332
47.190735,27.559283
47.190751,27.559300
47.190748,27.559305
47.190961,27.558927
47.191029,27.558886
47.191013,27.558910
47.190982,27.558909
47.190986,27.558922
47.190983,27.558916
47.190990,27.558917
47.190985,27.558916
47.190962,27.558933
47.190951,27.558912
47.190569,27.558398
47.190541,27.558409
47.190527,27.558391
47.190530,27.558404
47.190518,27.558416
47.190521,27.558389
47.190530,27.558385
47.190533,27.558383
47.189411,27.559865
47.186558,27.562282
47.184854,27.563727
47.182418,27.565769
47.180351,27.567515
47.177511,27.569928
47.174721,27.572246
47.172537,27.574065
47.169136,27.576677
47.166832,27.577370
47.165635,27.580483
47.165350,27.581582
47.164875,27.583006
47.164616,27.583925
47.164242,27.585179
47.163990,27.586300
47.163851,27.587357
47.163853,27.587334
47.163822,27.587527
47.163800,27.587947
47.164091,27.589882
47.164199,27.590673
47.164289,27.591499
47.163409,27.593493
47.161903,27.594917
47.160170,27.589748
47.159426,27.587900
47.159155,27.587219
47.156382,27.585040
47.154281,27.586812
47.153064,27.588070
47.152401,27.588224
47.149428,27.585781
47.146765,27.583515
47.144034,27.581231
47.139940,27.579171
47.137968,27.576901
47.136270,27.574757
47.132992,27.571748
47.130934,27.570358
47.129214,27.569171
47.124451,27.567322
47.124438,27.567353
47.123349,27.567427
47.123242,27.567957
47.123261,27.567950
47.123264,27.567945
47.123266,27.567961
47.123516,27.567527
47.123525,27.567535
47.123528,27.567532
47.123542,27.567520
47.123535,27.567518
47.123759,27.567422
47.123748,27.567426
47.128652,27.568810
47.130605,27.570207
47.134022,27.572604
47.137617,27.576530
47.138951,27.578219
47.141871,27.580096
47.143292,27.580758
47.144797,27.581934
47.148223,27.584834
47.150345,27.586586
47.150947,27.587112
47.151941,27.587941
47.154446,27.586675
47.158579,27.586238
47.159578,27.588230
47.160324,27.590695
47.161341,27.593730
47.162155,27.594823
47.164104,27.592037
47.164150,27.590044
47.163853,27.588485
47.163870,27.587380
47.164240,27.585331
47.164957,27.582922
47.165605,27.580732
47.166314,27.578100
47.168973,27.576801
47.171314,27.575129
47.173104,27.573623
47.175223,27.571857
47.177256,27.570163
47.180732,27.567255
47.181962,27.566236
47.184289,27.564177
47.186481,27.562356
47.189901,27.559431
47.190948,27.558887
47.190930,27.558890
47.190961,27.558894
47.190914,27.558605
47.190440,27.558480
47.190436,27.558480
47.190443,27.558491
47.190483,27.558493
47.190485,27.558477
47.189239,27.559980
47.186310,27.562475
47.185085,27.563563
47.183532,27.564805
47.180381,27.567511
47.178197,27.569364
47.175935,27.571237
47.174698,27.572223
47.171414,27.575020
47.169383,27.576541
47.168346,27.576905
47.166039,27.578794
47.165437,27.581341
47.164699,27.583478
47.164037,27.585816
47.164005,27.589212
47.164251,27.590949
47.164246,27.591069
47.162863,27.594237
47.162064,27.594826
47.161584,27.594415
47.160648,27.591306
47.159506,27.587994
47.158537,27.586062
47.156583,27.584984
47.152748,27.588264
47.152211,27.588088
47.150052,27.586292
47.148222,27.584746
47.143428,27.580757
47.142509,27.580270
47.140176,27.579331
47.138430,27.577476
47.136744,27.575322
47.132961,27.571771
47.131546,27.570780
47.129215,27.569146
47.125113,27.567304
47.124419,27.567330
47.123367,27.567409
47.123319,27.567865
47.123321,27.567868
47.123329,27.567867
47.123322,27.567860
47.123320,27.567870
47.123546,27.567536
47.123549,27.567530
47.123546,27.567546
47.123543,27.567528
47.123518,27.567521
47.123521,27.567518
47.123520,27.567538
47.123546,27.567502
47.123527,27.567508
47.123539,27.567509
47.123753,27.567404
47.124709,27.567359
47.128852,27.568962
47.132735,27.571694
47.134209,27.572736
47.138475,27.577630
47.139672,27.579020
47.142132,27.580170
47.143581,27.580913
47.147642,27.584331
47.150337,27.586593
47.151429,27.587482
47.151936,27.587924
47.152623,27.588325
47.156514,27.585050
47.159501,27.588178
47.160065,27.589467
47.161652,27.594681
47.161645,27.594675
47.163084,27.594023
47.163427,27.593502
47.163908,27.592525
47.164307,27.590942
47.164098,27.589382
47.163836,27.587717
47.164165,27.585530
47.164338,27.584827
47.164727,27.583557
47.165520,27.580901
47.165540,27.580748
47.166517,27.577612
47.168963,27.576799
47.172167,27.574407
47.173016,27.573699
47.173112,27.573631
47.174324,27.572618
47.175590,27.571609
47.177515,27.569987
47.181067,27.566972
47.182380,27.565849
47.163820,27.587362
47.138945,27.578099
47.136662,27.575221
47.123537,27.567544
47.123572,27.567547
47.123627,27.567490
47.123627,27.567490
47.128779,27.568849
47.131392,27.570737
47.134329,27.572814
47.138498,27.577673
47.141383,27.579888
47.143566,27.580897
47.147010,27.583792
47.150348,27.586617
47.151886,27.587885
47.151945,27.587910
47.154653,27.586472
47.158868,27.586851
47.159840,27.588896
47.160955,27.592428
47.162971,27.594159
47.163760,27.592848
47.163760,27.592848
47.163760,27.592848
47.164794,27.583600
47.165449,27.581296
47.165734,27.580672
47.166165,27.578566
47.168991,27.576776
47.172163,27.574438
47.174432,27.572571
47.175642,27.571562
47.178870,27.568877
47.180903,27.567142
47.182617,27.565698
47.184301,27.564294
47.187035,27.561946
47.189568,27.559774
47.189669,27.559717
47.189653,27.559680
47.190019,27.559399
47.190035,27.559413
47.190053,27.559403
47.190642,27.559268
47.190993,27.558892
47.191000,27.558881
47.190984,27.558856
47.191011,27.558865
47.190963,27.558858
47.190964,27.558863
47.191005,27.558839
47.190726,27.558369
47.190479,27.558469
47.190494,27.558452
47.190514,27.558444
47.190507,27.558430
47.190525,27.558439
47.190521,27.558485
47.189053,27.560178
47.186371,27.562419
47.184533,27.563966
47.182724,27.565442
47.180374,27.567506
47.178973,27.568686
47.175858,27.571265
47.174713,27.572246
47.173076,27.573563
47.170223,27.575895
47.168674,27.576808
47.166254,27.578091
47.165477,27.581263
47.164805,27.583417
47.164099,27.585821
47.163837,27.587953
47.164284,27.590969
47.163473,27.593405
47.161112,27.592792
47.159728,27.588497
47.159166,27.587284
47.157427,27.585041
47.155716,27.585355
47.153580,27.587510
47.151212,27.587241
47.149429,27.585722
47.146845,27.583569
47.142575,27.580267
47.142575,27.580267
47.138625,27.577725
47.134307,27.572705
47.132036,27.571121
47.129217,27.569147
47.124572,27.567303
47.124393,27.567312
47.123401,27.567410
47.122785,27.567533
47.122770,27.567511
47.122757,27.567503
47.122765,27.567517
47.123281,27.567896
47.123484,27.567580
47.123488,27.567566
47.123491,27.567568
47.123495,27.567580
47.123489,27.567573
47.123488,27.567577
47.123499,27.567587
47.123502,27.567571
47.127189,27.567780
47.129239,27.569249
47.131235,27.570651
47.134026,27.572624
47.136374,27.574963
47.138287,27.577340
47.140890,27.579678
47.141858,27.580077
47.143578,27.580942
47.147845,27.584504
47.149785,27.586179
47.151614,27.587629
47.152857,27.588277
47.157117,27.585055
47.159135,27.587404
47.159762,27.588754
47.161668,27.594683
47.161665,27.594663
47.164075,27.592136
47.164137,27.589978
47.163854,27.587559
47.164199,27.585519
47.164352,27.584841
47.165024,27.582967
47.165257,27.582112
47.165621,27.580636
47.166147,27.578647
47.168830,27.576817
47.170206,27.576089
47.173928,27.572962
47.175312,27.571820
47.176883,27.570519
47.178761,27.568954
47.180644,27.567354
47.181670,27.566470
47.183640,27.564794
47.185862,27.562930
47.189100,27.560139
47.190304,27.559182
47.190941,27.558935
47.190957,27.558936
47.190941,27.558924
47.190945,27.558920
47.190966,27.558936
47.190419,27.558506
47.190387,27.558480
47.190404,27.558520
47.190402,27.558515
47.190417,27.558511
47.190425,27.558497
47.188753,27.560385
47.186275,27.562460
47.184284,27.564141
47.180384,27.567460
47.178052,27.569427
47.174691,27.572223
47.173952,27.572798
47.169999,27.576073
47.167797,27.577022
47.166431,27.577529
47.165395,27.581280
47.164984,27.582694
47.164433,27.584429
47.164108,27.585646
47.163775,27.587889
47.164246,27.590960
47.164158,27.591801
47.162266,27.594665
47.160703,27.591519
47.159428,27.587876
47.158730,27.586401
47.156182,27.585149
47.153982,27.587082
47.152220,27.588110
47.151730,27.587674
47.150457,27.586622
47.149423,27.585740
47.148263,27.584745
47.142810,27.580387
47.142506,27.580253
47.140750,27.579588
47.138844,27.578024
47.134711,27.573019
47.134114,27.572598
47.132266,27.571303
47.129197,27.569154
47.127830,27.568179
47.125313,27.567299
47.124462,27.567301
47.123367,27.567412
47.123033,27.568221
47.123043,27.568229
47.123043,27.568237
47.123037,27.568212
47.123046,27.568240
47.123046,27.568227
47.123052,27.568223
47.123047,27.568226
47.123483,27.567609
47.123484,27.567611
47.123461,27.567578
47.123458,27.567597
47.123474,27.567606
47.123465,27.567603
47.123461,27.567586
47.123443,27.567600
47.123462,27.567608
47.128566,27.568783
47.130199,27.569944
47.133992,27.572616
47.137035,27.575837
47.138693,27.577909
47.143361,27.580787
47.146640,27.583485
47.150317,27.586598
47.150880,27.587067
47.152871,27.588263
47.157202,27.585084
47.159509,27.588185
47.160553,27.591234
47.161482,27.594234
47.161527,27.594426
47.163444,27.593409
47.164267,27.590927
47.163936,27.588988
47.163966,27.586479
47.164404,27.584728
47.165217,27.582032
47.165684,27.580649
47.166767,27.577447
47.168924,27.576779
47.171327,27.575103
47.173039,27.573649
47.175566,27.571571
47.178244,27.569348
47.180859,27.566925
47.183254,27.565015
47.184561,27.563932
47.187123,27.561861
47.189970,27.559429
47.190747,27.559273
47.190729,27.559279
47.190716,27.559263
47.190719,27.559274
47.190732,27.559264
47.190917,27.558969
47.190922,27.558988
47.190914,27.558982
47.190431,27.558516
47.190433,27.558519
47.190435,27.558500
47.190411,27.558518
47.190437,27.558523
47.190413,27.558502
47.190429,27.558497
47.190419,27.558520
47.190297,27.558787
47.187693,27.561282
47.186272,27.562490
47.184437,27.564034
47.182043,27.565915
47.180182,27.567626
47.177837,27.569144
47.174946,27.572018
47.173498,27.573214
47.171804,27.574705
47.169236,27.576716
47.167273,27.577301
47.165453,27.580759
47.165119,27.582183
47.164409,27.584301
47.164029,27.585831
47.163737,27.588223
47.164235,27.590913
47.163811,27.592636
47.161460,27.594005
47.159864,27.588857
47.159143,27.587295
47.156256,27.585090
47.153506,27.587595
47.151400,27.587394
47.149423,27.585705
47.144717,27.581787
47.142344,27.580188
47.139632,27.578877
47.138944,27.578116
47.136627,27.575180
47.134713,27.573023
47.132986,27.571781
47.129228,27.569135
47.129204,27.569007
47.124700,27.567284
47.123423,27.567418
47.123292,27.567892
47.123326,27.567861
47.123316,27.567871
47.123319,27.567885
47.123345,27.567881
47.123362,27.567873
47.123344,27.567887
47.123515,27.567592
47.123512,27.567531
47.123502,27.567522
47.123512,27.567548
47.123530,27.567533
47.123519,27.567543
47.123528,27.567546
47.123533,27.567556
47.123529,27.567520
47.123520,27.567530
47.123528,27.567548
47.123517,27.567540
47.124655,27.567378
47.128258,27.568023
47.133680,27.572411
47.136281,27.575083
47.139180,27.578617
47.141885,27.580151
47.141958,27.580110
47.143584,27.580997
47.149401,27.585817
47.150335,27.586705
47.152918,27.588296
47.156625,27.585168
47.158661,27.586494
47.159563,27.587888
47.160427,27.590425
47.160852,27.592435
47.163361,27.593685
47.164379,27.591057
47.163985,27.588894
47.164157,27.585693
47.164596,27.584235
47.165293,27.581981
47.165657,27.580724
47.166409,27.577821
47.168976,27.576812
47.171971,27.574579
47.174879,27.572169
47.175588,27.571568
47.179090,27.568677
47.181072,27.567013
47.183636,27.564803
47.185880,27.562949
47.188830,27.560405
47.190881,27.559180
47.190980,27.558909
47.190969,27.558938
47.190970,27.558937
47.190972,27.558923
47.190962,27.558943
47.190967,27.558931
47.190960,27.558938
47.190973,27.558936
47.190997,27.558946
47.190976,27.558937
47.190979,27.558932
47.190486,27.558511
47.190442,27.558496
47.189725,27.559631
47.186326,27.562499
47.184465,27.564049
47.181620,27.566482
47.179369,27.568395
47.177121,27.570245
47.174774,27.572214
47.173632,27.573130
47.171988,27.574525
47.169266,27.576644
47.148367,27.599946
47.147933,27.602994
47.147076,27.608925
47.146606,27.612436
47.145663,27.618953
47.146744,27.619951
47.150329,27.621063
