47.169326,27.541107
47.169329,27.541089
47.169319,27.541097
47.169334,27.541078
47.169327,27.541082
47.169337,27.541093
47.169382,27.540921
47.169384,27.540933
47.169374,27.540931
47.169372,27.540931
47.169380,27.540922
47.169353,27.540642
47.168650,27.540964
47.167269,27.542668
47.166753,27.544402
47.166770,27.550490
47.166756,27.553279
47.166717,27.556729
47.166601,27.557638
47.163659,27.563772
47.162198,27.566681
47.160924,27.571485
47.159424,27.575256
47.159243,27.575179
47.159058,27.574855
47.160556,27.573111
47.163947,27.572288
47.165689,27.571281
47.166535,27.570300
47.168138,27.568419
47.169060,27.569150
47.167559,27.573809
47.166423,27.577471
47.165530,27.580974
47.164982,27.582922
47.164460,27.584428
47.163927,27.586649
47.164067,27.589303
47.163803,27.590971
47.164185,27.591311
47.164179,27.591316
47.164178,27.591322
47.164176,27.590062
47.163814,27.587952
47.163995,27.586192
47.164348,27.584864
47.164817,27.583551
47.165504,27.581230
47.165883,27.579789
47.167097,27.575239
47.168003,27.572709
47.169016,27.569127
47.168105,27.568370
47.166379,27.570549
47.164649,27.571880
47.163367,27.572613
47.160276,27.573058
47.158805,27.575434
47.160932,27.570884
47.163047,27.565077
47.164431,27.562191
47.166259,27.558426
47.166677,27.557178
47.166778,27.553427
47.166772,27.550344
47.166762,27.544751
47.168389,27.541327
47.169006,27.541173
47.169376,27.540946
47.169373,27.540975
47.169367,27.540970
47.169365,27.540951
47.169359,27.540962
47.169377,27.540970
47.169367,27.540969
47.169364,27.540970
47.169364,27.540977
47.169369,27.540974
47.169375,27.540968
47.169377,27.540983
47.169382,27.540969
47.169139,27.540464
47.168155,27.541615
47.168121,27.541552
47.166759,27.543366
47.166719,27.546366
47.166715,27.550491
47.166717,27.553668
47.166719,27.556725
47.164819,27.561286
47.163189,27.564643
47.162080,27.566945
47.160898,27.571522
47.159240,27.575164
47.159033,27.574842
47.160555,27.573145
47.163638,27.572478
47.164592,27.571937
47.165768,27.571284
47.166520,27.570294
47.168265,27.568556
47.169142,27.569406
47.167460,27.573898
47.166738,27.576397
47.165666,27.580199
47.165290,27.581802
47.164694,27.584016
47.164290,27.584855
47.163910,27.586614
47.164102,27.589901
47.163789,27.591130
47.164146,27.591330
47.164155,27.591341
47.164168,27.591375
47.164172,27.591374
47.164138,27.591386
47.164251,27.590910
47.164108,27.589696
47.163807,27.587951
47.164145,27.585562
47.164372,27.584867
47.164821,27.583438
47.165398,27.581413
47.165932,27.579160
47.166740,27.576392
47.167974,27.572663
47.168656,27.568850
47.168070,27.568377
47.166939,27.569418
47.165772,27.571187
47.161830,27.573258
47.159820,27.573204
47.158718,27.575403
47.160917,27.570868
47.162025,27.567146
47.163065,27.564904
47.164096,27.562812
47.164692,27.561674
47.166471,27.557907
47.166765,27.555335
47.166737,27.551075
47.166719,27.546083
47.167133,27.542853
47.168721,27.541122
47.169383,27.540823
47.169250,27.540469
47.169253,27.540473
47.169260,27.540493
47.168962,27.540556
47.168130,27.541568
47.168124,27.541586
47.168121,27.541590
47.166694,27.544441
47.166694,27.549913
47.166717,27.553100
47.166733,27.555865
47.166785,27.556704
47.164968,27.560842
47.162141,27.566733
47.161951,27.567304
47.159371,27.575235
47.159027,27.574266
47.160800,27.573187
47.163705,27.572466
47.165756,27.571302
47.166271,27.570776
47.167289,27.568840
47.167457,27.568472
47.168008,27.568351
47.169129,27.569625
47.167508,27.573810
47.166033,27.578723
47.165426,27.581212
47.164675,27.583488
47.164228,27.585128
47.163816,27.587221
47.164061,27.589858
47.163769,27.591026
47.164135,27.591337
47.164103,27.591386
47.164106,27.591334
47.164222,27.591243
47.164090,27.590034
47.163735,27.588479
47.164194,27.585325
47.164805,27.583507
47.165593,27.580705
47.166170,27.578460
47.167488,27.573894
47.168466,27.571358
47.168084,27.568372
47.168062,27.568305
47.166984,27.569359
47.166347,27.570558
47.163440,27.572563
47.160546,27.573144
47.158637,27.574777
47.160813,27.573726
47.161879,27.567493
47.162399,27.566244
47.163644,27.563665
47.166476,27.557907
47.166713,27.554771
47.166687,27.550985
47.166691,27.545444
47.167049,27.542914
47.168683,27.541105
47.169335,27.541016
47.169233,27.540507
47.169253,27.540495
47.169237,27.540494
47.169230,27.540492
47.169216,27.540469
47.169224,27.540487
47.168600,27.540988
47.168369,27.541278
47.168061,27.541652
47.166689,27.544404
47.166697,27.547956
47.166742,27.550687
47.166726,27.553350
47.166763,27.556737
47.165113,27.560568
47.164073,27.562775
47.162133,27.566784
47.161760,27.567900
47.160032,27.574857
47.159032,27.574936
47.160536,27.573166
47.163888,27.572343
47.164798,27.571810
47.165740,27.571257
47.166490,27.570300
47.167489,27.568452
47.167495,27.568462
47.168220,27.568572
47.167720,27.573280
47.166190,27.578164
47.165411,27.581233
47.164816,27.583230
47.164313,27.584892
47.163829,27.587012
47.163830,27.588657
47.163813,27.590724
47.164097,27.591345
47.164090,27.591365
47.164099,27.591364
47.164105,27.591393
47.164103,27.590037
47.163778,27.588136
47.164202,27.585333
47.164758,27.583603
47.165439,27.581202
47.165561,27.580731
47.166172,27.578447
47.167250,27.574384
47.168493,27.571319
47.168400,27.568684
47.168418,27.568692
47.168041,27.568409
47.168055,27.568403
47.166595,27.570127
47.165560,27.571353
47.160762,27.573096
47.160278,27.573070
47.158531,27.575224
47.160893,27.571899
47.162839,27.565365
47.163413,27.564233
47.166125,27.558671
47.166714,27.557406
47.166748,27.551073
47.166745,27.548639
47.166723,27.544654
47.168365,27.541327
47.169030,27.541200
47.169240,27.540513
47.169231,27.540496
47.168825,27.540726
47.166698,27.544382
47.166715,27.549360
47.166730,27.550650
47.166742,27.555314
47.166788,27.557083
47.164237,27.562437
47.162152,27.566789
47.160927,27.570646
47.159204,27.575167
47.159004,27.574354
47.161340,27.573281
47.164753,27.571846
47.165735,27.571294
47.166971,27.569448
47.168567,27.568796
47.167541,27.573724
47.166814,27.576116
47.165670,27.580290
47.165240,27.581519
47.164589,27.583956
47.164481,27.584428
47.164047,27.585832
47.163839,27.588542
47.163824,27.590748
47.164144,27.591359
47.164156,27.591348
47.164158,27.591348
47.164169,27.591308
47.164213,27.590617
47.163942,27.588956
47.163894,27.586879
47.164218,27.585200
47.165067,27.582672
47.165369,27.580446
47.166086,27.578693
47.167186,27.574762
47.160907,27.572858
47.158993,27.574434
47.163669,27.572474
47.165260,27.573128
47.165260,27.573128
47.189803,27.559554
47.190049,27.559368
47.190055,27.559362
47.190056,27.559388
47.190038,27.559350
47.190052,27.559409
47.190043,27.559385
47.190053,27.559410
47.190505,27.559235
47.190899,27.558869
47.190896,27.558866
47.190904,27.558885
47.190890,27.558901
47.190884,27.558884
47.190903,27.558864
47.190900,27.558861
47.190905,27.558792
47.190613,27.558440
47.190615,27.558446
47.190618,27.558459
47.190607,27.558449
47.190494,27.558537
47.190534,27.558512
47.190490,27.558517
47.190510,27.558510
47.190502,27.558512
47.190491,27.558509
47.190499,27.558518
47.189493,27.559823
47.186355,27.562514
47.184461,27.564111
47.180461,27.567493
47.179324,27.568443
47.174993,27.572038
47.173433,27.573304
47.169926,27.576183
47.167535,27.577117
47.165996,27.578986
47.165412,27.581301
47.164893,27.583041
47.164223,27.585113
47.163927,27.586486
47.163953,27.586525
47.163935,27.586565
47.163821,27.587496
47.163997,27.589174
47.164079,27.589668
47.164280,27.590916
47.164262,27.591643
47.163051,27.594012
47.162096,27.594827
47.161838,27.594871
47.160719,27.591585
47.159191,27.587301
47.156835,27.584989
47.155312,27.585736
47.153317,27.587809
47.151382,27.587813
47.150663,27.590150
47.149466,27.593850
47.149033,27.595336
47.148216,27.600918
47.148217,27.600956
47.147732,27.604364
47.147032,27.609291
47.146630,27.612194
47.145653,27.618913
47.146428,27.619816
47.148690,27.620516
47.150586,27.621100
47.152076,27.621559
47.153566,27.624198
47.156332,27.623834
47.157843,27.621775
47.159312,27.618571
47.159925,27.614380
47.161009,27.609981
47.161009,27.609981
47.162472,27.605746
47.162574,27.600663
47.163206,27.597395
47.163740,27.592855
47.164287,27.590949
47.164089,27.589587
47.163974,27.586493
47.164154,27.585480
47.164473,27.584505
47.165155,27.582307
47.165514,27.581069
47.165795,27.579394
47.167424,27.577149
47.169123,27.576713
47.172172,27.574412
47.172988,27.573713
47.175237,27.571845
47.175781,27.571423
47.178834,27.568866
47.180965,27.567070
47.182038,27.566147
47.184087,27.564367
47.186003,27.562762
47.188401,27.560755
47.190702,27.559222
47.190813,27.559157
47.190807,27.559146
47.190795,27.559148
47.190810,27.559162
47.190808,27.559143
47.190905,27.558851
47.190910,27.558874
47.190897,27.558871
47.190906,27.558856
47.190895,27.558858
47.190905,27.558868
47.190606,27.558459
47.190495,27.558557
47.190484,27.558562
47.190482,27.558545
47.190483,27.558524
47.190512,27.558501
47.190465,27.558502
47.190370,27.558718
47.187910,27.561112
47.186353,27.562512
47.184507,27.564060
47.181757,27.566338
47.180390,27.567532
47.178304,27.569291
47.176005,27.571189
47.174380,27.572547
47.173281,27.573459
47.169781,27.576329
47.168224,27.576967
47.166175,27.578345
47.165407,27.581047
47.165261,27.581926
47.164592,27.584021
47.164084,27.585501
47.163840,27.587028
47.164134,27.590081
47.164288,27.590947
47.164272,27.591636
47.163702,27.592852
47.163249,27.596369
47.162922,27.599248
47.162517,27.605399
47.162002,27.607180
47.161448,27.608616
47.160260,27.612177
47.160010,27.613807
47.159547,27.616745
47.159100,27.619528
47.156143,27.624039
47.155313,27.625141
47.152358,27.621617
47.151219,27.621272
47.148347,27.620371
47.146074,27.619672
47.145966,27.619676
47.145738,27.618715
47.146826,27.611015
47.146851,27.610814
47.147493,27.606225
47.147897,27.603614
47.148312,27.600549
47.149079,27.595272
47.149168,27.594919
47.149792,27.593010
47.151075,27.589019
47.151914,27.587908
47.153925,27.587216
47.158342,27.585815
47.159512,27.588270
47.160642,27.591461
47.161277,27.593480
47.161446,27.594024
47.162731,27.594428
47.163366,27.593583
47.163366,27.593583
47.163366,27.593583
47.163366,27.593583
47.163366,27.593583
47.163366,27.593583
47.163366,27.593583
47.163366,27.593583
47.163366,27.593583
47.163366,27.593583
47.163366,27.593583
47.163366,27.593583
47.163366,27.593583
47.163366,27.593583
47.163366,27.593583
47.163366,27.593583
47.163366,27.593583
47.181945,27.566218
47.184128,27.564387
47.185956,27.562844
47.189317,27.559972
47.190876,27.558971
47.190907,27.558888
47.190920,27.558871
47.190910,27.558876
47.190904,27.558884
47.190923,27.558855
47.190920,27.558862
47.190924,27.558860
47.190481,27.558526
47.190487,27.558557
47.190501,27.558541
47.190473,27.558524
47.190487,27.558508
47.190471,27.558523
47.188741,27.560444
47.186332,27.562493
47.184104,27.564357
47.180417,27.567514
47.178395,27.569218
47.175408,27.571697
47.174523,27.572440
47.172306,27.574267
47.148325,27.600511
47.165498,27.581133
47.165836,27.580794
47.164047,27.572507
47.164330,27.573028
47.164330,27.573028
47.164328,27.573018
47.164342,27.573056
47.164507,27.573121
47.164712,27.573383
47.164727,27.573373
47.164956,27.573345
47.165102,27.573234
47.165659,27.573019
47.165616,27.573067
47.165803,27.573583
47.165601,27.573863
47.165682,27.573725
47.165884,27.573425
47.165866,27.572920
47.165593,27.572718
47.165541,27.572731
47.165552,27.572651
47.165552,27.572667
47.165552,27.572667
47.165552,27.572667
47.165552,27.572667
47.165552,27.572667
47.165552,27.572667
47.165552,27.572667
47.165552,27.572667
47.165552,27.572667
47.165552,27.572667
47.165552,27.572667
47.165552,27.572667
47.165552,27.572667
47.165552,27.572667
47.165552,27.572667
47.165552,27.572667
47.165552,27.572667
47.165552,27.572667
47.165552,27.572667
47.165552,27.572667
47.165552,27.572667
47.165552,27.572667
47.165552,27.572667
47.165552,27.572667
47.165552,27.572667
47.165552,27.572667
47.165552,27.572667
47.165552,27.572667
47.165552,27.572667
47.165552,27.572667
47.165552,27.572667
47.165552,27.572667
47.165552,27.572667
47.165552,27.572667
47.165552,27.572667
47.165552,27.572667
47.165552,27.572667
47.165552,27.572667
47.165552,27.572667
47.165552,27.572667
47.165552,27.572667
47.165552,27.572667
47.165552,27.572667
47.165552,27.572667
47.165552,27.572667
47.165552,27.572667
47.165552,27.572667
47.165713,27.572785
47.165552,27.572759
47.165665,27.572603
47.165650,27.572649
47.165704,27.572661
47.165702,27.572637
47.165702,27.572637
47.165702,27.572637
47.165702,27.572637
47.165702,27.572637
47.165702,27.572637
47.165702,27.572637
47.165702,27.572637
47.165702,27.572637
47.165702,27.572637
47.165702,27.572637
47.165702,27.572637
47.165702,27.572637
47.165702,27.572637
47.165702,27.572637
47.165702,27.572637
47.165702,27.572637
47.165702,27.572637
47.165702,27.572637
47.165702,27.572637
47.165702,27.572637
47.165702,27.572637
47.165702,27.572637
47.165702,27.572637
47.165702,27.572637
47.165702,27.572637
47.165702,27.572637
47.165702,27.572637
47.165702,27.572637
47.165702,27.572637
47.165702,27.572637
47.165702,27.572637
47.165702,27.572637
47.165702,27.572637
47.165702,27.572637
47.165702,27.572637
47.165702,27.572637
47.165702,27.572637
47.165702,27.572637
47.165702,27.572637
47.165702,27.572637
47.165702,27.572637
47.165702,27.572637
47.165702,27.572637
47.165702,27.572637
47.165702,27.572637
47.165702,27.572637
47.165702,27.572637
47.165702,27.572637
47.165702,27.572637
47.165702,27.572637
47.165702,27.572637
47.165702,27.572637
47.165702,27.572637
47.165702,27.572637
47.165702,27.572637
47.165702,27.572637
47.165702,27.572637
47.165702,27.572637
47.165702,27.572637
47.165702,27.572637
47.165702,27.572637
47.165702,27.572637
47.165702,27.572637
47.165702,27.572637
47.165702,27.572637
47.165702,27.572637
47.165702,27.572637
47.165702,27.572637
47.165702,27.572637
47.165702,27.572637
47.165702,27.572637
47.165702,27.572637
47.165702,27.572637
47.165702,27.572637
47.165702,27.572637
47.165702,27.572637
47.165702,27.572637
47.165702,27.572637
47.165702,27.572637
47.165702,27.572637
47.165702,27.572637
47.165702,27.572637
47.165702,27.572637
47.165702,27.572637
47.165702,27.572637
47.165702,27.572637
47.165702,27.572637
47.165702,27.572637
47.165702,27.572637
47.165702,27.572637
47.165702,27.572637
47.165702,27.572637
47.165702,27.572637
47.165702,27.572637
47.165702,27.572637
47.165702,27.572637
47.165702,27.572637
47.165702,27.572637
47.165702,27.572637
47.165702,27.572637
47.165702,27.572637
47.165702,27.572637
47.165702,27.572637
47.165702,27.572637
47.165702,27.572637
47.165702,27.572637
47.165702,27.572637
47.165702,27.572637
47.165702,27.572637
47.165702,27.572637
47.165702,27.572637
47.165702,27.572637
47.165702,27.572637
47.165702,27.572637
47.165702,27.572637
47.165702,27.572637
47.165702,27.572637
47.165702,27.572637
47.165702,27.572637
47.165702,27.572637
47.165702,27.572637
47.165702,27.572637
47.165702,27.572637
47.165702,27.572637
47.165702,27.572637
47.165702,27.572637
47.165702,27.572637
47.165702,27.572637
47.165702,27.572637
47.165702,27.572637
47.165702,27.572637
47.165702,27.572637
47.165702,27.572637
47.165702,27.572637
47.165702,27.572637
47.165702,27.572637
47.165702,27.572637
47.165702,27.572637
47.165702,27.572637
47.165702,27.572637
47.165702,27.572637
47.165702,27.572637
47.165702,27.572637
47.165702,27.572637
47.165702,27.572637
47.165702,27.572637
47.165702,27.572637
47.165702,27.572637
47.165702,27.572637
47.165702,27.572637
47.165702,27.572637
47.165702,27.572637
47.165702,27.572637
47.165702,27.572637
47.165702,27.572637
47.165702,27.572637
47.165702,27.572637
47.165702,27.572637
47.165702,27.572637
47.165702,27.572637
47.165702,27.572637
47.165702,27.572637
47.165702,27.572637
47.165702,27.572637
47.165702,27.572637
47.165702,27.572637
47.165702,27.572637
47.165702,27.572637
47.165702,27.572637
47.165702,27.572637
47.165702,27.572637
47.165702,27.572637
47.165702,27.572637
47.165702,27.572637
47.165702,27.572637
47.165702,27.572637
47.165702,27.572637
47.165702,27.572637
47.165702,27.572637
47.165702,27.572637
47.165702,27.572637
47.165702,27.572637
47.165702,27.572637
47.165702,27.572637
47.165702,27.572637
47.165702,27.572637
47.165702,27.572637
47.165702,27.572637
47.165702,27.572637
47.165702,27.572637
47.165702,27.572637
47.165702,27.572637
47.165702,27.572637
47.165702,27.572637
47.165702,27.572637
47.165702,27.572637
47.165702,27.572637
47.165702,27.572637
47.165702,27.572637
47.165702,27.572637
47.165702,27.572637
47.165702,27.572637
47.165702,27.572637
47.165702,27.572637
47.165702,27.572637
47.165702,27.572637
47.165702,27.572637
47.165702,27.572637
47.165702,27.572637
47.165702,27.572637
47.165702,27.572637
47.165702,27.572637
47.165702,27.572637
47.165702,27.572637
47.165702,27.572637
47.165702,27.572637
47.165702,27.572637
47.165702,27.572637
47.165702,27.572637
47.165702,27.572637
47.165702,27.572637
47.165702,27.572637
47.165702,27.572637
47.165702,27.572637
47.165702,27.572637
47.165702,27.572637
47.165702,27.572637
47.165702,27.572637
47.165702,27.572637
47.165702,27.572637
47.165702,27.572637
47.165702,27.572637
47.165702,27.572637
47.165702,27.572637
47.165702,27.572637
47.165702,27.572637
47.165702,27.572637
47.165702,27.572637
47.165702,27.572637
47.165702,27.572637
47.165702,27.572637
47.165702,27.572637
47.165702,27.572637
47.165702,27.572637
47.165702,27.572637
47.165702,27.572637
47.165702,27.572637
47.165702,27.572637
47.165702,27.572637
47.165702,27.572637
47.165702,27.572637
47.165702,27.572637
47.165702,27.572637
47.165702,27.572637
47.165702,27.572637
47.165702,27.572637
47.165702,27.572637
47.165702,27.572637
47.165702,27.572637
47.165702,27.572637
47.165702,27.572637
47.165702,27.572637
47.165702,27.572637
47.165702,27.572637
47.165702,27.572637
47.165702,27.572637
47.165702,27.572637
47.165702,27.572637
47.165702,27.572637
47.165702,27.572637
47.165702,27.572637
47.165702,27.572637
47.165702,27.572637
47.165702,27.572637
47.165702,27.572637
47.165702,27.572637
47.165702,27.572637
47.165702,27.572637
47.165702,27.572637
47.165702,27.572637
47.165702,27.572637
47.165702,27.572637
47.165702,27.572637
47.165702,27.572637
47.165702,27.572637
47.165702,27.572637
47.165702,27.572637
47.165702,27.572637
47.165702,27.572637
47.165702,27.572637
47.165702,27.572637
47.165702,27.572637
47.165702,27.572637
47.165702,27.572637
47.165702,27.572637
47.165702,27.572637
47.165702,27.572637
47.165702,27.572637
47.165702,27.572637
47.165702,27.572637
47.165702,27.572637
47.165639,27.572755
47.165542,27.572771
47.165561,27.572765
47.165574,27.572874
47.165762,27.573586
47.165315,27.574212
47.164629,27.573535
47.164630,27.573541
47.164623,27.573530
47.164585,27.573533
47.164600,27.573559
47.164583,27.573537
47.164598,27.573526
47.164604,27.573524
47.164594,27.573519
47.164600,27.573556
47.164592,27.573551
47.164589,27.573558
47.164593,27.573515
47.164584,27.573513
47.164602,27.573492
47.164602,27.573480
47.164573,27.573531
47.164581,27.573526
47.164594,27.573524
47.164602,27.573489
47.164602,27.573482
47.164600,27.573520
47.164594,27.573492
47.164574,27.573511
47.164574,27.573477
47.164591,27.573461
47.164599,27.573501
47.164584,27.573525
47.164595,27.573545
47.164592,27.573517
47.164594,27.573487
47.164597,27.573494
47.164590,27.573496
47.164589,27.573494
47.164590,27.573468
47.164576,27.573514
47.164585,27.573504
47.164583,27.573489
47.164597,27.573484
47.164570,27.573499
47.164554,27.573464
47.164574,27.573498
47.164584,27.573479
47.164595,27.573503
47.164591,27.573548
47.164599,27.573541
47.164596,27.573557
47.164597,27.573572
47.164574,27.573558
47.164575,27.573549
47.164585,27.573556
47.164581,27.573578
47.164581,27.573531
47.164588,27.573530
47.164603,27.573513
47.164584,27.573514
47.164578,27.573537
47.164575,27.573514
47.164585,27.573531
47.164588,27.573573
47.164604,27.573558
47.164592,27.573547
47.164586,27.573534
47.164569,27.573570
47.164573,27.573570
47.164116,27.572886
47.164736,27.571888
47.166269,27.570722
47.166763,27.569855
47.167416,27.568612
47.168777,27.568981
47.167954,27.572645
47.166761,27.576305
47.165705,27.580121
47.165462,27.581255
47.164780,27.583385
47.164216,27.585161
47.163844,27.587200
47.164116,27.590246
47.163828,27.591242
47.164027,27.591409
47.164055,27.591395
47.164120,27.591329
47.164260,27.590914
47.163923,27.588898
47.163952,27.586657
47.164625,27.584053
47.165426,27.581456
47.165728,27.580253
47.167473,27.577133
47.169453,27.576577
47.172764,27.573934
47.173095,27.573652
47.173204,27.573563
47.175784,27.571412
47.178891,27.568831
47.181156,27.566896
47.183613,27.564861
47.185857,27.562924
47.188974,27.560290
47.190244,27.559240
47.190245,27.559208
47.190244,27.559205
47.190240,27.559205
47.190250,27.559215
47.190245,27.559213
47.190237,27.559191
47.190822,27.559115
47.190810,27.559145
47.190889,27.558918
47.190869,27.558896
47.190845,27.558924
47.190856,27.558911
47.190636,27.558476
47.190438,27.558508
47.190440,27.558553
47.190273,27.558972
47.187953,27.561086
47.185418,27.563274
47.181748,27.566364
47.179282,27.568455
47.177380,27.570049
47.174775,27.572203
47.172400,27.574176
47.169733,27.576356
47.167457,27.577127
47.165678,27.580122
47.165205,27.581971
47.164581,27.583991
47.164011,27.585795
47.163781,27.587861
47.164260,27.590961
47.163553,27.593106
47.163210,27.596787
47.162814,27.599645
47.162504,27.605396
47.161786,27.607820
47.160322,27.611874
47.160014,27.613871
47.159305,27.618384
47.158702,27.620492
47.156152,27.624054
47.155226,27.625229
47.151839,27.621486
47.148679,27.620508
47.146059,27.619682
47.145995,27.619677
47.145857,27.617869
47.146865,27.610798
47.146878,27.610794
47.147475,27.606428
47.148172,27.601539
47.148754,27.597373
47.149425,27.594138
47.150385,27.591158
47.151259,27.588344
47.153168,27.588016
47.156893,27.585052
47.159332,27.587837
47.159657,27.588453
47.160507,27.591011
47.161598,27.594563
47.163245,27.593826
47.164239,27.590677
47.163918,27.588774
47.164096,27.585825
47.164329,27.584852
47.164870,27.583269
47.165645,27.580686
47.166448,27.577697
47.169360,27.576638
47.171385,27.575080
47.173965,27.572907
47.175562,27.571588
47.177487,27.570000
47.181037,27.567019
47.183269,27.565084
47.185444,27.563214
47.187205,27.561754
47.190051,27.559328
47.190055,27.559326
47.190103,27.559389
47.190108,27.559360
47.190238,27.559188
47.190243,27.559204
47.190255,27.559219
47.190261,27.559222
47.190426,27.559230
47.190899,27.558914
47.190585,27.558469
47.190478,27.558555
47.190509,27.558578
47.190502,27.558564
47.190491,27.558563
47.190425,27.558581
47.190446,27.558591
47.189405,27.559909
47.186304,27.562509
47.184022,27.564399
47.180723,27.567273
47.179241,27.568538
47.175876,27.571298
47.174801,27.572202
47.173219,27.573515
47.170172,27.576006
47.168290,27.576946
47.166133,27.578484
47.165467,27.581273
47.164740,27.583490
47.164441,27.584461
47.164003,27.586079
47.163820,27.588438
47.164288,27.590968
47.163845,27.592673
47.163287,27.596198
47.162916,27.599392
47.162548,27.605338
47.161891,27.607616
47.160211,27.612391
47.159976,27.613810
47.159459,27.617421
47.158447,27.620886
47.156158,27.624050
47.153789,27.624735
47.151978,27.621482
47.148309,27.620387
47.146096,27.619674
47.145812,27.618205
47.146838,27.610799
47.147104,27.609075
47.147978,27.602975
47.148319,27.600529
47.148984,27.595789
47.149060,27.595334
47.149172,27.594979
47.149160,27.594953
47.151066,27.589112
47.151466,27.587760
47.153831,27.587319
47.157524,27.585091
47.159493,27.588201
47.160168,27.589806
47.161619,27.594525
47.161672,27.594672
47.162565,27.594555
47.164129,27.592005
47.164111,27.590133
47.163759,27.588281
47.164226,27.585333
47.164978,27.582910
47.165587,27.580594
47.166721,27.577480
47.169255,27.576670
47.172761,27.573951
47.175581,27.571604
47.177102,27.570338
47.181013,27.567062
47.181350,27.566768
47.184986,27.563707
47.185871,27.562958
47.189399,27.559963
47.190916,27.558931
47.190910,27.558931
47.190937,27.558944
47.190933,27.558950
47.190940,27.558956
47.190932,27.558959
47.190564,27.558499
47.190505,27.558559
47.190534,27.558515
47.190511,27.558541
47.190571,27.558503
47.190541,27.558522
47.190406,27.558846
47.188146,27.561005
47.186401,27.562488
47.184519,27.564046
47.181530,27.566566
47.180449,27.567490
47.175636,27.571512
47.174538,27.572420
47.172039,27.574500
47.169084,27.576702
47.166975,27.577321
47.166059,27.578819
47.165461,27.581273
47.165039,27.582817
47.164425,27.584454
47.164153,27.585364
47.163854,27.587261
47.163990,27.589169
47.164265,27.590978
47.163418,27.594095
47.163167,27.597610
47.162645,27.603991
47.162555,27.605465
47.161384,27.608881
47.160274,27.612240
47.159878,27.614913
47.159180,27.619257
47.156832,27.623127
47.155392,27.625141
47.152892,27.621926
47.151275,27.621288
47.148166,27.620353
47.146057,27.619709
47.146042,27.619706
47.146447,27.613861
47.146855,27.610810
47.146860,27.610812
47.147844,27.603915
47.148410,27.599995
47.149183,27.594986
47.149253,27.594711
47.151073,27.589106
47.151403,27.587818
47.153819,27.587358
47.157340,27.585093
47.159532,27.588258
47.160376,27.590458
47.161581,27.594364
47.161660,27.594687
47.163265,27.593809
47.164176,27.590418
47.163872,27.588659
47.164047,27.586064
47.164763,27.583579
47.165374,27.581556
47.165743,27.580280
47.167328,27.577218
47.169290,27.576686
47.172007,27.574582
47.175456,27.571710
47.175602,27.571616
47.178669,27.569052
47.181029,27.567050
47.183375,27.565054
47.185830,27.562982
47.187377,27.561671
47.190720,27.559220
47.190899,27.558971
47.190913,27.558967
47.190487,27.558581
47.190484,27.558547
47.190480,27.558560
47.190472,27.558543
47.190474,27.558551
47.190471,27.558541
47.190363,27.558846
47.187347,27.561657
47.186017,27.562758
47.184070,27.564412
47.180433,27.567506
47.177948,27.569588
47.175175,27.571906
47.174538,27.572442
47.173477,27.573294
47.170747,27.575528
47.168456,27.576882
47.165989,27.579013
47.165417,27.581574
47.164570,27.583880
47.164055,27.585824
47.163795,27.587876
47.164250,27.590905
47.163994,27.592213
47.163239,27.596664
47.162425,27.601266
47.162500,27.605418
47.161548,27.608324
47.160805,27.610478
47.160050,27.613336
47.160003,27.613762
47.159564,27.616532
47.158985,27.620064
47.156150,27.624034
47.153596,27.624243
47.151834,27.621422
47.151444,27.621323
47.148250,27.620338
47.146019,27.619647
47.146455,27.613567
47.146809,27.611051
47.147659,27.605065
47.147891,27.603556
47.147895,27.603591
47.148454,27.599497
47.149165,27.594934
47.150516,27.590737
47.151062,27.589038
47.151906,27.587877
47.154297,27.586814
47.157608,27.585095
47.159292,27.587713
47.159759,27.588709
47.161286,27.593515
47.162710,27.594433
47.164304,27.591498
47.164230,27.590649
47.163914,27.588874
47.163940,27.586269
47.164341,27.584863
47.164788,27.583476
47.165400,27.581128
47.165695,27.579803
47.168021,27.576987
47.170127,27.576126
47.174225,27.572677
47.175113,27.571954
47.176675,27.570657
47.180264,27.567631
47.181092,27.566929
47.183551,27.564828
47.185801,27.562924
47.188057,27.561026
47.190876,27.558876
47.190889,27.558888
47.190882,27.558909
47.190879,27.558900
47.190456,27.558537
47.190489,27.558529
47.190465,27.558514
47.190471,27.558487
47.190515,27.558475
47.190501,27.558510
47.190476,27.558537
47.188292,27.560825
47.186265,27.562479
47.184256,27.564194
47.180553,27.567351
47.178963,27.568697
47.175551,27.571542
47.173802,27.573001
47.171228,27.575124
47.168731,27.576824
47.166212,27.578111
47.165399,27.581254
47.164989,27.582631
47.164388,27.584356
47.164196,27.585003
47.163833,27.586773
47.164002,27.589230
47.164235,27.590902
47.163452,27.593480
47.163207,27.596783
47.162446,27.602153
47.162416,27.605701
47.160994,27.609890
47.159987,27.613721
