47.1616888,27.6085241
47.1617154,27.6085265
47.1617362,27.6085067
47.1616905,27.6085467
47.1605399,27.6111844
47.1599736,27.6136666
47.1592882,27.6186973
47.1581947,27.6212572
47.1563162,27.6239047
47.1536621,27.6245248
47.1521103,27.6214851
47.1491946,27.6206908
47.1463623,27.6198137
47.1460711,27.6197946
47.1460676,27.6197558
47.1458646,27.6179575
47.1468729,27.6110169
47.1468664,27.6109006
47.147806,27.6042603
47.1479053,27.6034241
47.1482959,27.6007499
47.1489169,27.5963912
47.1491655,27.5949615
47.147898,27.5925645
47.14773,27.5923608
47.1462923,27.5901254
47.1461228,27.5890418
47.1461142,27.5886797
47.1462721,27.5842542
47.1491059,27.5791102
47.1507787,27.5767529
47.1532146,27.5739339
47.1562875,27.5742442
47.1575917,27.5748869
47.1608602,27.573615
47.1615988,27.5684373
47.1622458,27.5666669
47.1633661,27.564307
47.1645013,27.562053
47.1662325,27.558509
47.1667397,27.557303
47.1669187,27.5543904
47.1668745,27.5512369
47.1667795,27.5484053
47.1667295,27.544977
47.1667058,27.5449678
47.1672117,27.5428572
47.1683602,27.5414321
47.1688298,27.540814
47.1688073,27.540799
47.1687966,27.540795
47.1687892,27.5408053
47.1690678,27.5404765
47.1693244,27.540219
47.1696188,27.5398932
47.1696183,27.5398922
47.1699182,27.539387
47.1708166,27.5360509
47.1708375,27.5360549
47.170804,27.5360595
47.170802,27.5360615
47.1708105,27.536057
47.1708912,27.5360226
47.1708904,27.5360208
47.1708887,27.5360161
47.1708873,27.5360128
47.1708856,27.5360121
47.1708882,27.5360351
47.1708884,27.5360346
47.1708885,27.536033
47.1708886,27.5360317
47.1708883,27.5360303
47.170893,27.5360069
47.1708939,27.5360139
47.1710671,27.5360179
47.1718766,27.5333892
47.1711892,27.5333662
47.1708009,27.5355852
47.1708093,27.5354832
47.1708106,27.535485
47.1707849,27.5354769
47.1709456,27.5350364
47.1712151,27.5350035
47.1712151,27.5350035
47.1712151,27.5350035
47.1712151,27.5350035
47.1712151,27.5350035
47.1712151,27.5350035
47.1712151,27.5350035
47.1712151,27.5350035
47.1712151,27.5350035
47.1712151,27.5350035
47.1712151,27.5350035
47.1712151,27.5350035
47.1712151,27.5350035
47.1712151,27.5350035
47.1712151,27.5350035
47.1712151,27.5350035
47.1712151,27.5350035
47.1712151,27.5350035
47.1712151,27.5350035
47.1712151,27.5350035
47.1712151,27.5350035
47.1712151,27.5350035
47.1712151,27.5350035
47.1712151,27.5350035
47.1712151,27.5350035
47.1712151,27.5350035
47.1712151,27.5350035
47.1712151,27.5350035
47.1712151,27.5350035
47.1712151,27.5350035
47.1712151,27.5350035
47.1712151,27.5350035
47.1712151,27.5350035
47.1712151,27.5350035
47.1712151,27.5350035
47.1712151,27.5350035
47.1712151,27.5350035
47.1712151,27.5350035
47.1712151,27.5350035
47.1712151,27.5350035
47.1712151,27.5350035
47.1712151,27.5350035
47.1712151,27.5350035
47.1712151,27.5350035
47.1712151,27.5350035
47.1712151,27.5350035
47.1712151,27.5350035
47.1712151,27.5350035
47.1712151,27.5350035
47.1712151,27.5350035
47.1712151,27.5350035
47.1712151,27.5350035
47.1712151,27.5350035
47.1712151,27.5350035
47.1712151,27.5350035
47.1712151,27.5350035
47.1712151,27.5350035
47.1712151,27.5350035
47.1712151,27.5350035
47.1712151,27.5350035
47.1712151,27.5350035
47.1712151,27.5350035
47.1712151,27.5350035
47.1712151,27.5350035
47.1712151,27.5350035
47.1712151,27.5350035
47.1712151,27.5350035
47.1712151,27.5350035
47.1712151,27.5350035
47.1712151,27.5350035
47.1712151,27.5350035
47.1712151,27.5350035
47.1712151,27.5350035
47.1712151,27.5350035
47.1712151,27.5350035
47.1712151,27.5350035
47.1712151,27.5350035
47.1712151,27.5350035
47.1712151,27.5350035
47.1712151,27.5350035
47.1712151,27.5350035
47.1712151,27.5350035
47.1712151,27.5350035
47.1712151,27.5350035
47.1712151,27.5350035
47.1712151,27.5350035
47.1712151,27.5350035
47.1712151,27.5350035
47.1712151,27.5350035
47.1712151,27.5350035
47.1712151,27.5350035
47.1712151,27.5350035
47.1712151,27.5350035
47.1712151,27.5350035
47.1712151,27.5350035
47.1712151,27.5350035
47.1712151,27.5350035
47.1712151,27.5350035
47.1712151,27.5350035
47.1712151,27.5350035
47.1712151,27.5350035
47.1712151,27.5350035
47.1712151,27.5350035
47.1712151,27.5350035
47.1712151,27.5350035
47.1712151,27.5350035
47.1712151,27.5350035
47.1712151,27.5350035
47.1712151,27.5350035
47.1712151,27.5350035
47.1712151,27.5350035
47.1712151,27.5350035
47.1712151,27.5350035
47.1712151,27.5350035
47.1712151,27.5350035
47.1712151,27.5350035
47.1712151,27.5350035
47.1712151,27.5350035
47.1712151,27.5350035
47.1712151,27.5350035
47.1712151,27.5350035
47.1712151,27.5350035
47.1712151,27.5350035
47.1712151,27.5350035
47.1712151,27.5350035
47.1712151,27.5350035
47.1712151,27.5350035
47.1712151,27.5350035
47.1712151,27.5350035
47.1712151,27.5350035
47.1712151,27.5350035
47.1712151,27.5350035
47.1712151,27.5350035
47.1712151,27.5350035
47.1712151,27.5350035
47.1712151,27.5350035
47.1712151,27.5350035
47.1712151,27.5350035
47.1712151,27.5350035
47.1712151,27.5350035
47.1712151,27.5350035
47.1712151,27.5350035
47.1712151,27.5350035
47.1712151,27.5350035
47.1712151,27.5350035
47.1712151,27.5350035
47.1712151,27.5350035
47.1712151,27.5350035
47.1712151,27.5350035
47.1712151,27.5350035
47.1712151,27.5350035
47.1712151,27.5350035
47.1712151,27.5350035
47.1712151,27.5350035
47.1712151,27.5350035
47.1712151,27.5350035
47.1712151,27.5350035
47.1712151,27.5350035
47.1712151,27.5350035
47.1712151,27.5350035
47.1712151,27.5350035
47.1712151,27.5350035
47.1712151,27.5350035
47.1712151,27.5350035
47.1712151,27.5350035
47.1712151,27.5350035
47.1712151,27.5350035
47.1712151,27.5350035
47.1712151,27.5350035
47.1712151,27.5350035
47.1712151,27.5350035
47.1712151,27.5350035
47.1712151,27.5350035
47.1712151,27.5350035
47.1712151,27.5350035
47.1712151,27.5350035
47.1712151,27.5350035
47.1712151,27.5350035
47.1712151,27.5350035
47.1712151,27.5350035
47.1712151,27.5350035
47.1712151,27.5350035
47.1712151,27.5350035
47.1712151,27.5350035
47.1712151,27.5350035
47.1712151,27.5350035
47.1712151,27.5350035
47.1712151,27.5350035
47.1712151,27.5350035
47.1712151,27.5350035
47.1712151,27.5350035
47.1712151,27.5350035
47.1712151,27.5350035
47.1712151,27.5350035
47.1712151,27.5350035
47.1712151,27.5350035
47.1712151,27.5350035
47.1712151,27.5350035
47.1712151,27.5350035
47.1712151,27.5350035
47.1712151,27.5350035
47.1712151,27.5350035
47.1712151,27.5350035
47.1712151,27.5350035
47.1712151,27.5350035
47.1712151,27.5350035
47.1712151,27.5350035
47.1712151,27.5350035
47.1712151,27.5350035
47.1712151,27.5350035
47.1712151,27.5350035
47.1712151,27.5350035
47.1712151,27.5350035
47.1712151,27.5350035
47.1712151,27.5350035
47.1712151,27.5350035
47.1712151,27.5350035
47.1712151,27.5350035
47.1712151,27.5350035
47.1712151,27.5350035
47.1712151,27.5350035
47.1712151,27.5350035
47.1712151,27.5350035
47.1712151,27.5350035
47.1712151,27.5350035
47.1712151,27.5350035
47.1712151,27.5350035
47.1712151,27.5350035
47.1712151,27.5350035
47.1712151,27.5350035
47.1712151,27.5350035
47.1712151,27.5350035
47.1712151,27.5350035
47.1712151,27.5350035
47.1712151,27.5350035
47.1712151,27.5350035
47.1712151,27.5350035
47.1712151,27.5350035
47.1705975,27.5370816
47.1705835,27.5372909
47.1705729,27.5373343
47.1705729,27.5373343
47.1705729,27.5373343
47.1705729,27.5373343
47.1705729,27.5373343
47.1705729,27.5373343
47.1705729,27.5373343
47.1705729,27.5373343
47.1705729,27.5373343
47.1705729,27.5373343
47.1705729,27.5373343
47.1705729,27.5373343
47.1705729,27.5373343
47.1705729,27.5373343
47.1705729,27.5373343
47.1705729,27.5373343
47.1705729,27.5373343
47.1705729,27.5373343
47.1705729,27.5373343
47.1705729,27.5373343
47.1708044,27.5353311
47.1708059,27.535226
47.1708166,27.5351934
47.1708249,27.5351816
47.1708282,27.5351723
47.1708334,27.5351691
47.1708359,27.5351622
47.1712299,27.5350098
47.1712022,27.534922
47.1712015,27.5349225
47.1712082,27.5349297
47.171213,27.5349332
47.1712219,27.5349365
47.1712242,27.5349408
47.1713705,27.5350195
47.1713443,27.5349457
47.1713858,27.5348377
47.1711941,27.5348578
47.1711945,27.5348601
47.1711946,27.5348611
47.1712399,27.53502
47.1711974,27.5350844
47.1711946,27.5350833
47.1712024,27.5350747
47.1711984,27.5350725
47.1711993,27.535068
47.1712069,27.5350607
47.1712108,27.5350594
47.1712146,27.5350558
47.1712132,27.5350562
47.1712114,27.5350581
47.1712101,27.5350593
47.1711988,27.5350676
47.1711999,27.5350678
47.1712002,27.5350695
47.1711841,27.535037
47.1711804,27.5350365
47.1711789,27.5350368
47.1711907,27.5350003
47.1710777,27.5350792
47.1710817,27.5350758
47.1710832,27.5350744
47.1710851,27.5350748
47.1710866,27.5350743
47.1710894,27.5350722
47.1710919,27.5350705
47.171061,27.5349872
47.171063,27.5349779
47.1711609,27.5350666
47.1711625,27.5350669
47.1711628,27.5350662
47.1711613,27.5350634
47.1711598,27.5350612
47.1711601,27.5350572
47.1711906,27.5350168
47.1712464,27.5348342
47.1712477,27.534835
47.171246,27.5348379
47.1712293,27.5348899
47.1711955,27.5349218
47.1711952,27.5349223
47.1711945,27.5349221
47.1711956,27.5349235
47.171197,27.5349269
47.1711976,27.5349275
47.171198,27.5349282
47.1711991,27.5349288
47.1712004,27.5349292
47.1712009,27.5349299
47.1712012,27.5349295
47.1712001,27.5349289
47.1712001,27.5349289
47.1712001,27.5349289
47.1712001,27.5349289
47.1712001,27.5349289
47.1712001,27.5349289
47.1712001,27.5349289
47.1712001,27.5349289
47.1712001,27.5349289
47.1712001,27.5349289
47.1712001,27.5349289
47.1712001,27.5349289
47.1712001,27.5349289
47.1712998,27.5351059
47.1713066,27.5351258
47.1712978,27.5350978
47.1712022,27.5350254
47.1712577,27.5350616
47.1713849,27.5351274
47.1712669,27.535033
47.171261,27.5350192
47.1712342,27.5349958
47.1712371,27.5349838
47.1712383,27.5349771
47.1712427,27.5349718
47.171236,27.5349624
47.1712273,27.5349631
47.1713197,27.5349848
47.171202,27.5349765
47.1712734,27.5349517
47.1712053,27.5349363
47.1712584,27.5348867
47.1712435,27.534947
47.1712399,27.5349405
47.171236,27.5349417
47.1712344,27.5349413
47.1712355,27.5349405
47.1712337,27.5349395
47.1712326,27.5349417
47.1712288,27.5349414
47.1712236,27.534941
47.1712221,27.5349395
47.1711276,27.5348101
47.1711288,27.5348024
47.1711312,27.5348039
47.1711355,27.5348055
47.171136,27.5348056
47.171136,27.5348064
47.1711356,27.5348087
47.1711364,27.5348114
47.1711391,27.5348144
47.1711422,27.5348181
47.171144,27.5348199
47.1711451,27.5348222
47.1711462,27.5348236
47.1711479,27.5348239
47.1711483,27.5348246
47.1711489,27.5348246
47.1711485,27.534826
47.1711479,27.5348248
47.1711481,27.5348242
47.1711485,27.5348251
47.1711488,27.5348302
47.1711494,27.5348335
47.1711488,27.5348353
47.1711488,27.534836
47.1711488,27.534838
47.1711498,27.5348382
47.1711498,27.5348416
47.1711529,27.5348432
47.1711545,27.534843
47.1711563,27.5348479
47.1711565,27.5348545
47.1711554,27.5348572
47.1711553,27.5348619
47.1711151,27.5350314
47.1711188,27.535027
47.1711194,27.5350261
47.1711198,27.535029
47.1711193,27.5350285
47.1711229,27.535022
47.1711277,27.5350234
47.1711304,27.5350247
47.1711329,27.5350228
47.1711378,27.5350177
47.1712389,27.5349896
47.1710673,27.5350289
47.1710947,27.5350431
47.171092,27.5350475
47.1710949,27.5350525
47.1710972,27.5350524
47.1711013,27.5350442
47.1711014,27.5350503
47.1711045,27.535048
47.1711091,27.5350478
47.1711102,27.5350517
47.171111,27.5350548
47.1711116,27.5350562
47.1711125,27.5350559
47.1711144,27.5350535
47.1711153,27.5350524
47.1711156,27.5350529
47.1711194,27.5350518
47.1711214,27.5350535
47.1711234,27.5350547
47.1711231,27.5350573
47.171124,27.5350562
47.1711283,27.5350533
47.1711298,27.5350544
47.1711323,27.535048
47.1711342,27.5350392
47.1711347,27.5350376
47.1712292,27.5350485
47.1712311,27.5350459
47.1712308,27.5350438
47.1712318,27.5350423
47.1712325,27.5350418
47.1712337,27.5350422
47.1712343,27.5350419
47.1712346,27.5350415
47.1712352,27.53504
47.1712353,27.5350392
47.1712346,27.5350382
47.1712612,27.5349777
47.171287,27.5349853
47.1712902,27.5349626
47.1714401,27.5347259
47.1714418,27.5347346
47.1712986,27.5349234
47.1712986,27.5349234
47.1712986,27.5349234
47.1712986,27.5349234
47.1712986,27.5349234
47.1712986,27.5349234
47.1712986,27.5349234
47.1712986,27.5349234
47.1712986,27.5349234
47.1712986,27.5349234
47.1712986,27.5349234
47.1712986,27.5349234
47.1712986,27.5349234
47.1712986,27.5349234
47.1712986,27.5349234
47.1712986,27.5349234
47.1712986,27.5349234
47.1712986,27.5349234
47.1712986,27.5349234
47.1712986,27.5349234
47.1712986,27.5349234
47.1712986,27.5349234
47.1712986,27.5349234
47.1712986,27.5349234
47.1712986,27.5349234
47.1712986,27.5349234
47.1712986,27.5349234
47.1712986,27.5349234
47.1712986,27.5349234
47.1712986,27.5349234
47.1712986,27.5349234
47.1712986,27.5349234
47.1712986,27.5349234
47.1712986,27.5349234
47.1712986,27.5349234
47.1712986,27.5349234
47.1712986,27.5349234
47.1712986,27.5349234
47.1712986,27.5349234
47.1712986,27.5349234
47.1712986,27.5349234
47.1712986,27.5349234
47.1712986,27.5349234
47.1712986,27.5349234
47.1712986,27.5349234
47.1712986,27.5349234
47.1712986,27.5349234
47.1712986,27.5349234
47.1712986,27.5349234
47.1712986,27.5349234
47.1712986,27.5349234
47.1712986,27.5349234
47.1712986,27.5349234
47.1712986,27.5349234
47.1712986,27.5349234
47.1712986,27.5349234
47.1712986,27.5349234
47.1712986,27.5349234
47.1712986,27.5349234
47.1712986,27.5349234
47.1712986,27.5349234
47.1712986,27.5349234
47.1712986,27.5349234
47.1712986,27.5349234
47.1712986,27.5349234
47.1712986,27.5349234
47.1712986,27.5349234
47.1712986,27.5349234
47.1712986,27.5349234
47.1712986,27.5349234
47.1712986,27.5349234
47.1712986,27.5349234
47.1712986,27.5349234
47.1712986,27.5349234
47.1712986,27.5349234
47.1712986,27.5349234
47.1712986,27.5349234
47.1712986,27.5349234
47.1712986,27.5349234
47.1712986,27.5349234
47.1712986,27.5349234
47.1712986,27.5349234
47.1712986,27.5349234
47.1712986,27.5349234
47.1712986,27.5349234
47.1712986,27.5349234
47.1712986,27.5349234
47.1712986,27.5349234
47.1712986,27.5349234
47.1712986,27.5349234
47.1712986,27.5349234
47.1712986,27.5349234
47.1712986,27.5349234
47.1712986,27.5349234
47.1712986,27.5349234
47.1712986,27.5349234
47.1712986,27.5349234
47.1712986,27.5349234
47.1712986,27.5349234
47.1712986,27.5349234
47.1712986,27.5349234
47.1712986,27.5349234
47.1712986,27.5349234
47.1712986,27.5349234
47.1712986,27.5349234
47.1712986,27.5349234
47.1712986,27.5349234
47.1712986,27.5349234
47.1712986,27.5349234
47.1712986,27.5349234
47.1712986,27.5349234
47.1712986,27.5349234
47.1712986,27.5349234
47.1712986,27.5349234
47.1712986,27.5349234
47.1712986,27.5349234
47.1712986,27.5349234
47.1712986,27.5349234
47.1712986,27.5349234
47.1712986,27.5349234
47.1712986,27.5349234
47.1712986,27.5349234
47.1712986,27.5349234
47.1712986,27.5349234
47.1712986,27.5349234
47.1712986,27.5349234
47.1712986,27.5349234
47.1712986,27.5349234
47.1712986,27.5349234
47.1712986,27.5349234
47.1712986,27.5349234
47.1712986,27.5349234
47.1712986,27.5349234
47.1712986,27.5349234
47.1712986,27.5349234
47.1712986,27.5349234
47.1712986,27.5349234
47.1712986,27.5349234
47.1712986,27.5349234
47.1712986,27.5349234
47.1712986,27.5349234
47.1712986,27.5349234
47.1712986,27.5349234
47.1712986,27.5349234
47.1712986,27.5349234
47.1712986,27.5349234
47.1712986,27.5349234
47.1712986,27.5349234
47.1712986,27.5349234
47.1712986,27.5349234
47.1712986,27.5349234
47.1712986,27.5349234
47.1712986,27.5349234
47.1712986,27.5349234
47.1712986,27.5349234
47.1712986,27.5349234
47.1712986,27.5349234
47.1712986,27.5349234
47.1712986,27.5349234
47.1712986,27.5349234
47.1712986,27.5349234
47.1712986,27.5349234
47.1712986,27.5349234
47.1712986,27.5349234
47.1712986,27.5349234
47.1712986,27.5349234
47.1712986,27.5349234
47.1712986,27.5349234
47.1712986,27.5349234
47.1712986,27.5349234
47.1712986,27.5349234
47.1712986,27.5349234
47.1712986,27.5349234
47.1712986,27.5349234
47.1712986,27.5349234
47.1712986,27.5349234
47.1712986,27.5349234
47.1712986,27.5349234
47.1712986,27.5349234
47.1712986,27.5349234
47.1712986,27.5349234
47.1712986,27.5349234
47.1712986,27.5349234
47.1712986,27.5349234
47.1712986,27.5349234
47.1712986,27.5349234
47.1712986,27.5349234
47.1712986,27.5349234
47.1712986,27.5349234
47.1712986,27.5349234
47.1712986,27.5349234
47.1712986,27.5349234
47.1712986,27.5349234
47.1712986,27.5349234
47.1712986,27.5349234
47.1712986,27.5349234
47.1712986,27.5349234
47.1712986,27.5349234
47.1712986,27.5349234
47.1712986,27.5349234
47.1712986,27.5349234
47.1712986,27.5349234
47.1712986,27.5349234
47.1712986,27.5349234
47.1712986,27.5349234
47.1712986,27.5349234
47.1712986,27.5349234
47.1712986,27.5349234
47.1712986,27.5349234
47.1712986,27.5349234
47.1712986,27.5349234
47.1712986,27.5349234
47.1712986,27.5349234
47.1712986,27.5349234
47.1712986,27.5349234
47.1712986,27.5349234
47.1712986,27.5349234
47.1712986,27.5349234
47.1712986,27.5349234
47.1712986,27.5349234
47.1712986,27.5349234
47.1712986,27.5349234
47.1712986,27.5349234
47.1712986,27.5349234
47.1712986,27.5349234
47.1712986,27.5349234
47.1712986,27.5349234
47.1712986,27.5349234
47.1712986,27.5349234
47.1712986,27.5349234
47.1712986,27.5349234
47.1712986,27.5349234
47.1712986,27.5349234
47.1712986,27.5349234
47.1712986,27.5349234
47.1712986,27.5349234
47.1712986,27.5349234
47.1712986,27.5349234
47.1712986,27.5349234
47.1712986,27.5349234
47.1712986,27.5349234
47.1712986,27.5349234
47.1712986,27.5349234
47.1712986,27.5349234
47.1712986,27.5349234
47.1712986,27.5349234
47.1712986,27.5349234
47.1712986,27.5349234
47.1712986,27.5349234
47.1712986,27.5349234
47.1712986,27.5349234
47.1712986,27.5349234
47.1712986,27.5349234
47.1712986,27.5349234
47.1712986,27.5349234
47.1712986,27.5349234
47.1712986,27.5349234
47.1712986,27.5349234
47.1712986,27.5349234
47.1712986,27.5349234
47.1712986,27.5349234
47.1712986,27.5349234
47.1712986,27.5349234
47.1712986,27.5349234
47.1712986,27.5349234
47.1712986,27.5349234
47.1712986,27.5349234
47.1712986,27.5349234
47.1712986,27.5349234
47.1712986,27.5349234
47.1712986,27.5349234
47.1712986,27.5349234
47.1712986,27.5349234
47.1712986,27.5349234
47.1712986,27.5349234
47.1712986,27.5349234
47.1712986,27.5349234
47.1712986,27.5349234
47.1712986,27.5349234
47.1712986,27.5349234
47.1712986,27.5349234
47.1712986,27.5349234
47.1712986,27.5349234
47.1712986,27.5349234
47.1712986,27.5349234
47.1712986,27.5349234
47.1712986,27.5349234
47.1712986,27.5349234
47.1712986,27.5349234
47.1712986,27.5349234
47.1712986,27.5349234
47.1712986,27.5349234
47.1712986,27.5349234
47.1712986,27.5349234
47.1712986,27.5349234
47.1712986,27.5349234
47.1712986,27.5349234
47.1712986,27.5349234
47.1712986,27.5349234
47.1712986,27.5349234
47.1712986,27.5349234
47.1712986,27.5349234
47.1712986,27.5349234
47.1712986,27.5349234
47.1712986,27.5349234
47.1712986,27.5349234
47.1712986,27.5349234
47.1712986,27.5349234
47.1712986,27.5349234
47.1712986,27.5349234
47.1712986,27.5349234
47.1712986,27.5349234
47.1712986,27.5349234
47.1712986,27.5349234
47.1712986,27.5349234
47.1712986,27.5349234
47.1712986,27.5349234
47.1712986,27.5349234
47.1712986,27.5349234
47.1712986,27.5349234
47.1712986,27.5349234
47.1712986,27.5349234
47.1712986,27.5349234
47.1712986,27.5349234
47.1712986,27.5349234
47.1712986,27.5349234
47.1712986,27.5349234
47.1712986,27.5349234
47.1712986,27.5349234
47.1712986,27.5349234
47.1712986,27.5349234
47.1712986,27.5349234
47.1712986,27.5349234
47.1712986,27.5349234
47.1712986,27.5349234
47.1712986,27.5349234
47.1712986,27.5349234
47.1712986,27.5349234
47.1712986,27.5349234
47.1712986,27.5349234
47.1712986,27.5349234
47.1712986,27.5349234
47.1712986,27.5349234
47.1712986,27.5349234
47.1712986,27.5349234
47.1712986,27.5349234
47.1712986,27.5349234
47.1712986,27.5349234
47.1712986,27.5349234
47.1712986,27.5349234
47.1712986,27.5349234
47.1712986,27.5349234
47.1712986,27.5349234
47.1712986,27.5349234
47.1712986,27.5349234
47.1712986,27.5349234
47.1712986,27.5349234
47.1712986,27.5349234
47.1712986,27.5349234
47.1712986,27.5349234
47.1712986,27.5349234
47.1712986,27.5349234
47.1712986,27.5349234
47.1712986,27.5349234
47.1712986,27.5349234
47.1712986,27.5349234
47.1712986,27.5349234
47.1712986,27.5349234
47.1712986,27.5349234
47.1712986,27.5349234
47.1712986,27.5349234
47.1712986,27.5349234
47.1712986,27.5349234
47.1712986,27.5349234
47.1712986,27.5349234
47.1712986,27.5349234
47.1712986,27.5349234
