47.1652031,27.5822343
47.1656443,27.5805068
47.1665527,27.5771503
47.1672942,27.5744197
47.1685965,27.568848
47.1678632,27.5682572
47.1664676,27.5703619
47.1643395,27.572056
47.1605686,27.573106
47.1585746,27.5748682
47.1609182,27.5718367
47.1628613,27.5653066
47.1634114,27.5643533
47.1659133,27.5590522
47.166585,27.5574571
47.1667766,27.551235
47.1667403,27.5460892
47.1667529,27.5449641
47.1667256,27.544871
47.1683551,27.5413835
47.1686869,27.5411126
47.1692937,27.5411615
47.1692935,27.5411623
47.1692815,27.5412398
47.1693732,27.5410565
47.1694311,27.5407104
47.1694201,27.5407932
47.1694323,27.540726
47.1694334,27.5407244
47.1694641,27.5406527
47.1682071,27.5415112
47.1667364,27.5441042
47.1667517,27.5469318
47.1668035,27.5504236
47.1668267,27.555882
47.1669366,27.5567811
47.1646479,27.5617948
47.1623153,27.5665182
47.1609005,27.5714802
47.1593542,27.57525
47.1590489,27.5742995
47.1603928,27.5731571
47.163568,27.5725137
47.1654482,27.5714047
47.1674394,27.5685304
47.1687677,27.5688631
47.1682335,27.5720722
47.1678477,27.5730356
47.1672115,27.5747923
47.1659893,27.5790075
47.1655571,27.5810903
47.1648638,27.5830636
47.1641876,27.5852198
47.1639016,27.5870128
47.1640459,27.5899442
47.1637879,27.5910668
47.1640919,27.5913984
47.1640557,27.5913568
47.1640545,27.5913442
47.1640824,27.591371
47.1642421,27.5912526
47.1641107,27.5897546
47.1638865,27.5888236
47.164121,27.5855438
47.16459,27.5839687
47.1653936,27.5813525
47.1658225,27.5796279
47.1669636,27.5754622
47.1678596,27.5729013
47.1682562,27.5685407
47.1668193,27.5697801
47.1659436,27.5711396
47.1621919,27.5732827
47.1599274,27.5731376
47.1585329,27.575213
47.1609181,27.570999
47.1632359,27.5645097
47.1650078,27.5608275
47.166362,27.5576366
47.1667335,27.5524873
47.166706,27.5479
47.1669879,27.5430373
47.1685693,27.5411102
47.1692158,27.5412366
47.1693318,27.5411667
47.1693278,27.5412024
47.1693415,27.5411592
47.1693416,27.5411568
47.1693412,27.5411577
47.1693811,27.5406505
47.1693932,27.5406147
47.1694112,27.5406407
47.169396,27.5406634
47.1693957,27.5406644
47.1693971,27.5406646
47.1693975,27.5406634
47.1693978,27.5406631
47.1693979,27.5406639
47.1682713,27.5414202
47.1667441,27.5440693
47.1667441,27.5483264
47.1668132,27.5518164
47.1668007,27.5560904
47.1665918,27.5577043
47.1635768,27.5638711
47.1622033,27.5665641
47.1609231,27.570731
47.1591955,27.5751764
47.160057,27.5731289
47.1616507,27.5733041
47.1655703,27.5713224
47.166407,27.5704366
47.1672493,27.5688414
47.1684211,27.5686767
47.1684349,27.5713933
47.1674876,27.5739082
47.1660502,27.5786964
47.1654754,27.5811023
47.1650762,27.5824284
47.1644172,27.5843438
47.1640162,27.585848
47.164039,27.5892598
47.163876,27.5903705
47.1640662,27.5913308
47.1640696,27.5913425
47.1640629,27.5913812
47.1640548,27.591352
47.1640478,27.5913737
47.164241,27.5911243
47.164171,27.5901382
47.1637699,27.5879609
47.1642604,27.5851202
47.1651362,27.5822044
47.1655162,27.5807527
47.1664452,27.5772721
47.1677926,27.5730747
47.1687365,27.5689583
47.1681561,27.5685907
47.1681676,27.5686598
47.1661215,27.5708794
47.1630458,27.572787
47.1603921,27.5730432
47.1585823,27.5748443
47.1584667,27.5751395
47.1605127,27.5744056
47.1615902,27.5685043
47.1630886,27.5648429
47.1639472,27.5631014
47.1658812,27.5592143
47.1665998,27.5575888
47.1667912,27.5531097
47.1667705,27.5512202
47.1667375,27.5440102
47.1681297,27.5416345
47.1683147,27.5414311
47.1692856,27.5411773
47.1692875,27.5411421
47.1692879,27.5411414
47.1692927,27.5411479
47.1693453,27.5410985
47.1694019,27.5407412
47.1694,27.5407397
47.1687433,27.5407622
47.1681912,27.5414895
47.1667153,27.5441743
47.166714,27.5468815
47.1667895,27.550332
47.1667501,27.5545339
47.1667994,27.5565317
47.1651055,27.5606491
47.1632359,27.564578
47.1622251,27.56659
47.1608991,27.5731032
47.159249,27.5752383
47.159401,27.5736697
47.1607854,27.5731561
47.1648821,27.5717307
47.1655563,27.5712779
47.1664117,27.5704323
47.1678145,27.5682541
47.1687664,27.5707347
47.1674173,27.5739636
47.1660479,27.5787069
47.1655685,27.5810524
47.165077,27.5826194
47.1642745,27.5849946
47.163844,27.5870534
47.1641109,27.5899111
47.16401,27.5914002
47.1640988,27.5913946
47.1640976,27.5913942
47.1641377,27.5914013
47.1641031,27.5914076
47.1640956,27.5913949
47.1641721,27.5903066
47.164071,27.5895035
47.164023,27.5859916
47.1646318,27.5837361
47.1655386,27.5808431
47.1658886,27.5795459
47.1668349,27.5759253
47.1678789,27.5728054
47.1687033,27.5689382
47.1684843,27.5688081
47.1681876,27.5685681
47.1670079,27.5694535
47.1664651,27.5703131
47.165218,27.5716041
47.1643272,27.572056
47.1605545,27.5730984
47.1587542,27.5745724
47.1608221,27.5737555
47.1623553,27.566442
47.1635903,27.5638685
47.1662618,27.5579576
47.1667009,27.5560162
47.1667204,27.5519923
47.1667467,27.5505659
47.1666858,27.5454602
47.1675319,27.5423879
47.1689746,27.5411487
47.169368,27.5406882
47.1693515,27.5406916
47.1693532,27.540694
47.1693539,27.5406956
47.1693541,27.5406968
47.1693546,27.5406975
47.1693541,27.540696
47.1693298,27.5405807
47.1682269,27.5415202
47.1667678,27.5441285
47.1667484,27.5484173
47.1668534,27.5514979
47.1668621,27.5565028
47.1652088,27.5605431
47.1622687,27.5666575
47.1608967,27.5711795
47.1591565,27.5751109
47.1603286,27.5730965
47.1636203,27.572515
47.1655636,27.5711327
47.1671131,27.5691892
47.1686144,27.5689491
47.1675571,27.5738045
47.1664062,27.5775104
47.1656198,27.5805153
47.1651598,27.5823617
47.1646632,27.5838364
47.1641932,27.5853639
47.1638118,27.5872919
47.164147,27.5903613
47.1641311,27.5914357
47.1641231,27.5915041
47.1641187,27.5914947
47.1640812,27.5915002
47.1640845,27.5913756
47.1640835,27.5913691
47.1640829,27.591366
47.1641287,27.5903357
47.1638741,27.5866223
47.1646032,27.5840261
47.1653763,27.5814869
47.1659072,27.579433
47.1663083,27.5778161
47.1678683,27.5729447
47.168339,27.5687145
47.1681561,27.5685661
47.1671912,27.5690083
47.1661459,27.5708701
47.1626543,27.5730313
47.1597577,27.5732816
47.1604505,27.574545
47.1619841,27.5673161
47.1638628,27.563279
47.1661097,27.5586005
47.1666975,27.5553552
47.1667246,27.5507472
47.1667053,27.5449585
47.168371,27.5413791
47.1687588,27.5411502
47.1694256,27.540932
47.1691942,27.5404812
47.1689037,27.5406306
47.1691281,27.5403836
47.1692174,27.5402384
47.1692207,27.5402608
47.1692215,27.5402607
47.1692226,27.5402601
47.1692357,27.5401991
47.1692255,27.5401979
47.169204,27.5402089
47.1685252,27.54105
47.1667461,27.5441633
47.1668034,27.5502934
47.1668257,27.5537126
47.1666578,27.5575573
47.1631157,27.5648333
47.162351,27.5663857
47.1609011,27.5722019
47.1591481,27.5751009
47.159905,27.5731723
47.1634511,27.5725813
47.1662575,27.5707938
47.1678532,27.5682224
47.1685748,27.5711228
47.1667486,27.5763613
47.1657811,27.5798181
47.1654886,27.581319
47.1648582,27.5833205
47.1641998,27.5853437
47.1638695,27.5875811
47.16414,27.5900895
47.1638912,27.5913577
47.1641037,27.5912799
47.164097,27.5913058
47.1693048,27.5411618
47.1693442,27.5412002
47.1692561,27.5411052
47.1667852,27.5502686
47.1667194,27.5449376
47.171589,27.5353442
47.171587,27.5353531
47.1716019,27.5354136
47.1716024,27.5354124
47.1716026,27.535411
47.1716005,27.5353413
47.1716432,27.5353197
47.1716421,27.5353219
47.1716405,27.5353281
47.1716387,27.5353303
47.1716373,27.5353302
47.1716362,27.5353293
47.1716368,27.535328
47.1716286,27.5353381
47.171629,27.5353383
47.1716286,27.535339
47.1716281,27.5353381
47.1716395,27.5350826
47.1716491,27.5350915
47.1716997,27.5351354
47.171689,27.5352087
47.1716765,27.5351737
47.171765,27.5352846
47.1717009,27.5352043
47.1716668,27.5351304
47.1716747,27.5350515
47.1716519,27.5350808
47.1716455,27.5351278
47.1716375,27.5351307
47.171643,27.53511
47.171672,27.5351185
47.1717048,27.5350682
47.171645,27.5350793
47.1716612,27.5351381
47.1716579,27.5351037
47.1716536,27.5351068
47.1716957,27.5350474
47.1716656,27.5345809
47.1716073,27.5345546
47.171513,27.5344798
47.1716415,27.5345565
47.1716855,27.5345992
47.1716812,27.5345346
47.1716538,27.534534
47.1716825,27.5345295
47.1717468,27.534382
47.1717602,27.5310893
47.1710644,27.5341483
47.1707718,27.5355386
47.1707864,27.5355361
47.1708224,27.5355631
47.1708155,27.5354836
47.170815,27.5355362
47.1708375,27.5355021
47.1708028,27.5354846
47.170772,27.5354651
47.1707881,27.5354959
47.1708333,27.5354764
47.1708176,27.5355115
47.1708451,27.5354826
47.1708617,27.5355542
47.1708496,27.5355517
47.1707707,27.5357968
47.1706753,27.5362962
47.1708191,27.5356938
47.1708769,27.5355314
47.1715077,27.5358103
47.1715366,27.5357742
47.1715101,27.5358402
47.1715564,27.5355576
47.1718256,27.5339086
47.1714921,27.5312382
47.1712625,27.5332215
47.1712015,27.5330856
47.1713844,27.5326408
47.1713844,27.5326408
47.1713844,27.5326408
47.1713844,27.5326408
47.1713844,27.5326408
47.1713844,27.5326408
47.1713844,27.5326408
47.1713844,27.5326408
47.1713844,27.5326408
47.1713844,27.5326408
47.1713844,27.5326408
47.1713844,27.5326408
47.1713844,27.5326408
47.1713844,27.5326408
47.1713844,27.5326408
47.1713844,27.5326408
47.1713844,27.5326408
47.1713844,27.5326408
47.1713844,27.5326408
47.1713844,27.5326408
47.1713844,27.5326408
47.1713844,27.5326408
47.1713844,27.5326408
47.1713844,27.5326408
47.1713844,27.5326408
47.1713844,27.5326408
47.1713844,27.5326408
47.1713844,27.5326408
47.1713844,27.5326408
47.1713844,27.5326408
47.1713844,27.5326408
47.1713844,27.5326408
47.1713844,27.5326408
47.170693,27.5364468
47.1706723,27.5363584
47.1707758,27.5359333
47.1708667,27.535583
47.1708652,27.5354694
47.1708997,27.5355329
47.1709213,27.5355329
47.1708572,27.5354349
47.1708538,27.5354781
47.1708062,27.5356932
47.171094,27.53603
47.1714655,27.5359828
47.1714739,27.5359678
47.1714291,27.5360021
47.1714291,27.5360021
47.1714291,27.5360021
47.1714291,27.5360021
47.1714291,27.5360021
47.1714291,27.5360021
47.1714291,27.5360021
47.1714291,27.5360021
47.1714291,27.5360021
47.1714291,27.5360021
47.1714291,27.5360021
47.1714291,27.5360021
47.1714291,27.5360021
47.1714291,27.5360021
47.1714291,27.5360021
47.1714291,27.5360021
47.1714291,27.5360021
47.1714291,27.5360021
47.1714291,27.5360021
47.1714291,27.5360021
47.1714291,27.5360021
47.1714291,27.5360021
47.1714291,27.5360021
47.1714291,27.5360021
47.1714291,27.5360021
47.1714291,27.5360021
47.1714291,27.5360021
47.1714291,27.5360021
47.1714291,27.5360021
47.1714291,27.5360021
47.1714291,27.5360021
47.1714291,27.5360021
47.1714291,27.5360021
47.1714291,27.5360021
47.1714291,27.5360021
47.1714291,27.5360021
47.1714291,27.5360021
47.1714291,27.5360021
47.1714291,27.5360021
47.1714291,27.5360021
47.1714291,27.5360021
47.1714291,27.5360021
47.1714291,27.5360021
47.1714291,27.5360021
47.1714291,27.5360021
47.1714291,27.5360021
47.1714291,27.5360021
47.1714291,27.5360021
47.1714291,27.5360021
47.1714291,27.5360021
47.1714291,27.5360021
47.1714291,27.5360021
47.1714291,27.5360021
47.1714291,27.5360021
47.1714291,27.5360021
47.1714291,27.5360021
47.1714291,27.5360021
47.1714291,27.5360021
47.1714291,27.5360021
47.1714291,27.5360021
47.1714291,27.5360021
47.1714291,27.5360021
47.1714291,27.5360021
47.1714291,27.5360021
47.1714291,27.5360021
47.1714291,27.5360021
47.1714291,27.5360021
47.1714291,27.5360021
47.1714291,27.5360021
47.1714291,27.5360021
47.1714291,27.5360021
47.1714291,27.5360021
47.1714291,27.5360021
47.1714291,27.5360021
47.1714291,27.5360021
47.1714291,27.5360021
47.1714291,27.5360021
47.1714291,27.5360021
47.1714291,27.5360021
47.1714291,27.5360021
47.1714291,27.5360021
47.1714291,27.5360021
47.1714291,27.5360021
47.1714291,27.5360021
47.1714291,27.5360021
47.1714291,27.5360021
47.1714291,27.5360021
47.1714291,27.5360021
47.1714291,27.5360021
47.1714291,27.5360021
47.1714291,27.5360021
47.1714291,27.5360021
47.1714291,27.5360021
47.1714291,27.5360021
47.1714291,27.5360021
47.1714291,27.5360021
47.1714291,27.5360021
47.1714291,27.5360021
47.1714291,27.5360021
47.1714291,27.5360021
47.1714291,27.5360021
47.1714291,27.5360021
47.1714291,27.5360021
47.1715025,27.5360719
47.1715013,27.5359944
47.1714944,27.5359858
47.1709778,27.535987
47.1707992,27.5358124
47.1708984,27.5355378
47.170864,27.5357523
47.1708638,27.5357522
47.1708555,27.5357963
47.1703604,27.5382216
47.1692867,27.5402581
47.1692532,27.5402524
47.1692804,27.5402648
47.1692563,27.5402413
47.1692558,27.5402412
47.1692754,27.5402097
47.1692819,27.5402249
47.1692406,27.5402337
47.1690141,27.5404753
47.1668665,27.543212
47.1667566,27.546361
47.1667794,27.5502716
47.1668183,27.55318
47.1668237,27.5564742
47.1652408,27.5607546
47.1633185,27.5645358
47.1622642,27.5665873
47.16142,27.5691722
47.1599853,27.5749371
47.15821,27.5751271
47.1568953,27.5745309
47.155986,27.5740186
47.1515549,27.575575
47.1502675,27.5774024
47.1476225,27.5813626
47.1466858,27.5829313
47.146066,27.5871237
47.1462344,27.5899524
47.1469326,27.5913289
47.148942,27.5940388
47.14911,27.5950858
47.1482924,27.6004761
47.148188,27.6011166
47.1475771,27.6056045
47.1469697,27.6099084
47.1459969,27.6170322
47.1458498,27.6181372
47.1457573,27.6186657
47.1452814,27.6221113
47.1441697,27.6297815
47.1434312,27.6350194
47.1433415,27.639169
47.143199,27.6432898
47.1432164,27.6435152
47.1437072,27.6433699
47.1436208,27.6430558
47.1433746,27.6357467
47.1438846,27.6318077
47.1442815,27.6289339
47.1452824,27.6219482
47.1456406,27.6193381
47.1466346,27.6125353
47.1467361,27.6117479
47.1469025,27.6105995
47.1477795,27.6043581
47.1478494,27.6038431
47.1480753,27.6023766
47.1484842,27.5991896
47.1490611,27.5952118
47.1490865,27.5951597
47.147874,27.5925958
47.1463924,27.590367
47.146062,27.5888824
47.1462761,27.5841241
47.1490952,27.5790796
47.1490863,27.5790725
47.1528718,27.5740945
47.155023,27.5736148
47.1571998,27.5747119
47.1606482,27.5742057
47.1619072,27.5676313
47.1625032,27.5660221
47.163913,27.5632276
47.165559,27.5597118
47.1666794,27.5573562
47.1667578,27.551416
47.1666801,27.5473702
47.166895,27.5431645
47.1684828,27.5411664
47.1690367,27.5405268
47.1702094,27.5387017
47.1705133,27.5376391
47.1705969,27.5374199
47.1706868,27.5364046
47.1706988,27.5364361
47.1707202,27.536369
47.1706849,27.5363028
47.1707194,27.536306
47.1706847,27.5363554
47.1706786,27.5363688
47.1706722,27.5363711
47.1706673,27.5363849
47.170649,27.5364127
47.1706813,27.5363841
47.1706501,27.5363947
47.170683,27.5363799
47.1713621,27.5359664
47.1716542,27.5351665
47.1716455,27.5351295
47.1716455,27.5351412
47.1716469,27.5351396
47.1716452,27.5351454
47.1716798,27.5350927
47.1716829,27.5350964
47.1717138,27.5351286
47.1717497,27.5351632
47.1717509,27.5351446
47.1717337,27.5351078
47.1717514,27.53517
47.1717504,27.5351188
47.1717516,27.535077
47.1717504,27.535046
47.1717317,27.5351274
47.1718,27.5337919
47.1717498,27.5331451
47.1716753,27.5329324
47.1716753,27.5329324
47.1716753,27.5329324
47.1716753,27.5329324
47.1716753,27.5329324
47.1716753,27.5329324
47.1716753,27.5329324
47.1716753,27.5329324
47.1716753,27.5329324
47.1716753,27.5329324
47.1716753,27.5329324
47.1716753,27.5329324
47.1716753,27.5329324
47.1716753,27.5329324
47.1716753,27.5329324
47.1716753,27.5329324
47.1716753,27.5329324
47.1716753,27.5329324
47.1716753,27.5329324
47.1716753,27.5329324
47.1716753,27.5329324
47.1716753,27.5329324
47.1716753,27.5329324
47.1716753,27.5329324
47.1716753,27.5329324
47.1716753,27.5329324
47.1716753,27.5329324
47.1716753,27.5329324
47.1716753,27.5329324
47.1716753,27.5329324
47.1716753,27.5329324
47.1716753,27.5329324
47.1716753,27.5329324
47.1716753,27.5329324
47.1716753,27.5329324
47.1716753,27.5329324
47.1716753,27.5329324
47.1716753,27.5329324
47.1716753,27.5329324
47.1716753,27.5329324
47.1716753,27.5329324
47.1716753,27.5329324
47.1716753,27.5329324
47.1716753,27.5329324
47.1716753,27.5329324
47.1716753,27.5329324
47.1716753,27.5329324
47.1716753,27.5329324
47.1716753,27.5329324
47.1716753,27.5329324
47.1716753,27.5329324
47.1716753,27.5329324
47.1716753,27.5329324
47.1716753,27.5329324
47.1716753,27.5329324
47.1716753,27.5329324
47.1716753,27.5329324
47.1716753,27.5329324
47.1716753,27.5329324
47.1716753,27.5329324
47.1716753,27.5329324
47.1716753,27.5329324
47.1716753,27.5329324
47.1716753,27.5329324
47.1716753,27.5329324
47.1716753,27.5329324
47.1716753,27.5329324
47.1716753,27.5329324
47.1716753,27.5329324
47.1716753,27.5329324
47.1716753,27.5329324
47.1716753,27.5329324
47.1716753,27.5329324
47.1716753,27.5329324
47.1716753,27.5329324
47.1716753,27.5329324
47.1716753,27.5329324
47.1716753,27.5329324
47.1716753,27.5329324
47.1716753,27.5329324
47.1716753,27.5329324
47.1716753,27.5329324
47.1716753,27.5329324
47.1716753,27.5329324
47.1716753,27.5329324
47.1716753,27.5329324
47.1716753,27.5329324
47.1716753,27.5329324
47.1716753,27.5329324
47.1716753,27.5329324
47.1716753,27.5329324
47.1716753,27.5329324
47.1716753,27.5329324
47.1716753,27.5329324
47.1716753,27.5329324
47.1716753,27.5329324
47.1716753,27.5329324
47.1716753,27.5329324
47.1716753,27.5329324
47.1716753,27.5329324
47.1716753,27.5329324
47.1716753,27.5329324
47.1716753,27.5329324
47.1716753,27.5329324
47.1716753,27.5329324
47.1716753,27.5329324
47.1716753,27.5329324
47.1716753,27.5329324
47.1716753,27.5329324
47.1716753,27.5329324
47.1716753,27.5329324
47.1716753,27.5329324
47.1716753,27.5329324
47.1716753,27.5329324
47.1716753,27.5329324
47.1716753,27.5329324
47.1716753,27.5329324
47.1716753,27.5329324
47.1716753,27.5329324
47.1716753,27.5329324
47.1716753,27.5329324
47.1716753,27.5329324
47.1716753,27.5329324
47.1716753,27.5329324
47.1716753,27.5329324
47.1716753,27.5329324
47.1716753,27.5329324
47.1716753,27.5329324
47.1716753,27.5329324
47.1716753,27.5329324
47.1716753,27.5329324
47.1716753,27.5329324
47.1716753,27.5329324
47.1716753,27.5329324
47.1716753,27.5329324
47.1716753,27.5329324
47.1716753,27.5329324
47.1716753,27.5329324
47.1716753,27.5329324
47.1716753,27.5329324
47.1716753,27.5329324
47.1716753,27.5329324
47.1716753,27.5329324
47.1716753,27.5329324
47.1716753,27.5329324
47.1716753,27.5329324
47.1716753,27.5329324
47.1716753,27.5329324
47.1716753,27.5329324
47.1716753,27.5329324
47.1716753,27.5329324
47.1716753,27.5329324
47.1716753,27.5329324
47.1716753,27.5329324
47.1716753,27.5329324
47.1716753,27.5329324
47.1716753,27.5329324
47.1716753,27.5329324
47.1716753,27.5329324
47.1716753,27.5329324
47.1716753,27.5329324
47.1716753,27.5329324
47.1716753,27.5329324
47.1716753,27.5329324
47.1716753,27.5329324
47.1716753,27.5329324
47.1716753,27.5329324
47.1716753,27.5329324
47.1716753,27.5329324
47.1716753,27.5329324
47.1716753,27.5329324
47.1716753,27.5329324
47.1716753,27.5329324
47.1716753,27.5329324
47.1716753,27.5329324
47.1716753,27.5329324
47.1716753,27.5329324
47.1716753,27.5329324
47.1716753,27.5329324
47.1716753,27.5329324
47.1716753,27.5329324
47.1716753,27.5329324
47.1716753,27.5329324
47.1716753,27.5329324
47.1716753,27.5329324
47.1716753,27.5329324
47.1716753,27.5329324
47.1716753,27.5329324
47.1716753,27.5329324
47.1716753,27.5329324
47.1716753,27.5329324
47.1716753,27.5329324
47.1716753,27.5329324
47.1716753,27.5329324
47.1716753,27.5329324
47.1716753,27.5329324
47.1716753,27.5329324
47.1716753,27.5329324
47.1716753,27.5329324
47.1716753,27.5329324
47.1716753,27.5329324
47.1716753,27.5329324
47.1716753,27.5329324
47.1716753,27.5329324
47.1716753,27.5329324
47.1716753,27.5329324
47.1716753,27.5329324
47.1716753,27.5329324
47.1716753,27.5329324
47.1716753,27.5329324
47.1716753,27.5329324
47.1716753,27.5329324
47.1716753,27.5329324
47.1716753,27.5329324
47.1716753,27.5329324
47.1716753,27.5329324
47.1716753,27.5329324
47.1716753,27.5329324
47.1716753,27.5329324
47.1716753,27.5329324
47.1716753,27.5329324
47.1716753,27.5329324
47.1716753,27.5329324
47.1716753,27.5329324
47.1716753,27.5329324
47.1716753,27.5329324
47.1716753,27.5329324
47.1716753,27.5329324
47.1716753,27.5329324
47.1716753,27.5329324
47.1716753,27.5329324
47.1716753,27.5329324
47.1716753,27.5329324
47.1716753,27.5329324
47.1716753,27.5329324
47.1716753,27.5329324
47.1716753,27.5329324
47.1716753,27.5329324
47.1716753,27.5329324
47.1716753,27.5329324
47.1716753,27.5329324
47.1716753,27.5329324
47.1716753,27.5329324
47.1716753,27.5329324
47.1716753,27.5329324
47.1716753,27.5329324
47.1716753,27.5329324
47.1716753,27.5329324
47.1716753,27.5329324
47.1617098,27.6085695
47.1617216,27.6085777
47.1617216,27.608361
47.1624015,27.6059207
47.1626263,27.6048532
47.162789,27.5998312
47.1633006,27.5961795
47.1641373,27.5919524
47.1642088,27.5903769
47.1639754,27.589058
47.1639052,27.5866014
47.1641735,27.5855224
47.1646222,27.5839934
47.1652085,27.5819619
47.1654155,27.581359
47.1660448,27.5788404
47.1666369,27.5767794
47.1676854,27.5733474
47.1688981,27.5702543
47.1684571,27.5688498
47.1681855,27.568526
47.1676041,27.5682653
47.1664293,27.5704215
47.1663883,27.5704279
47.1662144,27.5713471
47.1671888,27.5748088
47.1659043,27.5795008
47.1656385,27.5805743
47.165402,27.5815769
47.1647256,27.5837893
47.1642349,27.5852013
47.1639408,27.586749
47.1641727,27.5902555
47.1643286,27.5916239
47.1633492,27.5953582
47.1629604,27.5991475
47.1625636,27.6051249
47.1622267,27.6065617
47.1614499,27.6085777
47.1615111,27.6089796
47.161683,27.6085704
47.1616584,27.608586
47.1616972,27.6085242
47.1616682,27.6084883
47.161704,27.608474
47.1617152,27.6085228
47.1617226,27.6085189
47.1617322,27.6080652
47.1620861,27.6069821
47.1625891,27.6049017
47.1631121,27.5982905
47.1632957,27.5956866
47.1643387,27.591175
47.1641833,27.5902668
47.1638021,27.5881068
47.1638858,27.586801
47.1642319,27.5850247
47.1646984,27.5838922
47.1651641,27.5822001
47.1656414,27.580756
47.1661975,27.5782641
47.1673343,27.5741563
47.1681976,27.572056
47.1682784,27.5686334
47.1672807,27.5689541
47.1664687,27.5704415
47.1664261,27.5704725
47.1669096,27.5730892
47.1666827,27.5766188
47.1662146,27.5782867
47.1653615,27.5816655
47.1646639,27.5840374
47.1640247,27.5861761
47.1638456,27.5885298
47.164253,27.5907279
47.1642834,27.5916873
47.163451,27.5939034
47.1632677,27.5965526
47.1624632,27.6020432
47.1626019,27.6050893
47.1618737,27.607866
47.1614555,27.6086139
47.1617098,27.6089751
47.1616804,27.6085727
47.1617186,27.6085732
47.1616892,27.6086387
47.1617966,27.6085576
47.1618434,27.6086194
47.1618132,27.6086246
47.161781,27.6081193
47.1623897,27.6059597
47.162512,27.6023966
47.1631596,27.597652
47.1638645,27.592606
47.1642046,27.5903189
47.1638352,27.5874581
47.1641687,27.5854539
47.1650748,27.5825196
47.16559,27.5808417
47.1662951,27.5781239
47.1677623,27.5731139
47.1691894,27.5695704
47.1682727,27.5686173
47.1667042,27.5699206
47.1663642,27.5703644
47.1662662,27.5706427
47.1674485,27.5738562
47.1660343,27.5788637
47.1655383,27.5809866
47.1650255,27.5825399
47.1646195,27.5841513
47.1642346,27.5850717
47.1638544,27.5874263
47.1640833,27.5894742
47.1642426,27.5906196
47.1637553,27.592947
47.1632592,27.5965307
47.1624344,27.6018404
47.1626114,27.6050778
47.1618207,27.6079517
47.1614349,27.6089361
47.1617396,27.6088071
47.1617575,27.6086565
47.1617816,27.6085721
47.1624256,27.6059288
47.1625674,27.6007167
47.1633374,27.5957617
47.1642179,27.5919643
47.1641593,27.5901821
47.1638572,27.5877035
47.1640833,27.5857624
47.1643063,27.5848857
47.1652682,27.5819086
47.1657683,27.5805215
47.1671634,27.574979
47.1680144,27.5725111
47.169022,27.5692066
47.168264,27.5685554
47.1682499,27.5685564
47.1675838,27.5683264
47.1664913,27.5704185
47.1664151,27.5703305
47.1665344,27.5721214
47.166468,27.5773757
47.1655183,27.5808778
47.1652525,27.582063
47.164555,27.5842704
47.1640915,27.5855657
47.163861,27.5874709
47.1640844,27.5895643
47.1643443,27.5912764
47.1633602,27.5954087
47.1629862,27.5991068
47.1625865,27.6050571
47.1616755,27.6081776
47.161404,27.6088599
47.1617438,27.6086193
47.1617364,27.6085824
47.1617446,27.6085226
47.1616993,27.6085484
47.161731,27.608589
47.1616912,27.6085698
47.1617224,27.6085501
47.1617064,27.6085412
47.1617905,27.6085714
47.161728,27.6085519
47.1624527,27.6059814
47.1625378,27.6026965
47.1633047,27.5960848
47.1643377,27.591557
47.1642447,27.5904979
47.1639763,27.5889391
47.1640645,27.585758
47.1642449,27.585127
47.1651395,27.5822281
47.1658166,27.5797693
47.1671817,27.5747609
47.1690533,27.5699538
47.1683064,27.568467
47.1682685,27.568518
47.1664938,27.5703451
47.1664981,27.5703205
47.1663296,27.5706913
47.1673048,27.5741659
47.1659707,27.5792493
47.1655096,27.5809944
47.1650448,27.5828448
47.1646249,27.5842387
47.164026,27.5860522
47.1638091,27.5880404
47.1641729,27.5903038
47.1643554,27.5915479
47.1634476,27.5941084
47.1631329,27.5982112
47.162634,27.6048053
47.1617268,27.6080398
47.1614366,27.6089035
47.1617103,27.608563
47.1616763,27.6086305
47.1617237,27.608544
47.161701,27.6085987
47.1616984,27.6085115
47.1616977,27.6085137
47.1616924,27.6085525
47.161695,27.6085306
47.162444,27.6059302
47.1625035,27.6008728
47.1632315,27.5969259
47.1641569,27.5920166
47.1641674,27.5902241
47.1638855,27.5867807
47.1641998,27.5852866
47.1644147,27.5845595
47.1651834,27.5821072
47.1655412,27.580835
47.1663912,27.5774314
47.1679031,27.5729045
47.1691566,27.5695702
47.1681408,27.5685106
47.1682151,27.5686091
47.1680344,27.5684024
47.1664715,27.5703899
47.1664436,27.5703857
47.1662147,27.5711734
47.1673011,27.5744009
47.1660273,27.5790841
47.1655263,27.5810196
47.1650358,27.5827592
47.1641233,27.585557
47.1638275,27.5876144
47.1642553,27.5907242
47.1638222,27.5928171
47.1632565,27.5965453
47.1624667,27.6021546
47.1625655,27.6051836
47.1615562,27.6084598
47.1617521,27.6086174
47.161761,27.6085723
47.1616965,27.6085749
47.1617077,27.6085543
47.1617274,27.6085194
47.1616987,27.6085343
47.1616777,27.6084862
47.1616775,27.6085243
47.1616502,27.6085327
47.1618523,27.6075875
47.1623897,27.6059267
47.1630544,27.5988309
47.1633694,27.5949367
47.1643322,27.5912701
47.1639992,27.5890507
47.1638279,27.5875436
47.1642497,27.5851996
47.1650915,27.5824452
47.1656826,27.5803271
47.1670125,27.5755191
47.1679875,27.5725689
47.1682424,27.5685419
47.168276,27.5684992
47.1673065,27.5687992
47.1664908,27.5703652
47.1664805,27.5704374
47.1665158,27.5720647
47.1665535,27.5772101
47.1656799,27.5802551
47.1652478,27.5819664
47.1644765,27.5842235
47.1638684,27.586726
47.1637882,27.5877399
47.1641897,27.5903037
47.1642068,27.5919229
47.163471,27.5936392
47.1632677,27.5965064
47.1624645,27.6019882
47.1626186,27.6051539
47.1615617,27.6083731
47.161691,27.6089828
47.1617421,27.6085962
47.1617407,27.6086113
47.161706,27.6085487
47.1616904,27.608533
47.1617423,27.6086446
47.1617426,27.6085731
47.1616983,27.6085951
47.1616695,27.608616
47.1616684,27.6086188
47.1617233,27.6085732
47.1624452,27.6059134
47.1626523,27.6032722
47.1633894,27.5950495
47.163911,27.5924756
47.1641843,27.5903394
47.1638228,27.5879641
47.1639783,27.5863601
47.1649516,27.5828025
47.1655699,27.580918
47.1663729,27.5776274
47.1672343,27.5745002
47.1688137,27.5689796
47.1682479,27.5685028
47.1664727,27.5704389
47.1664657,27.5704301
47.1661926,27.5711461
47.1668013,27.576119
47.1656449,27.5802976
47.1653169,27.5817695
47.1646197,27.5838308
47.1644656,27.5842184
47.1640987,27.5856487
47.1640987,27.5856487
47.1640987,27.5856487
47.1640987,27.5856487
47.1640987,27.5856487
47.1640987,27.5856487
47.1641661,27.5918951
47.1633698,27.5949745
47.162856,27.5996638
47.1625522,27.6050788
47.1615237,27.6084431
47.1617222,27.6085858
47.1616848,27.6085779
47.1616833,27.6085248
47.1616831,27.6085254
47.1616672,27.6086109
47.1617713,27.60816
47.1626419,27.604015
47.1631815,27.597649
47.1634648,27.5936332
47.1641769,27.5903788
47.1638883,27.5887857
47.1640098,27.5861237
47.1646195,27.5839243
47.1655205,27.5808581
47.1659339,27.579214
47.1664826,27.5772333
47.1678403,27.5728974
47.1691202,27.5692441
47.1681311,27.5685129
47.1673845,27.5685785
47.1664949,27.5703471
47.1664948,27.5703476
47.1662872,27.5714939
47.1671495,27.5748751
47.166087,27.5786394
47.1654728,27.5809724
47.1649575,27.583097
47.1646118,27.5842569
47.1640295,27.5860233
47.1638657,27.5876425
47.1642373,27.590614
47.1640153,27.5922747
47.1633117,27.5960057
47.1625563,27.6008986
47.1625753,27.6051187
47.1615366,27.6084711
47.1617353,27.6085864
47.1617406,27.6086031
47.1617019,27.6085522
47.1617452,27.6085565
47.1617467,27.6085724
47.1617481,27.6085506
47.1617658,27.6086053
47.161731,27.6085991
47.1616822,27.6085907
47.1617153,27.6086104
47.1617616,27.608122
47.1624579,27.6057986
47.1629429,27.5993365
47.1633094,27.5959748
47.1641276,27.5920168
47.1641586,27.5900455
47.1638569,27.5886044
47.1641527,27.5855303
47.1647191,27.583732
47.1655916,27.5808184
47.1662025,27.5784681
47.1674767,27.5738229
47.1688373,27.5704335
47.1681823,27.5684898
47.1671281,27.5691649
47.1664519,27.5703669
47.1665058,27.5703531
47.167004,27.5733453
47.1664189,27.5775625
47.165696,27.5803216
47.1651937,27.5822365
47.1645997,27.584268
47.1642066,27.5852857
47.163809,27.5876673
47.164118,27.5898704
47.1643673,27.5912637
47.1634287,27.5945706
47.1631089,27.5982849
47.1625809,27.6048308
47.1618853,27.6077087
47.1615539,27.6090117
47.1618012,27.6085728
47.1618003,27.6085964
47.1617706,27.6085536
47.1617159,27.6085927
47.1617395,27.6086135
47.1617294,27.6086163
47.1616954,27.60865
47.1617155,27.6086864
47.1617534,27.6087425
47.1624016,27.6058848
47.1629003,27.5995519
47.1633068,27.595909
47.1642412,27.5917626
47.1641225,27.5899493
47.1638872,27.5887146
47.1641952,27.5855227
47.1649367,27.5829631
47.1655775,27.5808326
47.1666425,27.5766869
47.1677746,27.5730218
47.1691273,27.5694225
47.1681913,27.5685205
47.1665827,27.5701591
47.1664837,27.5703507
47.1663301,27.5715986
47.1670103,27.5754576
47.1659666,27.5790727
47.1655031,27.5810136
47.165045,27.5827413
47.1646219,27.5842377
47.164098,27.585684
47.1639075,27.5876632
47.1642474,27.5906884
47.1640477,27.5922599
47.1633004,27.5961994
47.1630005,27.5991333
47.1626077,27.6051216
47.1620098,27.6074362
47.16144,27.6086852
47.1615121,27.6089921
47.1617178,27.6090423
47.1617283,27.6087229
47.1617409,27.6086492
47.1617574,27.6086217
47.1617523,27.608623
47.1617437,27.608636
47.1617152,27.6086445
47.1617092,27.6086024
47.1616881,27.6085792
47.161697,27.6086335
47.1617208,27.6086144
47.1617944,27.6084822
47.1624471,27.6058799
47.1630135,27.5988859
47.1634381,27.5942771
47.1643366,27.5911532
47.1639876,27.5890231
47.1637753,27.5881633
47.1641094,27.5855168
47.1647057,27.5835227
47.1653193,27.5815356
47.1655923,27.5804317
47.1663612,27.5776308
47.1677755,27.5731135
47.1690286,27.5698716
47.1682568,27.5685345
47.1679018,27.5681587
47.1664733,27.5703155
47.166457,27.5703894
47.1662131,27.571001
47.1669413,27.5756343
47.1659381,27.5793774
47.1655339,27.5810506
47.1648281,27.5833775
47.1646853,27.5838783
47.1641438,27.5855789
47.1638454,27.5881139
47.1641661,27.5901308
47.1643064,27.5909516
47.163561,27.5932584
47.1632872,27.5965975
47.1624326,27.6019886
47.1623683,27.6060269
47.1615325,27.6084386
