47.1654034,27.5601629
47.1642543,27.5625937
47.1631077,27.5648539
47.1622554,27.5665243
47.1607673,27.5739363
47.1594429,27.575275
47.1588252,27.5746628
47.1567937,27.5743879
47.1534121,27.5737324
47.1502169,27.5775378
47.1474263,27.5817099
47.1467317,27.5829777
47.1460785,27.5856375
47.1463215,27.5900767
47.1471161,27.5916465
47.1489197,27.5940059
47.1491468,27.5951555
47.1483002,27.6006688
47.1476665,27.6053445
47.1469962,27.6099429
47.14594,27.6172895
47.1458993,27.6178035
47.145815,27.6181159
47.1454965,27.6203871
47.1445997,27.6267596
47.1438885,27.6316661
47.1433887,27.6359466
47.1434089,27.6421967
47.1432403,27.6433286
47.143579,27.6435348
47.1435622,27.6436112
47.1435449,27.6436084
47.1435451,27.6436081
47.1435435,27.6436091
47.1435435,27.6436091
47.1435306,27.6435627
47.1435794,27.6435584
47.1436353,27.6430305
47.1433553,27.6365817
47.1435869,27.6339583
47.1442086,27.6295386
47.1453769,27.6212318
47.1455197,27.6203595
47.1457481,27.618475
47.1467138,27.6117883
47.1467737,27.6111992
47.147113,27.6090638
47.1478527,27.6037801
47.1482609,27.6008676
47.1489341,27.5960239
47.1491363,27.5951674
47.1481976,27.593057
47.1477991,27.5926095
47.1462926,27.5901548
47.1460629,27.5886559
47.1460507,27.5863531
47.1469059,27.5825051
47.1483416,27.5801699
47.1490545,27.5790731
47.1502112,27.5774613
47.153325,27.5738413
47.1545622,27.5735461
47.1565931,27.5743692
47.159219,27.5753974
47.1613509,27.5692914
47.1632016,27.5644309
47.1643149,27.562147
47.1663403,27.5579713
47.1667352,27.5569213
47.1668476,27.5522826
47.1668511,27.5502102
47.166783,27.545022
47.1683095,27.5414229
47.1683186,27.541415
47.168317,27.5414134
47.1690002,27.5411773
47.1690068,27.5411758
47.1690065,27.5411749
47.1690059,27.5411751
47.169006,27.5411758
47.1690058,27.5411754
47.1693276,27.5409892
47.1692682,27.541073
47.1692876,27.541118
47.1691513,27.5404538
47.167828,27.5418926
47.1667325,27.5453524
47.1667878,27.5502217
47.1667925,27.553135
47.166789,27.5564475
47.1658314,27.559031
47.1640815,27.5627428
47.162178,27.5665402
47.1609046,27.5727837
47.1594487,27.5752762
47.1591497,27.575038
47.1580006,27.5751155
47.1568733,27.5744925
47.1552102,27.5736696
47.1541908,27.5735781
47.154191,27.5735787
47.1526135,27.5742457
47.15046,27.5771006
47.1503537,27.577241
47.1477834,27.5811169
47.1466359,27.5830959
47.1460221,27.5873614
47.1462121,27.5899612
47.1469886,27.5913989
47.1486302,27.5936286
47.1491485,27.5948604
47.1484165,27.5994077
47.1482703,27.600722
47.1476043,27.6054415
47.1471436,27.6087133
47.1464755,27.6134994
47.1457311,27.6187035
47.1453579,27.6213064
47.1442218,27.6291294
47.1433139,27.6359351
47.1433693,27.6415644
47.143196,27.6433657
47.1435467,27.6435159
47.1435372,27.6435497
47.1435686,27.642998
47.1433535,27.6357121
47.1441679,27.6295799
47.1452423,27.6219514
47.1454449,27.6203105
47.1456898,27.6187219
47.146808,27.610984
47.1468325,27.6110045
47.1475317,27.6059559
47.1481946,27.6011595
47.1488882,27.5963679
47.1490817,27.5951296
47.1489548,27.5941111
47.1477839,27.5924647
47.1475792,27.5922082
47.1460658,27.588847
47.146087,27.5872296
47.1468255,27.5827263
47.1489874,27.5791838
47.1490772,27.5790961
47.1513059,27.5759591
47.151597,27.5754712
47.1518485,27.5751529
47.1521205,27.5748092
47.1521081,27.5748253
47.1524656,27.5744268
47.1526296,27.5742852
47.1526293,27.5742856
47.1530151,27.5739807
47.1532833,27.5738427
47.1532865,27.5738019
47.1546371,27.5734969
47.1566647,27.5743916
47.1586344,27.5754518
47.1608799,27.57134
47.1630054,27.5650326
47.1643063,27.5624281
47.1660437,27.5590008
47.166739,27.5568585
47.1667431,27.5546062
47.166701,27.5512791
47.1667013,27.545005
47.1682934,27.5414208
47.1687702,27.5411157
47.1693861,27.5406854
47.1693877,27.5406848
47.168887,27.5406241
47.168243,27.5414024
47.1670683,27.5428479
47.1667272,27.5469854
47.1667294,27.5509718
47.1667882,27.5565164
47.1658914,27.5590471
47.1635701,27.563922
47.1622346,27.5665987
47.1608922,27.5728461
47.1590285,27.5749132
47.1570252,27.5745869
47.1542194,27.573556
47.150366,27.5772441
47.1499708,27.5777849
47.1474375,27.581737
47.146081,27.5849731
47.1462745,27.590085
47.1471444,27.5916247
47.1488234,27.593893
47.14917,27.5949054
47.148336,27.6004675
47.148018,27.6026958
47.147213,27.6084073
47.1471376,27.6087275
47.1469825,27.6098934
47.1458402,27.6180625
47.1453533,27.6212809
47.1442355,27.6293056
47.1433988,27.6354663
47.1433911,27.6421269
47.143215,27.643475
47.1436219,27.6434233
47.1435995,27.6434006
47.143653,27.6432826
47.1436525,27.6432853
47.1436521,27.64329
47.1436502,27.6432926
47.1436426,27.6433039
47.1435101,27.6429688
47.143317,27.6360819
47.1441735,27.629578
47.14521,27.6219552
47.1457535,27.6184775
47.1468161,27.6110393
47.1475083,27.6062254
47.1478443,27.6037604
47.1482683,27.6008114
47.1490846,27.5951147
47.1491683,27.5947661
47.1476256,27.5923247
47.1462813,27.5901603
47.1460887,27.5885586
47.1468879,27.5825396
47.1487127,27.5795834
47.1500991,27.577632
47.1533577,27.5737745
47.1546177,27.5735302
47.1567421,27.5744584
47.1604113,27.5745175
47.1618672,27.5677309
47.1633094,27.5644235
47.164516,27.5620419
47.1664317,27.5580673
47.1668202,27.5543697
47.1667617,27.5503483
47.1667176,27.5449964
47.1678952,27.5418754
47.1683267,27.5414259
47.1686279,27.5411094
47.1690278,27.5412002
47.169046,27.5411554
47.1690379,27.5411622
47.1693405,27.5411158
47.1693401,27.5411163
47.1693398,27.5411158
47.1693671,27.5410635
47.1693777,27.5410772
47.169353,27.54112
47.1693803,27.541104
47.1693559,27.5411223
47.1693576,27.5411136
47.1693504,27.5410929
47.1693857,27.5406123
47.1677476,27.5420767
47.1667633,27.5458496
47.1668255,27.5502479
47.1667405,27.554657
47.1667799,27.5572075
47.1639184,27.5630542
47.1622214,27.5665333
47.1612564,27.5696152
47.1595532,27.5752256
47.1586722,27.574728
47.1570526,27.5746331
47.15587,27.5739677
47.1541767,27.5735617
47.150454,27.5770828
47.1479398,27.5809096
47.1462953,27.5840265
47.1461561,27.5897865
47.1479697,27.5928139
47.1491146,27.5951055
47.1485132,27.5988579
47.1483088,27.6007351
47.1474916,27.6063527
47.1470262,27.6093475
47.1460417,27.6164391
47.1457096,27.6186801
47.1451792,27.6225278
47.1443377,27.6284601
47.1437741,27.6324501
47.1432882,27.6371338
47.1432109,27.6430404
47.1435591,27.6435656
47.1436526,27.6431869
47.1436217,27.6432191
47.1436185,27.6432195
47.1436174,27.6432183
47.1436544,27.6431826
47.1436532,27.6431822
47.1436524,27.6431834
47.1435984,27.6433018
47.1433328,27.6403647
47.1435642,27.6339248
47.1444238,27.6279268
47.1454376,27.6209013
47.1463724,27.6143252
47.1469171,27.6104771
47.147849,27.6037824
47.1483021,27.6007532
47.1491186,27.5951463
47.1477354,27.5924107
47.1462314,27.5898739
47.1460425,27.58691
47.1460819,27.585373
47.1490915,27.579105
47.1525593,27.5743731
47.1547193,27.5735294
47.1569059,27.5745157
47.1604054,27.5745434
47.1620528,27.5670558
47.1635857,27.5638746
47.1663523,27.5580826
47.1667659,27.5557259
47.1686686,27.5708821
47.166818,27.5761209
47.1655894,27.5805862
47.1713377,27.5348964
47.1713385,27.5348974
47.1709159,27.5355575
47.1708792,27.5355776
47.1708332,27.535599
47.1707649,27.5356408
47.1707643,27.5356411
47.170764,27.5356413
47.1707638,27.535642
47.1707636,27.5356421
47.1707637,27.5356416
47.1707639,27.5356417
47.1707633,27.5356424
47.1707632,27.5356436
47.170763,27.5356457
47.1707629,27.5356459
47.1707626,27.5356467
47.1707618,27.5356471
47.170761,27.5356466
47.1707597,27.5356467
47.1707585,27.5356461
47.1707584,27.5356466
47.170735,27.5356667
47.1707388,27.5356699
47.1707588,27.5356748
47.1707596,27.5356728
47.1707599,27.5356737
47.1707672,27.5356781
47.170765,27.5356829
47.170765,27.5356826
47.1673469,27.568694
47.1638659,27.5871354
47.1642355,27.5852081
47.164726,27.5718463
47.161032,27.5731727
47.1604849,27.5730937
47.1588705,27.5744099
47.1590937,27.5754565
47.1610591,27.5702889
47.1629482,27.5651512
47.1633544,27.5643711
47.1654092,27.560406
47.1664568,27.5581505
47.1667994,27.5543104
47.166782,27.5514002
47.1667592,27.5462195
47.1669953,27.5430773
47.1682659,27.5414854
47.1685707,27.5411211
47.1693257,27.541053
47.1693259,27.5410527
47.1693259,27.5410532
47.1693256,27.5410538
47.1693454,27.5410704
47.1693585,27.5410666
47.1693577,27.5410672
47.1693547,27.5410694
47.1693514,27.5410695
47.1693515,27.5410697
47.1693525,27.5410686
47.1693523,27.5410691
47.1694048,27.5408765
47.1682312,27.5414859
47.1667401,27.5441006
47.1667753,27.5502675
47.1667733,27.5546355
47.166656,27.5575498
47.1636656,27.563734
47.1622699,27.5665205
47.1610421,27.5703544
47.1592071,27.5751703
47.1603796,27.5731261
47.1631791,27.5727769
47.1655612,27.5713013
47.1656142,27.571292
47.1664439,27.5704582
47.1681276,27.5684821
47.1689388,27.5701339
47.1672414,27.5744655
47.1660372,27.5788272
47.1654672,27.5810238
47.1648816,27.583067
47.1641263,27.5856014
47.1638503,27.5875286
47.1641496,27.5903536
47.1640964,27.5914138
47.1640911,27.5914023
47.1640727,27.5914006
47.164018,27.5913631
47.1640735,27.5913697
47.1640654,27.5913869
47.1641569,27.5902903
47.1638088,27.5882065
47.1640763,27.5859148
47.16425,27.5850933
47.1644305,27.5845649
47.165184,27.5823114
47.1655976,27.580918
47.165958,27.5792333
47.1672241,27.5746453
47.1682204,27.5721781
47.1684883,27.5687546
47.1682097,27.5684417
47.1682288,27.5684584
47.1666193,27.570108
47.1659437,27.5711535
47.1623582,27.5731937
47.1604069,27.5730734
47.1587322,27.5754798
47.1609677,27.5706312
47.1629849,27.5651327
47.1633412,27.5644436
47.1650145,27.5611074
47.1663972,27.5580642
47.1667454,27.5553191
47.1667507,27.552718
47.1667383,27.5512851
47.1667199,27.5451537
47.1674685,27.5424684
47.1682336,27.5415458
47.1685838,27.5411045
47.1693494,27.5410902
47.1693224,27.5410585
47.1693775,27.5409376
47.1693546,27.5410034
47.1693448,27.5410742
47.1693789,27.5410898
47.169364,27.5410798
47.1693454,27.5411309
47.1693381,27.5411101
47.1691646,27.5404541
47.1689629,27.5406206
47.1689853,27.540584
47.1692904,27.5401553
47.1689294,27.5406145
47.168264,27.5414265
47.166722,27.5441479
47.1667467,27.5495917
47.1668181,27.5509965
47.1667939,27.5550968
47.1668178,27.5570726
47.1647794,27.5616558
47.1631521,27.5648477
47.1621805,27.5665713
47.1609218,27.5725256
47.1592598,27.5751541
47.1591405,27.5750912
47.1591018,27.5742131
47.160399,27.5731296
47.1639411,27.5723393
47.1664128,27.5704835
47.1673534,27.5688193
47.1673774,27.5687079
47.1686244,27.5688999
47.1680447,27.5726114
47.167484,27.5739683
47.1666035,27.576976
47.1658255,27.5798545
47.1655658,27.5811058
47.1651615,27.58225
47.1646004,27.5842841
47.1641243,27.5856463
47.1638269,27.5883221
47.1640882,27.5904733
47.1640649,27.591385
47.1640684,27.5913817
47.1640634,27.5913898
47.164169,27.5903494
47.1640111,27.5891267
47.1640797,27.585761
47.164572,27.583989
47.1653795,27.5812899
47.165485,27.5807196
47.1664752,27.5772856
47.1676465,27.5734103
47.1690699,27.5698712
47.168294,27.5684852
47.1673972,27.5686174
47.1664726,27.5703285
47.1664773,27.5703383
47.1646538,27.5718066
47.1619553,27.5732979
47.1603648,27.5730742
47.1586892,27.575464
47.1610206,27.5704204
47.1631924,27.5645868
47.1638773,27.5631626
47.1663684,27.5580381
47.1667688,27.55636
47.166791,27.5530739
47.166801,27.5510916
47.1667431,27.5456796
47.1670685,27.542937
47.1685599,27.5411323
47.1693821,27.5406636
47.1694056,27.5406493
47.1693954,27.540658
47.1682227,27.5414774
47.1667187,27.5439934
47.1667139,27.5469844
47.1667429,27.5504282
47.1667398,27.5553864
47.1666874,27.557506
47.1642586,27.5623674
47.1621618,27.5665603
47.161475,27.5688928
47.1596781,27.575124
47.15927,27.5739399
47.1606381,27.573169
47.164097,27.5722592
47.1655464,27.5714147
47.1655594,27.5713965
47.1663885,27.5705247
47.1680795,27.5684596
47.1689605,27.5700459
47.1674304,27.5740546
47.1661324,27.5783435
47.1654504,27.5810023
47.1649966,27.5828769
47.1644097,27.5845505
47.1640295,27.5855659
47.163978,27.5889221
47.1641053,27.5905234
47.1640385,27.5914235
47.1640834,27.5914207
47.1640826,27.5914187
47.1640536,27.5914465
47.1642387,27.5912471
47.164214,27.5905296
47.1638701,27.5887243
47.1639561,27.5864664
47.1643725,27.5846718
47.1650392,27.5826124
47.1654453,27.581109
47.1659872,27.5789309
47.1671639,27.5748427
47.1680834,27.572393
47.1684411,27.5686985
47.1682133,27.5685262
47.1665695,27.5701512
47.1655688,27.5713528
47.1616688,27.5732868
47.1601855,27.5730526
47.1585503,27.5749252
47.1609119,27.5727563
47.1612034,27.5696552
47.1621206,27.5668495
47.1632791,27.5644116
47.165916,27.5590562
47.1666728,27.5573388
47.1667617,27.5525674
47.1667941,27.5500045
47.1667363,27.5449934
47.1682055,27.5414847
47.1683697,27.5412964
47.1690771,27.5404757
47.1691948,27.5403163
47.1701715,27.5387007
47.1701719,27.5387015
47.1701823,27.5387183
47.1702027,27.5387251
47.1702012,27.5387312
47.1706454,27.5369084
47.1706782,27.5363515
47.170679,27.5363512
47.1706793,27.5363509
47.1706797,27.5363506
47.1706797,27.5363505
47.1706798,27.5363503
47.1706794,27.5363503
47.1708587,27.5360258
47.1708608,27.5360312
47.1708818,27.5360298
47.170879,27.5360243
47.1708789,27.5360261
47.1708759,27.536022
47.1708748,27.5360207
47.1708746,27.5360202
47.1708749,27.5360212
47.1708734,27.5360187
47.1708742,27.5360213
47.1708765,27.536029
47.1708727,27.5360501
47.1708723,27.5360494
47.1709012,27.536061
47.1708843,27.5360444
47.1708837,27.5360438
47.1708775,27.5360339
47.1708747,27.5360306
47.170869,27.5360328
47.1708586,27.5360224
47.1708584,27.536023
47.1708581,27.5360239
47.1708576,27.5360251
47.1708571,27.5360261
47.1708567,27.5360263
47.1708562,27.5360268
47.1708561,27.5360279
47.170856,27.5360285
47.170856,27.5360293
47.1708518,27.5360653
47.1708461,27.5360586
47.1708643,27.536072
47.1708642,27.5360671
47.1708666,27.5360622
47.1708659,27.5360624
47.1708657,27.5360625
47.1708652,27.5360621
47.1708652,27.5360628
47.1708809,27.5360398
47.1709045,27.5360443
47.1709038,27.5360394
47.1716663,27.5350097
47.1716772,27.5352977
47.171661,27.535305
47.1716537,27.5353078
47.1716592,27.5352951
47.1716591,27.5351137
47.171663,27.5351092
47.1716412,27.5350458
47.1716403,27.5350495
47.1716403,27.5350515
47.1716416,27.5350524
47.1716513,27.5350148
47.1716546,27.5350267
47.1716543,27.535035
47.1716558,27.5350336
47.1716609,27.5350244
47.1716964,27.5350332
47.1716966,27.5350343
47.1716956,27.5350357
47.1716949,27.5350365
47.1716916,27.535044
47.1716786,27.5350682
47.1716785,27.5350717
47.1716785,27.5350725
47.1716782,27.5350731
47.1716776,27.5350734
47.1716768,27.5350741
47.1716762,27.5350736
47.1717774,27.5341129
47.171485,27.5312564
47.1709811,27.5346335
47.1707562,27.5357662
47.170753,27.5357634
47.1707532,27.5357634
47.1707531,27.5357637
47.1707533,27.5357635
47.1707535,27.5357632
47.170763,27.5357218
47.1707623,27.5357218
47.1707625,27.5357221
47.1707683,27.5357295
47.1707588,27.5357309
47.1707598,27.5357211
47.1707588,27.5357177
47.1707592,27.5357171
47.1707589,27.5357172
47.1706884,27.5361324
47.1706676,27.5364528
47.1707055,27.5362576
47.1707567,27.5356586
47.1707567,27.5356586
47.1707567,27.5356586
47.1707567,27.5356586
47.1707567,27.5356586
47.1707567,27.5356586
47.1707567,27.5356586
47.1707567,27.5356586
47.1707567,27.5356586
47.1707567,27.5356586
47.1707567,27.5356586
47.1707567,27.5356586
47.1707567,27.5356586
47.1707567,27.5356586
47.1707567,27.5356586
47.1707567,27.5356586
47.1707567,27.5356586
47.1707567,27.5356586
47.1707567,27.5356586
47.1707567,27.5356586
47.1707567,27.5356586
47.1707567,27.5356586
47.1707567,27.5356586
47.1707567,27.5356586
47.1707567,27.5356586
47.1707567,27.5356586
47.1707567,27.5356586
47.1707567,27.5356586
47.1707567,27.5356586
47.1707567,27.5356586
47.1707567,27.5356586
47.1707567,27.5356586
47.1707567,27.5356586
47.1707567,27.5356586
47.1707567,27.5356586
47.1707567,27.5356586
47.1707567,27.5356586
47.1707567,27.5356586
47.1707567,27.5356586
47.1707567,27.5356586
47.1707567,27.5356586
47.1707567,27.5356586
47.1707567,27.5356586
47.1707567,27.5356586
47.1707567,27.5356586
47.1707567,27.5356586
47.1503624,27.5772207
47.1493734,27.5786256
47.1474036,27.581713
47.1463542,27.5838026
47.146281,27.5901175
47.1470681,27.5914965
47.1472431,27.591783
