47.1237276,27.5673821
47.1252438,27.5673091
47.128738,27.5688147
47.1311841,27.5705733
47.1355516,27.5739028
47.1384276,27.5776307
47.139353,27.5786869
47.1435142,27.5808718
47.1468807,27.5836219
47.1502573,27.5865314
47.1509854,27.5871113
47.152876,27.588256
47.1569603,27.5850371
47.1594773,27.5880151
47.1599577,27.5889423
47.1617809,27.5948758
47.1642483,27.5917715
47.164126,27.5897164
47.1641478,27.5855638
47.1646747,27.5839341
47.1655136,27.5810215
47.1659099,27.5794826
47.1681763,27.5769771
47.1689578,27.5767927
47.1710248,27.5753731
47.1726182,27.5740444
47.1731491,27.5736356
47.1746111,27.5723581
47.1768514,27.570498
47.1789252,27.5687572
47.1809698,27.5670604
47.1829685,27.5653056
47.1850306,27.5636293
47.1872152,27.5617783
47.1898173,27.5595859
47.1899353,27.5593593
47.1900259,27.559333
47.1900359,27.5593672
47.1906164,27.5592567
47.1906529,27.5592521
47.190665,27.5592255
47.190662,27.5592239
47.19066,27.5592223
47.1906601,27.5592211
47.1908257,27.5591963
47.1908208,27.5592193
47.1908206,27.5592174
47.1909467,27.5590674
47.1909484,27.559067
47.1909482,27.5590665
47.1909476,27.559067
47.1909461,27.5590675
47.1909212,27.5590933
47.1907425,27.5584521
47.1905858,27.5584284
47.1905852,27.5584258
47.1905857,27.5584253
47.1905849,27.5584235
47.1905832,27.558424
47.188944,27.5602259
47.1863155,27.5623299
47.1844764,27.5640344
47.1804491,27.5674106
47.1765616,27.5706861
47.1749208,27.5721277
47.1742175,27.5727723
47.1704816,27.5757039
47.1683447,27.5769523
47.1665904,27.5775249
47.1658433,27.5797631
47.1653627,27.5815671
47.1646461,27.583912
47.164059,27.5856771
47.1638688,27.5869324
47.1638239,27.5878136
47.1642619,27.5907705
47.1635593,27.5932051
47.1622946,27.594671
47.1604629,27.5910088
47.1592189,27.5874408
47.1577285,27.5851312
47.1555167,27.5855332
47.1536699,27.5874432
47.1530654,27.5881673
47.1523231,27.5881453
47.1518108,27.587749
47.1505928,27.5867101
47.1494608,27.5857992
47.1463411,27.5832133
47.1425706,27.5802917
47.1391905,27.5784781
47.1368107,27.5754492
47.1347212,27.5730187
47.1329888,27.5718454
47.1296255,27.5694767
47.1292261,27.5692351
47.1249767,27.5673248
47.1236676,27.5674179
47.123038,27.5674174
47.1230542,27.5674396
47.123053,27.567441
47.1230518,27.5674416
47.1230508,27.567441
47.1230494,27.567441
47.1229858,27.5674153
47.1233013,27.5679543
47.123498,27.5676612
47.1234997,27.567664
47.1234694,27.5676608
47.1234692,27.5676642
47.1234691,27.5676621
47.123691,27.5674524
47.1250637,27.5673199
47.1286919,27.5688519
47.1329527,27.5717804
47.1340346,27.572619
47.1366172,27.5752537
47.1385034,27.5776796
47.1434084,27.5807839
47.1461527,27.5830774
47.1481696,27.5847306
47.1500935,27.5863683
47.1503422,27.5865667
47.1526978,27.588323
47.1549193,27.586147
47.1582899,27.5857395
47.15957,27.5881107
47.1604329,27.5903824
47.1615918,27.5942525
47.1624562,27.5946059
47.1638445,27.5925771
47.1642109,27.5902084
47.1638934,27.5886503
47.1639622,27.5865021
47.164336,27.5847121
47.1653098,27.5816896
47.165826,27.5796844
47.167832,27.577007
47.1690272,27.5767025
47.1729011,27.5738026
47.1743378,27.57259
47.1755026,27.5716065
47.1787935,27.5688626
47.1810592,27.5669412
47.1835592,27.5648091
47.1858975,27.5628122
47.1899008,27.5594262
47.1907893,27.5591541
47.1908031,27.5591938
47.1907949,27.5592114
47.1907976,27.559211
47.1907976,27.5592103
47.1907954,27.5591857
47.1907977,27.5591847
47.1908072,27.5592451
47.1908082,27.5592423
47.1905456,27.5584778
47.1905454,27.5584782
47.1905461,27.5584776
47.1905456,27.5584769
47.1905455,27.558477
47.1899738,27.5594126
47.1864093,27.5624732
47.1845489,27.5640316
47.1817095,27.5664038
47.1794704,27.5683787
47.1758033,27.5714224
47.1748349,27.5721826
47.1732854,27.5735111
47.1697996,27.5763134
47.1677069,27.5770774
47.1662684,27.5780026
47.165631,27.5803371
47.1653865,27.5816398
47.1647038,27.5838214
47.1645773,27.5844064
47.1640379,27.5857709
47.1638282,27.5878769
47.1642557,27.5908109
47.1634464,27.5933809
47.1622108,27.5947731
47.1608253,27.592004
47.1596245,27.5883343
47.1592264,27.587477
47.1569373,27.584985
47.1526383,27.5882603
47.1523441,27.5880899
47.1502164,27.5864701
47.148865,27.5853549
47.1438409,27.5810078
47.1425684,27.5802509
47.1403186,27.5794022
47.1389764,27.5782274
47.1365136,27.5750391
47.1330058,27.5718167
47.130672,27.5701997
47.1288838,27.5689421
47.1238017,27.5673626
47.1227263,27.5674925
47.1227018,27.5675574
47.1227404,27.5675509
47.1227362,27.5675517
47.1227377,27.5675506
47.12273,27.5675518
47.1232007,27.5681444
47.1234677,27.5675825
47.1234453,27.5675373
47.1234469,27.5675378
47.1239686,27.5673663
47.1286725,27.5687959
47.1310684,27.5704714
47.1339861,27.5725199
47.1364701,27.5750972
47.1386004,27.5777896
47.1418386,27.5800614
47.1428441,27.580465
47.1452377,27.5822958
47.1498701,27.5861883
47.1502935,27.5865355
47.1513047,27.5873563
47.1517791,27.5877559
47.1551032,27.5859928
47.157002,27.5850296
47.1594712,27.5881145
47.1608302,27.5919732
47.1632588,27.5937348
47.1641526,27.590237
47.163865,27.587222
47.1644592,27.5844463
47.1654101,27.5812141
47.165916,27.5792734
47.1685562,27.5768729
47.1702202,27.5760724
47.1739422,27.5729308
47.1746723,27.5723037
47.1772607,27.5701281
47.1804677,27.5674455
47.1814291,27.5666022
47.1836428,27.5646812
47.1857014,27.5629372
47.1875612,27.5613748
47.1901098,27.5591947
47.1905336,27.5591957
47.1905603,27.5592505
47.1906827,27.559257
47.190635,27.5593196
47.1906769,27.5592732
47.1906755,27.5592827
47.1906783,27.5592818
47.1908688,27.5590322
47.1908716,27.5589978
47.1908993,27.5589829
47.1905689,27.5584468
47.1905696,27.5584494
47.1905675,27.5584507
47.1887043,27.5604965
47.1863752,27.5625096
47.1843574,27.5642393
47.180694,27.5673005
47.1788384,27.5688659
47.1752347,27.5718596
47.174618,27.5723451
47.1714821,27.5750015
47.1688154,27.5768198
47.1664404,27.5776456
47.1655823,27.5807539
47.1651618,27.5822337
47.1644737,27.5844991
47.1640715,27.5857524
47.1638055,27.5878056
47.1639926,27.5890942
47.1642756,27.5908888
47.1630991,27.5939682
47.1609387,27.5924497
47.1597382,27.5886009
47.1590805,27.5870852
47.1557001,27.5854351
47.1521387,27.5880627
47.1512819,27.5872839
47.1485657,27.5851588
47.145717,27.5826805
47.1425286,27.5803384
47.1396327,27.5789054
47.1389668,27.5782392
47.1368631,27.5755141
47.1340577,27.5725319
47.1311018,27.5704861
47.1289037,27.5689616
47.1245057,27.5673245
47.1244638,27.5673502
47.1232421,27.5673875
47.1235097,27.56769
47.1235064,27.5676955
47.1234819,27.5675289
47.1234472,27.5675478
47.1234394,27.5675959
47.1234408,27.5675972
47.1234407,27.5675975
47.1234411,27.5675972
47.12351,27.5676004
47.1236529,27.567432
47.1272194,27.5677848
47.1294232,27.569333
47.1325278,27.5715415
47.1339657,27.5724754
47.1360302,27.5745789
47.1385092,27.5776986
47.1417893,27.5800229
47.1420483,27.5801564
47.1441133,27.5813308
47.1493093,27.5857713
47.15122,27.5873155
47.1528995,27.5881954
47.1577676,27.5851439
47.1594535,27.5880474
47.1843131,27.5642064
47.1805192,27.5674396
47.1748721,27.5721504
47.139127,27.578402
47.1428953,27.5804625
47.1615774,27.5944224
47.1624448,27.5946359
47.1643621,27.5914531
47.1641241,27.5899655
47.163925,27.5869994
47.1642676,27.5850781
47.1649368,27.5831675
47.1656671,27.5807751
47.1661275,27.5784254
47.1687539,27.5768154
47.1695433,27.5765535
47.17297,27.5737156
47.173339,27.5734418
47.1754955,27.5716105
47.175972,27.5712541
47.1788787,27.5688134
47.1809715,27.5670432
47.1819934,27.5661359
47.184408,27.5640876
47.1858233,27.5629334
47.1894068,27.5599054
47.1899939,27.5594209
47.1900214,27.5593705
47.1900218,27.5593688
47.1899971,27.559367
47.189981,27.5593594
47.1902113,27.5591267
47.1907573,27.559234
47.1907577,27.5592463
47.1907584,27.5592385
47.1907701,27.5592348
47.1909314,27.5590074
47.1909313,27.5590072
47.1909299,27.5590057
47.1909289,27.559004
47.1909234,27.5589818
47.1909268,27.5587774
47.190628,27.558493
47.1907144,27.55839
47.1906952,27.5583761
47.1886049,27.5605486
47.1863754,27.5624436
47.1845872,27.5640063
47.182768,27.5655095
47.1804159,27.5674665
47.1783233,27.5692531
47.175035,27.5719929
47.1745568,27.5723124
47.1713885,27.5750381
47.1687913,27.5768293
47.1667053,27.5774681
47.1657432,27.5800227
47.1655148,27.581001
47.1649312,27.5829342
47.1645596,27.5844599
47.1641217,27.5856492
47.163815,27.5869927
47.1640534,27.5905013
47.1642746,27.5910148
47.1641896,27.5901414
47.1640847,27.5858685
47.1646065,27.5838199
47.1653587,27.581376
47.1660492,27.5786871
47.1668322,27.5760104
47.167262,27.5744515
47.168801,27.5704632
47.1686218,27.5688702
47.1681611,27.5684608
47.1672286,27.5690098
47.1665783,27.570242
47.1652235,27.5716091
47.1646614,27.5719732
47.1606373,27.5731303
47.1587422,27.5754617
47.1590958,27.5750171
47.1604628,27.5731113
47.1634028,27.5726283
47.163972,27.5724903
47.1645823,27.5732617
47.1645267,27.5731991
47.1645238,27.5732039
47.1645206,27.5732017
47.1645187,27.5732
47.1647621,27.5734017
47.1647628,27.573405
47.1647635,27.5734052
47.1647651,27.5734052
47.1649385,27.5733574
47.1651902,27.5731317
47.1658304,27.5734443
47.1647829,27.5738677
47.1646999,27.5736917
47.1647001,27.5736935
47.1647001,27.5736935
47.1647001,27.5736935
47.1647001,27.5736935
47.1647001,27.5736935
47.1647001,27.5736935
47.1647001,27.5736935
47.1647001,27.5736935
47.1647001,27.5736935
47.1647001,27.5736935
47.1647001,27.5736935
47.1647001,27.5736935
47.1647001,27.5736935
47.1647001,27.5736935
47.1647001,27.5736935
47.1647001,27.5736935
47.1647001,27.5736935
47.1647001,27.5736935
47.1647001,27.5736935
47.1647001,27.5736935
47.1647001,27.5736935
47.1647001,27.5736935
47.1647001,27.5736935
47.1647001,27.5736935
47.1647001,27.5736935
47.1647001,27.5736935
47.1647001,27.5736935
47.1647001,27.5736935
47.1647001,27.5736935
47.1647001,27.5736935
47.1647001,27.5736935
47.1647001,27.5736935
47.1647001,27.5736935
47.1647001,27.5736935
47.1647001,27.5736935
47.1647001,27.5736935
47.1647001,27.5736935
47.1647001,27.5736935
47.1647001,27.5736935
47.1647001,27.5736935
47.1647001,27.5736935
47.1647001,27.5736935
47.1647001,27.5736935
47.1647001,27.5736935
47.1647001,27.5736935
47.1647001,27.5736935
47.1647001,27.5736935
47.1647001,27.5736935
47.1647001,27.5736935
47.1647001,27.5736935
47.1647001,27.5736935
47.1647001,27.5736935
47.1647001,27.5736935
47.1647001,27.5736935
47.1647001,27.5736935
47.1647001,27.5736935
47.1647001,27.5736935
47.1647001,27.5736935
47.1647001,27.5736935
47.1647001,27.5736935
47.1647001,27.5736935
47.1647001,27.5736935
47.1647001,27.5736935
47.1647001,27.5736935
47.1647001,27.5736935
47.1647001,27.5736935
47.1647001,27.5736935
47.1647001,27.5736935
47.1647001,27.5736935
47.1647001,27.5736935
47.1647001,27.5736935
47.1647001,27.5736935
47.1647001,27.5736935
47.1647001,27.5736935
47.1647001,27.5736935
47.1647001,27.5736935
47.1647001,27.5736935
47.1647001,27.5736935
47.1647001,27.5736935
47.1647001,27.5736935
47.1647001,27.5736935
47.1647001,27.5736935
47.1647001,27.5736935
47.1647001,27.5736935
47.1647001,27.5736935
47.1647001,27.5736935
47.1647001,27.5736935
47.1647001,27.5736935
47.1647001,27.5736935
47.1647001,27.5736935
47.1647001,27.5736935
47.1647001,27.5736935
47.1647001,27.5736935
47.1647001,27.5736935
47.1647001,27.5736935
47.1647001,27.5736935
47.1647001,27.5736935
47.1647001,27.5736935
47.1647001,27.5736935
47.1647001,27.5736935
47.1647001,27.5736935
47.1647001,27.5736935
47.1647001,27.5736935
47.1647001,27.5736935
47.1647001,27.5736935
47.1647001,27.5736935
47.1647001,27.5736935
47.1647001,27.5736935
47.1647001,27.5736935
47.1647293,27.5736026
47.1645251,27.5733211
47.1645278,27.5734219
47.164258,27.57325
47.164271,27.5732207
47.1641638,27.5734136
47.1642395,27.5733227
47.1642541,27.5732662
47.1642552,27.5732633
47.1642497,27.573197
47.1640383,27.5726093
47.1643311,27.5720925
47.1660073,27.5711405
47.166544,27.5703405
47.1672358,27.5687816
47.168197,27.5685589
47.168804,27.5705674
47.1671763,27.5748244
47.1227721,27.5682498
47.136438,27.5749702
47.1384698,27.5776272
47.1625638,27.5945425
47.163996,27.5923892
47.164196,27.5903464
47.1639632,27.589008
47.1639123,27.586864
47.164217,27.5852914
47.1648853,27.5830185
47.1655036,27.5810905
47.1659376,27.5793966
47.168433,27.576867
47.1705036,27.575819
47.1733641,27.5734212
47.1752711,27.5718486
47.176683,27.5706718
47.1787217,27.5689541
47.1805903,27.5673779
47.1814088,27.5666972
47.1835779,27.564874
47.1857005,27.5630126
47.1876117,27.5614969
47.1899722,27.5594982
47.1899728,27.5594957
47.1902199,27.5592024
47.1907183,27.5592881
47.1907571,27.5592455
47.1907559,27.5592444
47.1907542,27.5592442
47.1909363,27.5589932
47.1909344,27.5589932
47.1909337,27.5589928
47.1909138,27.5590676
47.1908615,27.5586068
47.1905568,27.5584575
47.1905321,27.5584805
47.1905311,27.558481
47.1905214,27.5584505
47.1905102,27.5584371
47.1905089,27.5584477
47.1905077,27.5584475
47.1899935,27.5593886
47.1874195,27.5615862
47.1862159,27.5626653
47.1845851,27.563986
47.1821696,27.5660543
47.1804069,27.5675095
47.1780749,27.5694837
47.1754966,27.5715803
47.1746001,27.5724126
47.1712798,27.5751082
47.1687769,27.5768152
47.1671095,27.577248
47.1658695,27.5796535
47.1654928,27.5812759
47.1647616,27.5836852
47.1645759,27.5844664
47.1640038,27.5858911
47.1638297,27.5879799
47.1642155,27.5907591
47.1642225,27.5918158
47.1622591,27.5947216
47.1607779,27.5916022
47.1592703,27.5875027
47.1583435,27.5857719
47.1559196,27.5853376
47.1525858,27.5882589
47.1522796,27.588154
47.1506885,27.5868307
47.1494404,27.5858815
47.148605,27.5850629
47.1454633,27.5824588
47.142572,27.5803163
47.1423359,27.5802163
47.1397619,27.5789814
47.1387302,27.5779696
47.1347383,27.5730416
47.1340892,27.5725982
47.1328681,27.5717681
47.1292839,27.5691972
47.1269778,27.567617
47.1245314,27.5673515
47.1235274,27.5674597
47.1227619,27.5681233
47.1232007,27.568062
47.1234268,27.5676775
47.1234214,27.5676617
47.1234217,27.5676629
47.123427,27.5676613
47.1234603,27.5676976
47.1234532,27.5677204
47.1234559,27.5677151
47.1234564,27.5677152
47.1284956,27.5686452
47.1306205,27.5700961
47.1339229,27.5724407
47.1339823,27.5725349
47.1382816,27.5773464
47.1391176,27.5784254
47.1435181,27.5808368
47.149429,27.5858107
47.1502709,27.5865066
47.1506487,27.5868078
47.1527728,27.5882821
47.1544974,27.5866352
47.159344,27.5877245
47.1596442,27.5885625
47.1603738,27.5905575
47.1617288,27.5948062
47.1637694,27.5927318
47.1642144,27.5901675
47.1638828,27.5886091
47.1639179,27.5866646
47.1640876,27.5856076
47.1643234,27.5849439
47.1648601,27.5833168
47.1656034,27.5807281
47.1660968,27.5787032
47.1689034,27.5768261
47.1701111,27.5761851
47.1725486,27.5740815
47.172895,27.5738501
47.1753652,27.5717541
47.1762211,27.5710957
47.1788871,27.5689231
47.1809762,27.5671354
47.1834909,27.564949
47.1853047,27.563391
47.1857962,27.5630094
47.1897067,27.5596735
47.1898401,27.5595789
47.1899266,27.5594919
47.1900975,27.5592677
47.1907951,27.5591632
47.1908856,27.5590179
47.1906479,27.5583988
47.1905336,27.5584708
47.1905334,27.5584699
47.1905331,27.5584709
47.190533,27.5584696
47.1905318,27.5584693
47.1905274,27.5583831
47.1904377,27.5584953
47.1879316,27.5611284
47.1859381,27.5628666
47.1840078,27.5645131
47.1807601,27.5672593
47.1790894,27.5686668
47.175759,27.5713722
47.1748168,27.5721527
47.1724275,27.5741637
47.1691118,27.5766967
47.1677462,27.5770972
47.1665148,27.5775887
47.1656788,27.5802516
47.1654696,27.5811744
47.1650398,27.5825923
47.1645277,27.5842627
47.1642017,27.5853064
47.1638731,27.5869649
47.1641777,27.590361
47.1642995,27.5911328
47.1637741,27.5928588
47.1622291,27.594755
47.1621567,27.5948531
47.1607108,27.591498
47.159692,27.5879766
47.1591633,27.5873765
47.1570228,27.5849966
47.1537735,27.5873543
47.152273,27.5881535
47.1516765,27.5876631
47.1495042,27.5858352
47.1477818,27.5844039
47.1428323,27.5804084
47.1426032,27.5803087
47.1395591,27.5788979
47.138767,27.5779764
47.1342853,27.572701
47.1328954,27.571786
47.1292467,27.5692145
47.1261462,27.5673517
47.1244311,27.5673811
47.1244262,27.567405
47.1231907,27.5675095
47.1229416,27.5682288
47.1229527,27.5682337
47.1231808,27.5680747
47.1231756,27.5680729
47.123174,27.568072
47.1231743,27.5680708
47.1231745,27.5680708
47.1232374,27.5679958
47.1234443,27.5676344
47.1234436,27.5676342
47.1234427,27.5676343
47.123442,27.5676345
47.1234418,27.567635
47.1234419,27.5676347
47.1235919,27.5674642
47.1259833,27.5673217
47.1287446,27.5688469
47.1312716,27.5706294
47.1340501,27.5725016
47.1341814,27.5726068
47.1384083,27.5775299
47.1407936,27.5796363
47.1422001,27.5801375
47.1441375,27.5813583
47.1490751,27.5855454
47.1502897,27.586552
47.1517852,27.5878027
47.1550178,27.5860873
47.1585938,27.5862678
47.1595921,27.5883899
47.1613722,27.5937576
47.1615107,27.5941978
47.1630177,27.5940683
47.1636212,27.5931009
47.1639124,27.5924729
47.1642223,27.5906027
47.1638737,27.588628
47.1640763,27.5856386
47.1645898,27.5839868
47.165299,27.5816407
47.1657161,27.5800265
47.1662042,27.5781304
47.1663741,27.577453
47.1678775,27.5728144
47.1691544,27.5694647
47.1680952,27.5684479
47.1678834,27.5682927
47.1664405,27.5704971
47.1648373,27.5718414
47.1605918,27.5731213
47.1586156,27.5753518
47.1590902,27.5751308
47.1602163,27.5731017
47.1636164,27.5724002
47.1639811,27.5724477
47.1643746,27.5730754
47.1643736,27.573077
47.1643939,27.5731621
47.1644052,27.5731486
47.1644055,27.5731244
47.1645101,27.5732149
47.1652099,27.5730969
47.1651872,27.5730381
47.1646333,27.573194
47.1646335,27.5732018
47.1646335,27.5732018
47.1646335,27.5732018
47.1646335,27.5732018
47.1646335,27.5732018
47.1646335,27.5732018
47.1646335,27.5732018
47.1646335,27.5732018
47.1646335,27.5732018
47.1646335,27.5732018
47.1646335,27.5732018
47.1646335,27.5732018
47.1646335,27.5732018
47.1646335,27.5732018
47.1646335,27.5732018
47.1646335,27.5732018
47.1646335,27.5732018
47.1646335,27.5732018
47.1646335,27.5732018
47.1646335,27.5732018
47.1646335,27.5732018
47.1646335,27.5732018
47.1646335,27.5732018
47.1646335,27.5732018
47.1646335,27.5732018
47.1646335,27.5732018
47.1646335,27.5732018
47.1646335,27.5732018
47.1646335,27.5732018
47.1646335,27.5732018
47.1646335,27.5732018
47.1646335,27.5732018
47.1646335,27.5732018
47.1646335,27.5732018
47.1646335,27.5732018
47.1646335,27.5732018
47.1646335,27.5732018
47.1646335,27.5732018
47.1646335,27.5732018
47.1646335,27.5732018
47.1646335,27.5732018
47.1646335,27.5732018
47.1646335,27.5732018
47.1646335,27.5732018
47.1646335,27.5732018
47.1646335,27.5732018
47.1646335,27.5732018
47.1646335,27.5732018
47.1646335,27.5732018
47.1646335,27.5732018
47.1646335,27.5732018
47.1646335,27.5732018
47.1646335,27.5732018
47.1646335,27.5732018
47.1646335,27.5732018
47.1646335,27.5732018
47.1646335,27.5732018
47.1646335,27.5732018
47.1646335,27.5732018
47.1646335,27.5732018
47.1646335,27.5732018
47.1646335,27.5732018
47.1646335,27.5732018
47.1646335,27.5732018
47.1646335,27.5732018
47.1646335,27.5732018
47.1646335,27.5732018
47.1646335,27.5732018
47.1646335,27.5732018
47.1646335,27.5732018
47.1646335,27.5732018
47.1646335,27.5732018
47.1646335,27.5732018
47.1646335,27.5732018
47.1646335,27.5732018
47.1646335,27.5732018
47.1646335,27.5732018
47.1646335,27.5732018
47.1646335,27.5732018
47.1646335,27.5732018
47.1646335,27.5732018
47.1646335,27.5732018
47.1646335,27.5732018
47.1646335,27.5732018
47.1646335,27.5732018
47.1646335,27.5732018
47.1646335,27.5732018
47.1646335,27.5732018
47.1646335,27.5732018
47.1646335,27.5732018
47.1646335,27.5732018
47.1646335,27.5732018
47.1646335,27.5732018
47.1646335,27.5732018
47.1646335,27.5732018
47.1646335,27.5732018
47.1646335,27.5732018
47.1646335,27.5732018
47.1646335,27.5732018
47.1646335,27.5732018
47.1646335,27.5732018
47.1646335,27.5732018
47.1646335,27.5732018
47.1646335,27.5732018
47.1646335,27.5732018
47.1646335,27.5732018
47.1646335,27.5732018
47.1646335,27.5732018
47.1646335,27.5732018
47.1646335,27.5732018
47.1646335,27.5732018
47.1646335,27.5732018
47.1646335,27.5732018
47.1646335,27.5732018
47.1646335,27.5732018
47.1646335,27.5732018
47.1646335,27.5732018
47.1646335,27.5732018
47.1646335,27.5732018
47.1646335,27.5732018
47.1646335,27.5732018
47.1646335,27.5732018
47.1646335,27.5732018
47.1646335,27.5732018
47.1646335,27.5732018
47.1646335,27.5732018
47.1646335,27.5732018
